0,1,2,3,4,5,6,7,8,9,10,11,12,13,14,15,16,17,18,19,20,21,22,23,24,25,26,27,28,29,30,31,32,33,34,35,36,37,38,39,40,41,42,43,44,45,46,47,48,49,50,51,52,53,54,55,56,57,58,59,60,61,62,63,64,65,66,67,68,69,70,71,72,73,74,75,76,77,78,79,80,81,82,83,84,85,86,87,88,89,90,91,92,93,94,95,96,97,98,99,100,101,102,103,104,105,106,107,108,109,110,111,112,113,114,115,116,117,118,119,120,121,122,123,124,125,126,127,128,129,130,131,132,133,134,135,136,137,138,139,140,141,142,143,144,145,146,147,148,149,150,151,152,153,154,155,156,157,158,159,160,161,162,163,164,165,166,167,168,169,170,171,172,173,174,175,176,177,178,179,180,181,182,183,184,185,186,187,188,189,190,191,192,193,194,195,196,197,198,199,200,201,202,203,204,205,206,207,208,209,210,211,212,213,214,215,216,217,218,219,220,221,222,223,224,225,226,227,228,229,230,231,232,233,234,235,236,237,238,239,240,241,242,243,244,245,246,247,248,249,250,251,252,253,254,255,256,257,258,259,260,261,262,263,264,265,266,267,268,269,270,271,272,273,274,275,276,277,278,279,280,281,282,283,284,285,286,287,288,289,290,291,292,293,294,295,296,297,298,299,300,301,302,303,304,305,306,307,308,309,310,311,312,313,314,315,316,317,318,319,320,321,322,323,324,325,326,327,328,329,330,331,332,333,334,335,336,337,338,339,340,341,342,343,344,345,346,347,348,349,350,351,352,353,354,355,356,357,358,359,360,361,362,363,364,365,366,367,368,369,370,371,372,373,374,375,376,377,378,379,380,381,382,383,384,385,386,387,388,389,390,391,392,393,394,395,396,397,398,399,400,401,402,403,404,405,406,407,408,409,410,411,412,413,414,415,416,417,418,419,420,421,422,423,424,425,426,427,428,429,430,431,432,433,434,435,436,437,438,439,440,441,442,443,444,445,446,447,448,449,450,451,452,453,454,455,456,457,458,459,460,461,462,463,464,465,466,467,468,469,470,471,472,473,474,475,476,477,478,479,480,481,482,483,484,485,486,487,488,489,490,491,492,493,494,495,496,497,498,499,500,501,502,503,504,505,506,507,508,509,510,511,512,513,514,515,516,517,518,519,520,521,522,523,524,525,526,527,528,529,530,531,532,533,534,535,536,537,538,539,540,541,542,543,544,545,546,547,548,549,550,551,552,553,554,555,556,557,558,559,560,561,562,563,564,565,566,567,568,569,570,571,572,573,574,575,576,577,578,579,580,581,582,583,584,585,586,587,588,589,590,591,592,593,594,595,596,597,598,599,600,601,602,603,604,605,606,607,608,609,610,611,612,613,614,615,616,617,618,619,620,621,622,623,624,625,626,627,628,629,630,631,632,633,634,635,636,637,638,639,640,641,642,643,644,645,646,647,648,649,650,651,652,653,654,655,656,657,658,659,660,661,662,663,664,665,666,667,668,669,670,671,672,673,674,675,676,677,678,679,680,681,682,683,684,685,686,687,688,689,690,691,692,693,694,695,696,697,698,699,700,701,702,703,704,705,706,707,708,709,710,711,712,713,714,715,716,717,718,719,720,721,722,723,724,725,726,727,728,729,730,731,732,733,734,735,736,737,738,739,740,741,742,743,744,745,746,747,748,749,750,751,752,753,754,755,756,757,758,759,760,761,762,763,764,765,766,767,768,769,770,771,772,773,774,775,776,777,778,779,780,781,782,783,784,785,786,787,788,789,790,791,792,793,794,795,796,797,798,799,800,801,802,803,804,805,806,807,808,809,810,811,812,813,814,815,816,817,818,819,820,821,822,823,824,825,826,827,828,829,830,831,832,833,834,835,836,837,838,839,840,841,842,843,844,845,846,847,848,849,850,851,852,853,854,855,856,857,858,859,860,861,862,863,864,865,866,867,868,869,870,871,872,873,874,875,876,877,878,879,880,881,882,883,884,885,886,887,888,889,890,891,892,893,894,895,896,897,898,899,900,901,902,903,904,905,906,907,908,909,910,911,912,913,914,915,916,917,918,919,920,921,922,923,924,925,926,927,928,929,930,931,932,933,934,935,936,937,938,939,940,941,942,943,944,945,946,947,948,949,950,951,952,953,954,955,956,957,958,959,960,961,962,963,964,965,966,967,968,969,970,971,972,973,974,975,976,977,978,979,980,981,982,983,984,985,986,987,988,989,990,991,992,993,994,995,996,997,998,999,1000,1001,1002,1003,1004,1005,1006,1007,1008,1009,1010,1011,1012,1013,1014,1015,1016,1017,1018,1019,1020,1021,1022,1023,1024,1025,1026,1027,1028,1029,1030,1031,1032,1033,1034,1035,1036,1037,1038,1039,1040,1041,1042,1043,1044,1045,1046,1047,1048,1049,1050,1051,1052,1053,1054,1055,1056,1057,1058,1059,1060,1061,1062,1063,1064,1065,1066,1067,1068,1069,1070,1071,1072,1073,1074,1075,1076,1077,1078,1079,1080,1081,1082,1083,1084,1085,1086,1087,1088,1089,1090,1091,1092,1093,1094,1095,1096,1097,1098,1099,1100,1101,1102,1103,1104,1105,1106,1107,1108,1109,1110,1111,1112,1113,1114,1115,1116,1117,1118,1119,1120,1121,1122,1123,1124,1125,1126,1127,1128,1129,1130,1131,1132,1133,1134,1135,1136,1137,1138,1139,1140,1141,1142,1143,1144,1145,1146,1147,1148,1149,1150,1151,1152,1153,1154,1155,1156,1157,1158,1159,1160,1161,1162,1163,1164,1165,1166,1167,1168,1169,1170,1171,1172,1173,1174,1175,1176,1177,1178,1179,1180,1181,1182,1183,1184,1185,1186,1187,1188,1189,1190,1191,1192,1193,1194,1195,1196,1197,1198,1199,1200,1201,1202,1203,1204,1205,1206,1207,1208,1209,1210,1211,1212,1213,1214,1215,1216,1217,1218,1219,1220,1221,1222,1223,1224,1225,1226,1227,1228,1229,1230,1231,1232,1233,1234,1235,1236,1237,1238,1239,1240,1241,1242,1243,1244,1245,1246,1247,1248,1249,1250,1251,1252,1253,1254,1255,1256,1257,1258,1259,1260,1261,1262,1263,1264,1265,1266,1267,1268,1269,1270,1271,1272,1273,1274,1275,1276,1277,1278,1279,1280,1281,1282,1283,1284,1285,1286,1287,1288,1289,1290,1291,1292,1293,1294,1295,1296,1297,1298,1299,1300,1301,1302,1303,1304,1305,1306,1307,1308,1309,1310,1311,1312,1313,1314,1315,1316,1317,1318,1319,1320,1321,1322,1323,1324,1325,1326,1327,1328,1329,1330,1331,1332,1333,1334,1335,1336,1337,1338,1339,1340,1341,1342,1343,1344,1345,1346,1347,1348,1349,1350,1351,1352,1353,1354,1355,1356,1357,1358,1359,1360,1361,1362,1363,1364,1365,1366,1367,1368,1369,1370,1371,1372,1373,1374,1375,1376,1377,1378,1379,1380,1381,1382,1383,1384,1385,1386,1387,1388,1389,1390,1391,1392,1393,1394,1395,1396,1397,1398,1399,1400,1401,1402,1403,1404,1405,1406,1407,1408,1409,1410,1411,1412,1413,1414,1415,1416,1417,1418,1419,1420,1421,1422,1423,1424,1425,1426,1427,1428,1429,1430,1431,1432,1433,1434,1435,1436,1437,1438,1439,1440,1441,1442,1443,1444,1445,1446,1447,1448,1449,1450,1451,1452,1453,1454,1455,1456,1457,1458,1459,1460,1461,1462,1463,1464,1465,1466,1467,1468,1469,1470,1471,1472,1473,1474,1475,1476,1477,1478,1479,1480,1481,1482,1483,1484,1485,1486,1487,1488,1489,1490,1491,1492,1493,1494,1495,1496,1497,1498,1499,1500,1501,1502,1503,1504,1505,1506,1507,1508,1509,1510,1511,1512,1513,1514,1515,1516,1517,1518,1519,1520,1521,1522,1523,1524,1525,1526,1527,1528,1529,1530,1531,1532,1533,1534,1535,1536,1537,1538,1539,1540,1541,1542,1543,1544,1545,1546,1547,1548,1549,1550,1551,1552,1553,1554,1555,1556,1557,1558,1559,1560,1561,1562,1563,1564,1565,1566,1567,1568,1569,1570,1571,1572,1573,1574,1575,1576,1577,1578,1579,1580,1581,1582,1583,1584,1585,1586,1587,1588,1589,1590,1591,1592,1593,1594,1595,1596,1597,1598,1599,1600,1601,1602,1603,1604,1605,1606,1607,1608,1609,1610,1611,1612,1613,1614,1615,1616,1617,1618,1619,1620,1621,1622,1623,1624,1625,1626,1627,1628,1629,1630,1631,1632,1633,1634,1635,1636,1637,1638,1639,1640,1641,1642,1643,1644,1645,1646,1647,1648,1649,1650,1651,1652,1653,1654,1655,1656,1657,1658,1659,1660,1661,1662,1663,1664,1665,1666,1667,1668,1669,1670,1671,1672,1673,1674,1675,1676,1677,1678,1679,1680,1681,1682,1683,1684,1685,1686,1687,1688,1689,1690,1691,1692,1693,1694,1695,1696,1697,1698,1699,1700,1701,1702,1703,1704,1705,1706,1707,1708,1709,1710,1711,1712,1713,1714,1715,1716,1717,1718,1719,1720,1721,1722,1723,1724,1725,1726,1727,1728,1729,1730,1731,1732,1733,1734,1735,1736,1737,1738,1739,1740,1741,1742,1743,1744,1745,1746,1747,1748,1749,1750,1751,1752,1753,1754,1755,1756,1757,1758,1759,1760,1761,1762,1763,1764,1765,1766,1767,1768,1769,1770,1771,1772,1773,1774,1775,1776,1777,1778,1779,1780,1781,1782,1783,1784,1785,1786,1787,1788,1789,1790,1791,1792,1793,1794,1795,1796,1797,1798,1799,1800,1801,1802,1803,1804,1805,1806,1807,1808,1809,1810,1811,1812,1813,1814,1815,1816,1817,1818,1819,1820,1821,1822,1823,1824,1825,1826,1827,1828,1829,1830,1831,1832,1833,1834,1835,1836,1837,1838,1839,1840,1841,1842,1843,1844,1845,1846,1847,1848,1849,1850,1851,1852,1853,1854,1855,1856,1857,1858,1859,1860,1861,1862,1863,1864,1865,1866,1867,1868,1869,1870,1871,1872,1873,1874,1875,1876,1877,1878,1879,1880,1881,1882,1883,1884,1885,1886,1887,1888,1889,1890,1891,1892,1893,1894,1895,1896,1897,1898,1899,1900,1901,1902,1903,1904,1905,1906,1907,1908,1909,1910,1911,1912,1913,1914,1915,1916,1917,1918,1919,1920,1921,1922,1923,1924,1925,1926,1927,1928,1929,1930,1931,1932,1933,1934,1935,1936,1937,1938,1939,1940,1941,1942,1943,1944,1945,1946,1947,1948,1949,1950,1951,1952,1953,1954,1955,1956,1957,1958,1959,1960,1961,1962,1963,1964,1965,1966,1967,1968,1969,1970,1971,1972,1973,1974,1975,1976,1977,1978,1979,1980,1981,1982,1983,1984,1985,1986,1987,1988,1989,1990,1991,1992,1993,1994,1995,1996,1997,1998,1999,2000,2001,2002,2003,2004,2005,2006,2007,2008,2009,2010,2011,2012,2013,2014,2015,2016,2017,2018,2019,2020,2021,2022,2023,2024,2025,2026,2027,2028,2029,2030,2031,2032,2033,2034,2035,2036,2037,2038,2039,2040,2041,2042,2043,2044,2045,2046,2047,2048,2049,2050,2051,2052,2053,2054,2055,2056,2057,2058,2059,2060,2061,2062,2063,2064,2065,2066,2067,2068,2069,2070,2071,2072,2073,2074,2075,2076,2077,2078,2079,2080,2081,2082,2083,2084,2085,2086,2087,2088,2089,2090,2091,2092,2093,2094,2095,2096,2097,2098,2099,2100,2101,2102,2103,2104,2105,2106,2107,2108,2109,2110,2111,2112,2113,2114,2115,2116,2117,2118,2119,2120,2121,2122,2123,2124,2125,2126,2127,2128,2129,2130,2131,2132,2133,2134,2135,2136,2137,2138,2139,2140,2141,2142,2143,2144,2145,2146,2147,2148,2149,2150,2151,2152,2153,2154,2155,2156,2157,2158,2159,2160,2161,2162,2163,2164,2165,2166,2167,2168,2169,2170,2171,2172,2173,2174,2175,2176,2177,2178,2179,2180,2181,2182,2183,2184,2185,2186,2187,2188,2189,2190,2191,2192,2193,2194,2195,2196,2197,2198,2199,2200,2201,2202,2203,2204,2205,2206,2207,2208,2209,2210,2211,2212,2213,2214,2215,2216,2217,2218,2219,2220,2221,2222,2223,2224,2225,2226,2227,2228,2229,2230,2231,2232,2233,2234,2235,2236,2237,2238,2239,2240,2241,2242,2243,2244,2245,2246,2247,2248,2249,2250,2251,2252,2253,2254,2255,2256,2257,2258,2259,2260,2261,2262,2263,2264,2265,2266,2267,2268,2269,2270,2271,2272,2273,2274,2275,2276,2277,2278,2279,2280,2281,2282,2283,2284,2285,2286,2287,2288,2289,2290,2291,2292,2293,2294,2295,2296,2297,2298,2299,2300,2301,2302,2303,2304,2305,2306,2307,2308,2309,2310,2311,2312,2313,2314,2315,2316,2317,2318,2319,2320,2321,2322,2323,2324,2325,2326,2327,2328,2329,2330,2331,2332,2333,2334,2335,2336,2337,2338,2339,2340,2341,2342,2343,2344,2345,2346,2347,2348,2349,2350,2351,2352,2353,2354,2355,2356,2357,2358,2359,2360,2361,2362,2363,2364,2365,2366,2367,2368,2369,2370,2371,2372,2373,2374,2375,2376,2377,2378,2379,2380,2381,2382,2383,2384,2385,2386,2387,2388,2389,2390,2391,2392,2393,2394,2395,2396,2397,2398,2399,2400,2401,2402,2403,2404,2405,2406,2407,2408,2409,2410,2411,2412,2413,2414,2415,2416,2417,2418,2419,2420,2421,2422,2423,2424,2425,2426,2427,2428,2429,2430,2431,2432,2433,2434,2435,2436,2437,2438,2439,2440,2441,2442,2443,2444,2445,2446,2447,2448,2449,2450,2451,2452,2453,2454,2455,2456,2457,2458,2459,2460,2461,2462,2463,2464,2465,2466,2467,2468,2469,2470,2471,2472,2473,2474,2475,2476,2477,2478,2479,2480,2481,2482,2483,2484,2485,2486,2487,2488,2489,2490,2491,2492,2493,2494,2495,2496,2497,2498,2499,2500,2501,2502,2503,2504,2505,2506,2507,2508,2509,2510,2511,2512,2513,2514,2515,2516,2517,2518,2519,2520,2521,2522,2523,2524,2525,2526,2527,2528,2529,2530,2531,2532,2533,2534,2535,2536,2537,2538,2539,2540,2541,2542,2543,2544,2545,2546,2547,2548,2549,2550,2551,2552,2553,2554,2555,2556,2557,2558,2559,2560,2561,2562,2563,2564,2565,2566,2567,2568,2569,2570,2571,2572,2573,2574,2575,2576,2577,2578,2579,2580,2581,2582,2583,2584,2585,2586,2587,2588,2589,2590,2591,2592,2593,2594,2595,2596,2597,2598,2599,2600,2601,2602,2603,2604,2605,2606,2607,2608,2609,2610,2611,2612,2613,2614,2615,2616,2617,2618,2619,2620,2621,2622,2623,2624,2625,2626,2627,2628,2629,2630,2631,2632,2633,2634,2635,2636,2637,2638,2639,2640,2641,2642,2643,2644,2645,2646,2647,2648,2649,2650,2651,2652,2653,2654,2655,2656,2657,2658,2659,2660,2661,2662,2663,2664,2665,2666,2667,2668,2669,2670,2671,2672,2673,2674,2675,2676,2677,2678,2679,2680,2681,2682,2683,2684,2685,2686,2687,2688,2689,2690,2691,2692,2693,2694,2695,2696,2697,2698,2699,2700,2701,2702,2703,2704,2705,2706,2707,2708,2709,2710,2711,2712,2713,2714,2715,2716,2717,2718,2719,2720,2721,2722,2723,2724,2725,2726,2727,2728,2729,2730,2731,2732,2733,2734,2735,2736,2737,2738,2739,2740,2741,2742,2743,2744,2745,2746,2747,2748,2749,2750,2751,2752,2753,2754,2755,2756,2757,2758,2759,2760,2761,2762,2763,2764,2765,2766,2767,2768,2769,2770,2771,2772,2773,2774,2775,2776,2777,2778,2779,2780,2781,2782,2783,2784,2785,2786,2787,2788,2789,2790,2791,2792,2793,2794,2795,2796,2797,2798,2799,2800,2801,2802,2803,2804,2805,2806,2807,2808,2809,2810,2811,2812,2813,2814,2815,2816,2817,2818,2819,2820,2821,2822,2823,2824,2825,2826,2827,2828,2829,2830,2831,2832,2833,2834,2835,2836,2837,2838,2839,2840,2841,2842,2843,2844,2845,2846,2847,2848,2849,2850,2851,2852,2853,2854,2855,2856,2857,2858,2859,2860,2861,2862,2863,2864,2865,2866,2867,2868,2869,2870,2871,2872,2873,2874,2875,2876,2877,2878,2879,2880,2881,2882,2883,2884,2885,2886,2887,2888,2889,2890,2891,2892,2893,2894,2895,2896,2897,2898,2899,2900,2901,2902,2903,2904,2905,2906,2907,2908,2909,2910,2911,2912,2913,2914,2915,2916,2917,2918,2919,2920,2921,2922,2923,2924,2925,2926,2927,2928,2929,2930,2931,2932,2933,2934,2935,2936,2937,2938,2939,2940,2941,2942,2943,2944,2945,2946,2947,2948,2949,2950,2951,2952,2953,2954,2955,2956,2957,2958,2959,2960,2961,2962,2963,2964,2965,2966,2967,2968,2969,2970,2971,2972,2973,2974,2975,2976,2977,2978,2979,2980,2981,2982,2983,2984,2985,2986,2987,2988,2989,2990,2991,2992,2993,2994,2995,2996,2997,2998,2999,3000,3001,3002,3003,3004,3005,3006,3007,3008,3009,3010,3011,3012,3013,3014,3015,3016,3017,3018,3019,3020,3021,3022,3023,3024,3025,3026,3027,3028,3029,3030,3031,3032,3033,3034,3035,3036,3037,3038,3039,3040,3041,3042,3043,3044,3045,3046,3047,3048,3049,3050,3051,3052,3053,3054,3055,3056,3057,3058,3059,3060,3061,3062,3063,3064,3065,3066,3067,3068,3069,3070,3071,3072,3073,3074,3075,3076,3077,3078,3079,3080,3081,3082,3083,3084,3085,3086,3087,3088,3089,3090,3091,3092,3093,3094,3095,3096,3097,3098,3099,3100,3101,3102,3103,3104,3105,3106,3107,3108,3109,3110,3111,3112,3113,3114,3115,3116,3117,3118,3119,3120,3121,3122,3123,3124,3125,3126,3127,3128,3129,3130,3131,3132,3133,3134,3135,3136,3137,3138,3139,3140,3141,3142,3143,3144,3145,3146,3147,3148,3149,3150,3151,3152,3153,3154,3155,3156,3157,3158,3159,3160,3161,3162,3163,3164,3165,3166,3167,3168,3169,3170,3171,3172,3173,3174,3175,3176,3177,3178,3179,3180,3181,3182,3183,3184,3185,3186,3187,3188,3189,3190,3191,3192,3193,3194,3195,3196,3197,3198,3199,3200,3201,3202,3203,3204,3205,3206,3207,3208,3209,3210,3211,3212,3213,3214,3215,3216,3217,3218,3219,3220,3221,3222,3223,3224,3225,3226,3227,3228,3229,3230,3231,3232,3233,3234,3235,3236,3237,3238,3239,3240,3241,3242,3243,3244,3245,3246,3247,3248,3249,3250,3251,3252,3253,3254,3255,3256,3257,3258,3259,3260,3261,3262,3263,3264,3265,3266,3267,3268,3269,3270,3271,3272,3273,3274,3275,3276,3277,3278,3279,3280,3281,3282,3283,3284,3285,3286,3287,3288,3289,3290,3291,3292,3293,3294,3295,3296,3297,3298,3299,3300,3301,3302,3303,3304,3305,3306,3307,3308,3309,3310,3311,3312,3313,3314,3315,3316,3317,3318,3319,3320,3321,3322,3323,3324,3325,3326,3327,3328,3329,3330,3331,3332,3333,3334,3335,3336,3337,3338,3339,3340,3341,3342,3343,3344,3345,3346,3347,3348,3349,3350,3351,3352,3353,3354,3355,3356,3357,3358,3359,3360,3361,3362,3363,3364,3365,3366,3367,3368,3369,3370,3371,3372,3373,3374,3375,3376,3377,3378,3379,3380,3381,3382,3383,3384,3385,3386,3387,3388,3389,3390,3391,3392,3393,3394,3395,3396,3397,3398,3399,3400,3401,3402,3403,3404,3405,3406,3407,3408,3409,3410,3411,3412,3413,3414,3415,3416,3417,3418,3419,3420,3421,3422,3423,3424,3425,3426,3427,3428,3429,3430,3431,3432,3433,3434,3435,3436,3437,3438,3439,3440,3441,3442,3443,3444,3445,3446,3447,3448,3449,3450,3451,3452,3453,3454,3455,3456,3457,3458,3459,3460,3461,3462,3463,3464,3465,3466,3467,3468,3469,3470,3471,3472,3473,3474,3475,3476,3477,3478,3479,3480,3481,3482,3483,3484,3485,3486,3487,3488,3489,3490,3491,3492,3493,3494,3495,3496,3497,3498,3499,3500,3501,3502,3503,3504,3505,3506,3507,3508,3509,3510,3511,3512,3513,3514,3515,3516,3517,3518,3519,3520,3521,3522,3523,3524,3525,3526,3527,3528,3529,3530,3531,3532,3533,3534,3535,3536,3537,3538,3539,3540,3541,3542,3543,3544,3545,3546,3547,3548,3549,3550,3551,3552,3553,3554,3555,3556,3557,3558,3559,3560,3561,3562,3563,3564,3565,3566,3567,3568,3569,3570,3571,3572,3573,3574,3575,3576,3577,3578,3579,3580,3581,3582,3583,3584,3585,3586,3587,3588,3589,3590,3591,3592,3593,3594,3595,3596,3597,3598,3599,3600,3601,3602,3603,3604,3605,3606,3607,3608,3609,3610,3611,3612,3613,3614,3615,3616,3617,3618,3619,3620,3621,3622,3623,3624,3625,3626,3627,3628,3629,3630,3631,3632,3633,3634,3635,3636,3637,3638,3639,3640,3641,3642,3643,3644,3645,3646,3647,3648,3649,3650,3651,3652,3653,3654,3655,3656,3657,3658,3659,3660,3661,3662,3663,3664,3665,3666,3667,3668,3669,3670,3671,3672,3673,3674,3675,3676,3677,3678,3679,3680,3681,3682,3683,3684,3685,3686,3687,3688,3689,3690,3691,3692,3693,3694,3695,3696,3697,3698,3699,3700,3701,3702,3703,3704,3705,3706,3707,3708,3709,3710,3711,3712,3713,3714,3715,3716,3717,3718,3719,3720,3721,3722,3723,3724,3725,3726,3727,3728,3729,3730,3731,3732,3733,3734,3735,3736,3737,3738,3739,3740,3741,3742,3743,3744,3745,3746,3747,3748,3749,3750,3751,3752,3753,3754,3755,3756,3757,3758,3759,3760,3761,3762,3763,3764,3765,3766,3767,3768,3769,3770,3771,3772,3773,3774,3775,3776,3777,3778,3779,3780,3781,3782,3783,3784,3785,3786,3787,3788,3789,3790,3791,3792,3793,3794,3795,3796,3797,3798,3799,3800,3801,3802,3803,3804,3805,3806,3807,3808,3809,3810,3811,3812,3813,3814,3815,3816,3817,3818,3819,3820,3821,3822,3823,3824,3825,3826,3827,3828,3829,3830,3831,3832,3833,3834,3835,3836,3837,3838,3839,3840,3841,3842,3843,3844,3845,3846,3847,3848,3849,3850,3851,3852,3853,3854,3855,3856,3857,3858,3859,3860,3861,3862,3863,3864,3865,3866,3867,3868,3869,3870,3871,3872,3873,3874,3875,3876,3877,3878,3879,3880,3881,3882,3883,3884,3885,3886,3887,3888,3889,3890,3891,3892,3893,3894,3895,3896,3897,3898,3899,3900,3901,3902,3903,3904,3905,3906,3907,3908,3909,3910,3911,3912,3913,3914,3915,3916,3917,3918,3919,3920,3921,3922,3923,3924,3925,3926,3927,3928,3929,3930,3931,3932,3933,3934,3935,3936,3937,3938,3939,3940,3941,3942,3943,3944,3945,3946,3947,3948,3949,3950,3951,3952,3953,3954,3955,3956,3957,3958,3959,3960,3961,3962,3963,3964,3965,3966,3967,3968,3969,3970,3971,3972,3973,3974,3975,3976,3977,3978,3979,3980,3981,3982,3983,3984,3985,3986,3987,3988,3989,3990,3991,3992,3993,3994,3995,3996,3997,3998,3999,4000,4001,4002,4003,4004,4005,4006,4007,4008,4009,4010,4011,4012,4013,4014,4015,4016,4017,4018,4019,4020,4021,4022,4023,4024,4025,4026,4027,4028,4029,4030,4031,4032,4033,4034,4035,4036,4037,4038,4039,4040,4041,4042,4043,4044,4045,4046,4047,4048,4049,4050,4051,4052,4053,4054,4055,4056,4057,4058,4059,4060,4061,4062,4063,4064,4065,4066,4067,4068,4069,4070,4071,4072,4073,4074,4075,4076,4077,4078,4079,4080,4081,4082,4083,4084,4085,4086,4087,4088,4089,4090,4091,4092,4093,4094,4095,4096,4097,4098,4099,4100,4101,4102,4103,4104,4105,4106,4107,4108,4109,4110,4111,4112,4113,4114,4115,4116,4117,4118,4119,4120,4121,4122,4123,4124,4125,4126,4127,4128,4129,4130,4131,4132,4133,4134,4135,4136,4137,4138,4139,4140,4141,4142,4143,4144,4145,4146,4147,4148,4149,4150,4151,4152,4153,4154,4155,4156,4157,4158,4159,4160,4161,4162,4163,4164,4165,4166,4167,4168,4169,4170,4171,4172,4173,4174,4175,4176,4177,4178,4179,4180,4181,4182,4183,4184,4185,4186,4187,4188,4189,4190,4191,4192,4193,4194,4195,4196,4197,4198,4199,4200,4201,4202,4203,4204,4205,4206,4207,4208,4209,4210,4211,4212,4213,4214,4215,4216,4217,4218,4219,4220,4221,4222,4223,4224,4225,4226,4227,4228,4229,4230,4231,4232,4233,4234,4235,4236,4237,4238,4239,4240,4241,4242,4243,4244,4245,4246,4247,4248,4249,4250,4251,4252,4253,4254,4255,4256,4257,4258,4259,4260,4261,4262,4263,4264,4265,4266,4267,4268,4269,4270,4271,4272,4273,4274,4275,4276,4277,4278,4279,4280,4281,4282,4283,4284,4285,4286,4287,4288,4289,4290,4291,4292,4293,4294,4295,4296,4297,4298,4299,4300,4301,4302,4303,4304,4305,4306,4307,4308,4309,4310,4311,4312,4313,4314,4315,4316,4317,4318,4319,4320,4321,4322,4323,4324,4325,4326,4327,4328,4329,4330,4331,4332,4333,4334,4335,4336,4337,4338,4339,4340,4341,4342,4343,4344,4345,4346,4347,4348,4349,4350,4351,4352,4353,4354,4355,4356,4357,4358,4359,4360,4361,4362,4363,4364,4365,4366,4367,4368,4369,4370,4371,4372,4373,4374,4375,4376,4377,4378,4379,4380,4381,4382,4383,4384,4385,4386,4387,4388,4389,4390,4391,4392,4393,4394,4395,4396,4397,4398,4399,4400,4401,4402,4403,4404,4405,4406,4407,4408,4409,4410,4411,4412,4413,4414,4415,4416,4417,4418,4419,4420,4421,4422,4423,4424,4425,4426,4427,4428,4429,4430,4431,4432,4433,4434,4435,4436,4437,4438,4439,4440,4441,4442,4443,4444,4445,4446,4447,4448,4449,4450,4451,4452,4453,4454,4455,4456,4457,4458,4459,4460,4461,4462,4463,4464,4465,4466,4467,4468,4469,4470,4471,4472,4473,4474,4475,4476,4477,4478,4479,4480,4481,4482,4483,4484,4485,4486,4487,4488,4489,4490,4491,4492,4493,4494,4495,4496,4497,4498,4499,4500,4501,4502,4503,4504,4505,4506,4507,4508,4509,4510,4511,4512,4513,4514,4515,4516,4517,4518,4519,4520,4521,4522,4523,4524,4525,4526,4527,4528,4529,4530,4531,4532,4533,4534,4535,4536,4537,4538,4539,4540,4541,4542,4543,4544,4545,4546,4547,4548,4549,4550,4551,4552,4553,4554,4555,4556,4557,4558,4559,4560,4561,4562,4563,4564,4565,4566,4567,4568,4569,4570,4571,4572,4573,4574,4575,4576,4577,4578,4579,4580,4581,4582,4583,4584,4585,4586,4587,4588,4589,4590,4591,4592,4593,4594,4595,4596,4597,4598,4599,4600,4601,4602,4603,4604,4605,4606,4607,4608,4609,4610,4611,4612,4613,4614,4615,4616,4617,4618,4619,4620,4621,4622,4623,4624,4625,4626,4627,4628,4629,4630,4631,4632,4633,4634,4635,4636,4637,4638,4639,4640,4641,4642,4643,4644,4645,4646,4647,4648,4649,4650,4651,4652,4653,4654,4655,4656,4657,4658,4659,4660,4661,4662,4663,4664,4665,4666,4667,4668,4669,4670,4671,4672,4673,4674,4675,4676,4677,4678,4679,4680,4681,4682,4683,4684,4685,4686,4687,4688,4689,4690,4691,4692,4693,4694,4695,4696,4697,4698,4699,4700,4701,4702,4703,4704,4705,4706,4707,4708,4709,4710,4711,4712,4713,4714,4715,4716,4717,4718,4719,4720,4721,4722,4723,4724,4725,4726,4727,4728,4729,4730,4731,4732,4733,4734,4735,4736,4737,4738,4739,4740,4741,4742,4743,4744,4745,4746,4747,4748,4749,4750,4751,4752,4753,4754,4755,4756,4757,4758,4759,4760,4761,4762,4763,4764,4765,4766,4767,4768,4769,4770,4771,4772,4773,4774,4775,4776,4777,4778,4779,4780,4781,4782,4783,4784,4785,4786,4787,4788,4789,4790,4791,4792,4793,4794,4795,4796,4797,4798,4799,4800,4801,4802,4803,4804,4805,4806,4807,4808,4809,4810,4811,4812,4813,4814,4815,4816,4817,4818,4819,4820,4821,4822,4823,4824,4825,4826,4827,4828,4829,4830,4831,4832,4833,4834,4835,4836,4837,4838,4839,4840,4841,4842,4843,4844,4845,4846,4847,4848,4849,4850,4851,4852,4853,4854,4855,4856,4857,4858,4859,4860,4861,4862,4863,4864,4865,4866,4867,4868,4869,4870,4871,4872,4873,4874,4875,4876,4877,4878,4879,4880,4881,4882,4883,4884,4885,4886,4887,4888,4889,4890,4891,4892,4893,4894,4895,4896,4897,4898,4899,4900,4901,4902,4903,4904,4905,4906,4907,4908,4909,4910,4911,4912,4913,4914,4915,4916,4917,4918,4919,4920,4921,4922,4923,4924,4925,4926,4927,4928,4929,4930,4931,4932,4933,4934,4935,4936,4937,4938,4939,4940,4941,4942,4943,4944,4945,4946,4947,4948,4949,4950,4951,4952,4953,4954,4955,4956,4957,4958,4959,4960,4961,4962,4963,4964,4965,4966,4967,4968,4969,4970,4971,4972,4973,4974,4975,4976,4977,4978,4979,4980,4981,4982,4983,4984,4985,4986,4987,4988,4989,4990,4991,4992,4993,4994,4995,4996,4997,4998,4999,5000,5001,5002,5003,5004,5005,5006,5007,5008,5009,5010,5011,5012,5013,5014,5015,5016,5017,5018,5019,5020,5021,5022,5023,5024,5025,5026,5027,5028,5029,5030,5031,5032,5033,5034,5035,5036,5037,5038,5039,5040,5041,5042,5043,5044,5045,5046,5047,5048,5049,5050,5051,5052,5053,5054,5055,5056,5057,5058,5059,5060,5061,5062,5063,5064,5065,5066,5067,5068,5069,5070,5071,5072,5073,5074,5075,5076,5077,5078,5079,5080,5081,5082,5083,5084,5085,5086,5087,5088,5089,5090,5091,5092,5093,5094,5095,5096,5097,5098,5099,5100,5101,5102,5103,5104,5105,5106,5107,5108,5109,5110,5111,5112,5113,5114,5115,5116,5117,5118,5119,5120,5121,5122,5123,5124,5125,5126,5127,5128,5129,5130,5131,5132,5133,5134,5135,5136,5137,5138,5139,5140,5141,5142,5143,5144,5145,5146,5147,5148,5149,5150,5151,5152,5153,5154,5155,5156,5157,5158,5159,5160,5161,5162,5163,5164,5165,5166,5167,5168,5169,5170,5171,5172,5173,5174,5175,5176,5177,5178,5179,5180,5181,5182,5183,5184,5185,5186,5187,5188,5189,5190,5191,5192,5193,5194,5195,5196,5197,5198,5199,5200,5201,5202,5203,5204,5205,5206,5207,5208,5209,5210,5211,5212,5213,5214,5215,5216,5217,5218,5219,5220,5221,5222,5223,5224,5225,5226,5227,5228,5229,5230,5231,5232,5233,5234,5235,5236,5237,5238,5239,5240,5241,5242,5243,5244,5245,5246,5247,5248,5249,5250,5251,5252,5253,5254,5255,5256,5257,5258,5259,5260,5261,5262,5263,5264,5265,5266,5267,5268,5269,5270,5271,5272,5273,5274,5275,5276,5277,5278,5279,5280,5281,5282,5283,5284,5285,5286,5287,5288,5289,5290,5291,5292,5293,5294,5295,5296,5297,5298,5299,5300,5301,5302,5303,5304,5305,5306,5307,5308,5309,5310,5311,5312,5313,5314,5315,5316,5317,5318,5319,5320,5321,5322,5323,5324,5325,5326,5327,5328,5329,5330,5331,5332,5333,5334,5335,5336,5337,5338,5339,5340,5341,5342,5343,5344,5345,5346,5347,5348,5349,5350,5351,5352,5353,5354,5355,5356,5357,5358,5359,5360,5361,5362,5363,5364,5365,5366,5367,5368,5369,5370,5371,5372,5373,5374,5375,5376,5377,5378,5379,5380,5381,5382,5383,5384,5385,5386,5387,5388,5389,5390,5391,5392,5393,5394,5395,5396,5397,5398,5399,5400,5401,5402,5403,5404,5405,5406,5407,5408,5409,5410,5411,5412,5413,5414,5415,5416,5417,5418,5419,5420,5421,5422,5423,5424,5425,5426,5427,5428,5429,5430,5431,5432,5433,5434,5435,5436,5437,5438,5439,5440,5441,5442,5443,5444,5445,5446,5447,5448,5449,5450,5451,5452,5453,5454,5455,5456,5457,5458,5459,5460,5461,5462,5463,5464,5465,5466,5467,5468,5469,5470,5471,5472,5473,5474,5475,5476,5477,5478,5479,5480,5481,5482,5483,5484,5485,5486,5487,5488,5489,5490,5491,5492,5493,5494,5495,5496,5497,5498,5499,5500,5501,5502,5503,5504,5505,5506,5507,5508,5509,5510,5511,5512,5513,5514,5515,5516,5517,5518,5519,5520,5521,5522,5523,5524,5525,5526,5527,5528,5529,5530,5531,5532,5533,5534,5535,5536,5537,5538,5539,5540,5541,5542,5543,5544,5545,5546,5547,5548,5549,5550,5551,5552,5553,5554,5555,5556,5557,5558,5559,5560,5561,5562,5563,5564,5565,5566,5567,5568,5569,5570,5571,5572,5573,5574,5575,5576,5577,5578,5579,5580,5581,5582,5583,5584,5585,5586,5587,5588,5589,5590,5591,5592,5593,5594,5595,5596,5597,5598,5599,5600,5601,5602,5603,5604,5605,5606,5607,5608,5609,5610,5611,5612,5613,5614,5615,5616,5617,5618,5619,5620,5621,5622,5623,5624,5625,5626,5627,5628,5629,5630,5631,5632,5633,5634,5635,5636,5637,5638,5639,5640,5641,5642,5643,5644,5645,5646,5647,5648,5649,5650,5651,5652,5653,5654,5655,5656,5657,5658,5659,5660,5661,5662,5663,5664,5665,5666,5667,5668,5669,5670,5671,5672,5673,5674,5675,5676,5677,5678,5679,5680,5681,5682,5683,5684,5685,5686,5687,5688,5689,5690,5691,5692,5693,5694,5695,5696,5697,5698,5699,5700,5701,5702,5703,5704,5705,5706,5707,5708,5709,5710,5711,5712,5713,5714,5715,5716,5717,5718,5719,5720,5721,5722,5723,5724,5725,5726,5727,5728,5729,5730,5731,5732,5733,5734,5735,5736,5737,5738,5739,5740,5741,5742,5743,5744,5745,5746,5747,5748,5749,5750,5751,5752,5753,5754,5755,5756,5757,5758,5759,5760,5761,5762,5763,5764,5765,5766,5767,5768,5769,5770,5771,5772,5773,5774,5775,5776,5777,5778,5779,5780,5781,5782,5783,5784,5785,5786,5787,5788,5789,5790,5791,5792,5793,5794,5795,5796,5797,5798,5799,5800,5801,5802,5803,5804,5805,5806,5807,5808,5809,5810,5811,5812,5813,5814,5815,5816,5817,5818,5819,5820,5821,5822,5823,5824,5825,5826,5827,5828,5829,5830,5831,5832,5833,5834,5835,5836,5837,5838,5839,5840,5841,5842,5843,5844,5845,5846,5847,5848,5849,5850,5851,5852,5853,5854,5855,5856,5857,5858,5859,5860,5861,5862,5863,5864,5865,5866,5867,5868,5869,5870,5871,5872,5873,5874,5875,5876,5877,5878,5879,5880,5881,5882,5883,5884,5885,5886,5887,5888,5889,5890,5891,5892,5893,5894,5895,5896,5897,5898,5899,5900,5901,5902,5903,5904,5905,5906,5907,5908,5909,5910,5911,5912,5913,5914,5915,5916,5917,5918,5919,5920,5921,5922,5923,5924,5925,5926,5927,5928,5929,5930,5931,5932,5933,5934,5935,5936,5937,5938,5939,5940,5941,5942,5943,5944,5945,5946,5947,5948,5949,5950,5951,5952,5953,5954,5955,5956,5957,5958,5959,5960,5961,5962,5963,5964,5965,5966,5967,5968,5969,5970,5971,5972,5973,5974,5975,5976,5977,5978,5979,5980,5981,5982,5983,5984,5985,5986,5987,5988,5989,5990,5991,5992,5993,5994,5995,5996,5997,5998,5999,6000,6001,6002,6003,6004,6005,6006,6007,6008,6009,6010,6011,6012,6013,6014,6015,6016,6017,6018,6019,6020,6021,6022,6023,6024,6025,6026,6027,6028,6029,6030,6031,6032,6033,6034,6035,6036,6037,6038,6039,6040,6041,6042,6043,6044,6045,6046,6047,6048,6049,6050,6051,6052,6053,6054,6055,6056,6057,6058,6059,6060,6061,6062,6063,6064,6065,6066,6067,6068,6069,6070,6071,6072,6073,6074,6075,6076,6077,6078,6079,6080,6081,6082,6083,6084,6085,6086,6087,6088,6089,6090,6091,6092,6093,6094,6095,6096,6097,6098,6099,6100,6101,6102,6103,6104,6105,6106,6107,6108,6109,6110,6111,6112,6113,6114,6115,6116,6117,6118,6119,6120,6121,6122,6123,6124,6125,6126,6127,6128,6129,6130,6131,6132,6133,6134,6135,6136,6137,6138,6139,6140,6141,6142,6143,6144,6145,6146,6147,6148,6149,6150,6151,6152,6153,6154,6155,6156,6157,6158,6159,6160,6161,6162,6163,6164,6165,6166,6167,6168,6169,6170,6171,6172,6173,6174,6175,6176,6177,6178,6179,6180,6181,6182,6183,6184,6185,6186,6187,6188,6189,6190,6191,6192,6193,6194,6195,6196,6197,6198,6199,6200,6201,6202,6203,6204,6205,6206,6207,6208,6209,6210,6211,6212,6213,6214,6215,6216,6217,6218,6219,6220,6221,6222,6223,6224,6225,6226,6227,6228,6229,6230,6231,6232,6233,6234,6235,6236,6237,6238,6239,6240,6241,6242,6243,6244,6245,6246,6247,6248,6249,6250,6251,6252,6253,6254,6255,6256,6257,6258,6259,6260,6261,6262,6263,6264,6265,6266,6267,6268,6269,6270,6271,6272,6273,6274,6275,6276,6277,6278,6279,6280,6281,6282,6283,6284,6285,6286,6287,6288,6289,6290,6291,6292,6293,6294,6295,6296,6297,6298,6299,6300,6301,6302,6303,6304,6305,6306,6307,6308,6309,6310,6311,6312,6313,6314,6315,6316,6317,6318,6319,6320,6321,6322,6323,6324,6325,6326,6327,6328,6329,6330,6331,6332,6333,6334,6335,6336,6337,6338,6339,6340,6341,6342,6343,6344,6345,6346,6347,6348,6349,6350,6351,6352,6353,6354,6355,6356,6357,6358,6359,6360,6361,6362,6363,6364,6365,6366,6367,6368,6369,6370,6371,6372,6373,6374,6375,6376,6377,6378,6379,6380,6381,6382,6383,6384,6385,6386,6387,6388,6389,6390,6391,6392,6393,6394,6395,6396,6397,6398,6399,6400,6401,6402,6403,6404,6405,6406,6407,6408,6409,6410,6411,6412,6413,6414,6415,6416,6417,6418,6419,6420,6421,6422,6423,6424,6425,6426,6427,6428,6429,6430,6431,6432,6433,6434,6435,6436,6437,6438,6439,6440,6441,6442,6443,6444,6445,6446,6447,6448,6449,6450,6451,6452,6453,6454,6455,6456,6457,6458,6459,6460,6461,6462,6463,6464,6465,6466,6467,6468,6469,6470,6471,6472,6473,6474,6475,6476,6477,6478,6479,6480,6481,6482,6483,6484,6485,6486,6487,6488,6489,6490,6491,6492,6493,6494,6495,6496,6497,6498,6499,6500,6501,6502,6503,6504,6505,6506,6507,6508,6509,6510,6511,6512,6513,6514,6515,6516,6517,6518,6519,6520,6521,6522,6523,6524,6525,6526,6527,6528,6529,6530,6531,6532,6533,6534,6535,6536,6537,6538,6539,6540,6541,6542,6543,6544,6545,6546,6547,6548,6549,6550,6551,6552,6553,6554,6555,6556,6557,6558,6559,6560,6561,6562,6563,6564,6565,6566,6567,6568,6569,6570,6571,6572,6573,6574,6575,6576,6577,6578,6579,6580,6581,6582,6583,6584,6585,6586,6587,6588,6589,6590,6591,6592,6593,6594,6595,6596,6597,6598,6599,6600,6601,6602,6603,6604,6605,6606,6607,6608,6609,6610,6611,6612,6613,6614,6615,6616,6617,6618,6619,6620,6621,6622,6623,6624,6625,6626,6627,6628,6629,6630,6631,6632,6633,6634,6635,6636,6637,6638,6639,6640,6641,6642,6643,6644,6645,6646,6647,6648,6649,6650,6651,6652,6653,6654,6655,6656,6657,6658,6659,6660,6661,6662,6663,6664,6665,6666,6667,6668,6669,6670,6671,6672,6673,6674,6675,6676,6677,6678,6679,6680,6681,6682,6683,6684,6685,6686,6687,6688,6689,6690,6691,6692,6693,6694,6695,6696,6697,6698,6699,6700,6701,6702,6703,6704,6705,6706,6707,6708,6709,6710,6711,6712,6713,6714,6715,6716,6717,6718,6719,6720,6721,6722,6723,6724,6725,6726,6727,6728,6729,6730,6731,6732,6733,6734,6735,6736,6737,6738,6739,6740,6741,6742,6743,6744,6745,6746,6747,6748,6749,6750,6751,6752,6753,6754,6755,6756,6757,6758,6759,6760,6761,6762,6763,6764,6765,6766,6767,6768,6769,6770,6771,6772,6773,6774,6775,6776,6777,6778,6779,6780,6781,6782,6783,6784,6785,6786,6787,6788,6789,6790,6791,6792,6793,6794,6795,6796,6797,6798,6799,6800,6801,6802,6803,6804,6805,6806,6807,6808,6809,6810,6811,6812,6813,6814,6815,6816,6817,6818,6819,6820,6821,6822,6823,6824,6825,6826,6827,6828,6829,6830,6831,6832,6833,6834,6835,6836,6837,6838,6839,6840,6841,6842,6843,6844,6845,6846,6847,6848,6849,6850,6851,6852,6853,6854,6855,6856,6857,6858,6859,6860,6861,6862,6863,6864,6865,6866,6867,6868,6869,6870,6871,6872,6873,6874,6875,6876,6877,6878,6879,6880,6881,6882,6883,6884,6885,6886,6887,6888,6889,6890,6891,6892,6893,6894,6895,6896,6897,6898,6899,6900,6901,6902,6903,6904,6905,6906,6907,6908,6909,6910,6911,6912,6913,6914,6915,6916,6917,6918,6919,6920,6921,6922,6923,6924,6925,6926,6927,6928,6929,6930,6931,6932,6933,6934,6935,6936,6937,6938,6939,6940,6941,6942,6943,6944,6945,6946,6947,6948,6949,6950,6951,6952,6953,6954,6955,6956,6957,6958,6959,6960,6961,6962,6963,6964,6965,6966,6967,6968,6969,6970,6971,6972,6973,6974,6975,6976,6977,6978,6979,6980,6981,6982,6983,6984,6985,6986,6987,6988,6989,6990,6991,6992,6993,6994,6995,6996,6997,6998,6999,7000,7001,7002,7003,7004,7005,7006,7007,7008,7009,7010,7011,7012,7013,7014,7015,7016,7017,7018,7019,7020,7021,7022,7023,7024,7025,7026,7027,7028,7029,7030,7031,7032,7033,7034,7035,7036,7037,7038,7039,7040,7041,7042,7043,7044,7045,7046,7047,7048,7049,7050,7051,7052,7053,7054,7055,7056,7057,7058,7059,7060,7061,7062,7063,7064,7065,7066,7067,7068,7069,7070,7071,7072,7073,7074,7075,7076,7077,7078,7079,7080,7081,7082,7083,7084,7085,7086,7087,7088,7089,7090,7091,7092,7093,7094,7095,7096,7097,7098,7099,7100,7101,7102,7103,7104,7105,7106,7107,7108,7109,7110,7111,7112,7113,7114,7115,7116,7117,7118,7119,7120,7121,7122,7123,7124,7125,7126,7127,7128,7129,7130,7131,7132,7133,7134,7135,7136,7137,7138,7139,7140,7141,7142,7143,7144,7145,7146,7147,7148,7149,7150,7151,7152,7153,7154,7155,7156,7157,7158,7159,7160,7161,7162,7163,7164,7165,7166,7167,7168,7169,7170,7171,7172,7173,7174,7175,7176,7177,7178,7179,7180,7181,7182,7183,7184,7185,7186,7187,7188,7189,7190,7191,7192,7193,7194,7195,7196,7197,7198,7199,7200,7201,7202,7203,7204,7205,7206,7207,7208,7209,7210,7211,7212,7213,7214,7215,7216,7217,7218,7219,7220,7221,7222,7223,7224,7225,7226,7227,7228,7229,7230,7231,7232,7233,7234,7235,7236,7237,7238,7239,7240,7241,7242,7243,7244,7245,7246,7247,7248,7249,7250,7251,7252,7253,7254,7255,7256,7257,7258,7259,7260,7261,7262,7263,7264,7265,7266,7267,7268,7269,7270,7271,7272,7273,7274,7275,7276,7277,7278,7279,7280,7281,7282,7283,7284,7285,7286,7287,7288,7289,7290,7291,7292,7293,7294,7295,7296,7297,7298,7299,7300,7301,7302,7303,7304,7305,7306,7307,7308,7309,7310,7311,7312,7313,7314,7315,7316,7317,7318,7319,7320,7321,7322,7323,7324,7325,7326,7327,7328,7329,7330,7331,7332,7333,7334,7335,7336,7337,7338,7339,7340,7341,7342,7343,7344,7345,7346,7347,7348,7349,7350,7351,7352,7353,7354,7355,7356,7357,7358,7359,7360,7361,7362,7363,7364,7365,7366,7367,7368,7369,7370,7371,7372,7373,7374,7375,7376,7377,7378,7379,7380,7381,7382,7383,7384,7385,7386,7387,7388,7389,7390,7391,7392,7393,7394,7395,7396,7397,7398,7399,7400,7401,7402,7403,7404,7405,7406,7407,7408,7409,7410,7411,7412,7413,7414,7415,7416,7417,7418,7419,7420,7421,7422,7423,7424,7425,7426,7427,7428,7429,7430,7431,7432,7433,7434,7435,7436,7437,7438,7439,7440,7441,7442,7443,7444,7445,7446,7447,7448,7449,7450,7451,7452,7453,7454,7455,7456,7457,7458,7459,7460,7461,7462,7463,7464,7465,7466,7467,7468,7469,7470,7471,7472,7473,7474,7475,7476,7477,7478,7479,7480,7481,7482,7483,7484,7485,7486,7487,7488,7489,7490,7491,7492,7493,7494,7495,7496,7497,7498,7499,7500,7501,7502,7503,7504,7505,7506,7507,7508,7509,7510,7511,7512,7513,7514,7515,7516,7517,7518,7519,7520,7521,7522,7523,7524,7525,7526,7527,7528,7529,7530,7531,7532,7533,7534,7535,7536,7537,7538,7539,7540,7541,7542,7543,7544,7545,7546,7547,7548,7549,7550,7551,7552,7553,7554,7555,7556,7557,7558,7559,7560,7561,7562,7563,7564,7565,7566,7567,7568,7569,7570,7571,7572,7573,7574,7575,7576,7577,7578,7579,7580,7581,7582,7583,7584,7585,7586,7587,7588,7589,7590,7591,7592,7593,7594,7595,7596,7597,7598,7599,7600,7601,7602,7603,7604,7605,7606,7607,7608,7609,7610,7611,7612,7613,7614,7615,7616,7617,7618,7619,7620,7621,7622,7623,7624,7625,7626,7627,7628,7629,7630,7631,7632,7633,7634,7635,7636,7637,7638,7639,7640,7641,7642,7643,7644,7645,7646,7647,7648,7649,7650,7651,7652,7653,7654,7655,7656,7657,7658,7659,7660,7661,7662,7663,7664,7665,7666,7667,7668,7669,7670,7671,7672,7673,7674,7675,7676,7677,7678,7679,7680,7681,7682,7683,7684,7685,7686,7687,7688,7689,7690,7691,7692,7693,7694,7695,7696,7697,7698,7699,7700,7701,7702,7703,7704,7705,7706,7707,7708,7709,7710,7711,7712,7713,7714,7715,7716,7717,7718,7719,7720,7721,7722,7723,7724,7725,7726,7727,7728,7729,7730,7731,7732,7733,7734,7735,7736,7737,7738,7739,7740,7741,7742,7743,7744,7745,7746,7747,7748,7749,7750,7751,7752,7753,7754,7755,7756,7757,7758,7759,7760,7761,7762,7763,7764,7765,7766,7767,7768,7769,7770,7771,7772,7773,7774,7775,7776,7777,7778,7779,7780,7781,7782,7783,7784,7785,7786,7787,7788,7789,7790,7791,7792,7793,7794,7795,7796,7797,7798,7799,7800,7801,7802,7803,7804,7805,7806,7807,7808,7809,7810,7811,7812,7813,7814,7815,7816,7817,7818,7819,7820,7821,7822,7823,7824,7825,7826,7827,7828,7829,7830,7831,7832,7833,7834,7835,7836,7837,7838,7839,7840,7841,7842,7843,7844,7845,7846,7847,7848,7849,7850,7851,7852,7853,7854,7855,7856,7857,7858,7859,7860,7861,7862,7863,7864,7865,7866,7867,7868,7869,7870,7871,7872,7873,7874,7875,7876,7877,7878,7879,7880,7881,7882,7883,7884,7885,7886,7887,7888,7889,7890,7891,7892,7893,7894,7895,7896,7897,7898,7899,7900,7901,7902,7903,7904,7905,7906,7907,7908,7909,7910,7911,7912,7913,7914,7915,7916,7917,7918,7919,7920,7921,7922,7923,7924,7925,7926,7927,7928,7929,7930,7931,7932,7933,7934,7935,7936,7937,7938,7939,7940,7941,7942,7943,7944,7945,7946,7947,7948,7949,7950,7951,7952,7953,7954,7955,7956,7957,7958,7959,7960,7961,7962,7963,7964,7965,7966,7967,7968,7969,7970,7971,7972,7973,7974,7975,7976,7977,7978,7979,7980,7981,7982,7983,7984,7985,7986,7987,7988,7989,7990,7991,7992,7993,7994,7995,7996,7997,7998,7999,8000,8001,8002,8003,8004,8005,8006,8007,8008,8009,8010,8011,8012,8013,8014,8015,8016,8017,8018,8019,8020,8021,8022,8023,8024,8025,8026,8027,8028,8029,8030,8031,8032,8033,8034,8035,8036,8037,8038,8039,8040,8041,8042,8043,8044,8045,8046,8047,8048,8049,8050,8051,8052,8053,8054,8055,8056,8057,8058,8059,8060,8061,8062,8063,8064,8065,8066,8067,8068,8069,8070,8071,8072,8073,8074,8075,8076,8077,8078,8079,8080,8081,8082,8083,8084,8085,8086,8087,8088,8089,8090,8091,8092,8093,8094,8095,8096,8097,8098,8099,8100,8101,8102,8103,8104,8105,8106,8107,8108,8109,8110,8111,8112,8113,8114,8115,8116,8117,8118,8119,8120,8121,8122,8123,8124,8125,8126,8127,8128,8129,8130,8131,8132,8133,8134,8135,8136,8137,8138,8139,8140,8141,8142,8143,8144,8145,8146,8147,8148,8149,8150,8151,8152,8153,8154,8155,8156,8157,8158,8159,8160,8161,8162,8163,8164,8165,8166,8167,8168,8169,8170,8171,8172,8173,8174,8175,8176,8177,8178,8179,8180,8181,8182,8183,8184,8185,8186,8187,8188,8189,8190,8191,8192,8193,8194,8195,8196,8197,8198,8199,8200,8201,8202,8203,8204,8205,8206,8207,8208,8209,8210,8211,8212,8213,8214,8215,8216,8217,8218,8219,8220,8221,8222,8223,8224,8225,8226,8227,8228,8229,8230,8231,8232,8233,8234,8235,8236,8237,8238,8239,8240,8241,8242,8243,8244,8245,8246,8247,8248,8249,8250,8251,8252,8253,8254,8255,8256,8257,8258,8259,8260,8261,8262,8263,8264,8265,8266,8267,8268,8269,8270,8271,8272,8273,8274,8275,8276,8277,8278,8279,8280,8281,8282,8283,8284,8285,8286,8287,8288,8289,8290,8291,8292,8293,8294,8295,8296,8297,8298,8299,8300,8301,8302,8303,8304,8305,8306,8307,8308,8309,8310,8311,8312,8313,8314,8315,8316,8317,8318,8319,8320,8321,8322,8323,8324,8325,8326,8327,8328,8329,8330,8331,8332,8333,8334,8335,8336,8337,8338,8339,8340,8341,8342,8343,8344,8345,8346,8347,8348,8349,8350,8351,8352,8353,8354,8355,8356,8357,8358,8359,8360,8361,8362,8363,8364,8365,8366,8367,8368,8369,8370,8371,8372,8373,8374,8375,8376,8377,8378,8379,8380,8381,8382,8383,8384,8385,8386,8387,8388,8389,8390,8391,8392,8393,8394,8395,8396,8397,8398,8399,8400,8401,8402,8403,8404,8405,8406,8407,8408,8409,8410,8411,8412,8413,8414,8415,8416,8417,8418,8419,8420,8421,8422,8423,8424,8425,8426,8427,8428,8429,8430,8431,8432,8433,8434,8435,8436,8437,8438,8439,8440,8441,8442,8443,8444,8445,8446,8447,8448,8449,8450,8451,8452,8453,8454,8455,8456,8457,8458,8459,8460,8461,8462,8463,8464,8465,8466,8467,8468,8469,8470,8471,8472,8473,8474,8475,8476,8477,8478,8479,8480,8481,8482,8483,8484,8485,8486,8487,8488,8489,8490,8491,8492,8493,8494,8495,8496,8497,8498,8499,8500,8501,8502,8503,8504,8505,8506,8507,8508,8509,8510,8511,8512,8513,8514,8515,8516,8517,8518,8519,8520,8521,8522,8523,8524,8525,8526,8527,8528,8529,8530,8531,8532,8533,8534,8535,8536,8537,8538,8539,8540,8541,8542,8543,8544,8545,8546,8547,8548,8549,8550,8551,8552,8553,8554,8555,8556,8557,8558,8559,8560,8561,8562,8563,8564,8565,8566,8567,8568,8569,8570,8571,8572,8573,8574,8575,8576,8577,8578,8579,8580,8581,8582,8583,8584,8585,8586,8587,8588,8589,8590,8591,8592,8593,8594,8595,8596,8597,8598,8599,8600,8601,8602,8603,8604,8605,8606,8607,8608,8609,8610,8611,8612,8613,8614,8615,8616,8617,8618,8619,8620,8621,8622,8623,8624,8625,8626,8627,8628,8629,8630,8631,8632,8633,8634,8635,8636,8637,8638,8639,8640,8641,8642,8643,8644,8645,8646,8647,8648,8649,8650,8651,8652,8653,8654,8655,8656,8657,8658,8659,8660,8661,8662,8663,8664,8665,8666,8667,8668,8669,8670,8671,8672,8673,8674,8675,8676,8677,8678,8679,8680,8681,8682,8683,8684,8685,8686,8687,8688,8689,8690,8691,8692,8693,8694,8695,8696,8697,8698,8699,8700,8701,8702,8703,8704,8705,8706,8707,8708,8709,8710,8711,8712,8713,8714,8715,8716,8717,8718,8719,8720,8721,8722,8723,8724,8725,8726,8727,8728,8729,8730,8731,8732,8733,8734,8735,8736,8737,8738,8739,8740,8741,8742,8743,8744,8745,8746,8747,8748,8749,8750,8751,8752,8753,8754,8755,8756,8757,8758,8759,8760,8761,8762,8763,8764,8765,8766,8767,8768,8769,8770,8771,8772,8773,8774,8775,8776,8777,8778,8779,8780,8781,8782,8783,8784,8785,8786,8787,8788,8789,8790,8791,8792,8793,8794,8795,8796,8797,8798,8799,8800,8801,8802,8803,8804,8805,8806,8807,8808,8809,8810,8811,8812,8813,8814,8815,8816,8817,8818,8819,8820,8821,8822,8823,8824,8825,8826,8827,8828,8829,8830,8831,8832,8833,8834,8835,8836,8837,8838,8839,8840,8841,8842,8843,8844,8845,8846,8847,8848,8849,8850,8851,8852,8853,8854,8855,8856,8857,8858,8859,8860,8861,8862,8863,8864,8865,8866,8867,8868,8869,8870,8871,8872,8873,8874,8875,8876,8877,8878,8879,8880,8881,8882,8883,8884,8885,8886,8887,8888,8889,8890,8891,8892,8893,8894,8895,8896,8897,8898,8899,8900,8901,8902,8903,8904,8905,8906,8907,8908,8909,8910,8911,8912,8913,8914,8915,8916,8917,8918,8919,8920,8921,8922,8923,8924,8925,8926,8927,8928,8929,8930,8931,8932,8933,8934,8935,8936,8937,8938,8939,8940,8941,8942,8943,8944,8945,8946,8947,8948,8949,8950,8951,8952,8953,8954,8955,8956,8957,8958,8959,8960,8961,8962,8963,8964,8965,8966,8967,8968,8969,8970,8971,8972,8973,8974,8975,8976,8977,8978,8979,8980,8981,8982,8983,8984,8985,8986,8987,8988,8989,8990,8991,8992,8993,8994,8995,8996,8997,8998,8999,9000,9001,9002,9003,9004,9005,9006,9007,9008,9009,9010,9011,9012,9013,9014,9015,9016,9017,9018,9019,9020,9021,9022,9023,9024,9025,9026,9027,9028,9029,9030,9031,9032,9033,9034,9035,9036,9037,9038,9039,9040,9041,9042,9043,9044,9045,9046,9047,9048,9049,9050,9051,9052,9053,9054,9055,9056,9057,9058,9059,9060,9061,9062,9063,9064,9065,9066,9067,9068,9069,9070,9071,9072,9073,9074,9075,9076,9077,9078,9079,9080,9081,9082,9083,9084,9085,9086,9087,9088,9089,9090,9091,9092,9093,9094,9095,9096,9097,9098,9099,9100,9101,9102,9103,9104,9105,9106,9107,9108,9109,9110,9111,9112,9113,9114,9115,9116,9117,9118,9119,9120,9121,9122,9123,9124,9125,9126,9127,9128,9129,9130,9131,9132,9133,9134,9135,9136,9137,9138,9139,9140,9141,9142,9143,9144,9145,9146,9147,9148,9149,9150,9151,9152,9153,9154,9155,9156,9157,9158,9159,9160,9161,9162,9163,9164,9165,9166,9167,9168,9169,9170,9171,9172,9173,9174,9175,9176,9177,9178,9179,9180,9181,9182,9183,9184,9185,9186,9187,9188,9189,9190,9191,9192,9193,9194,9195,9196,9197,9198,9199,9200,9201,9202,9203,9204,9205,9206,9207,9208,9209,9210,9211,9212,9213,9214,9215,9216,9217,9218,9219,9220,9221,9222,9223,9224,9225,9226,9227,9228,9229,9230,9231,9232,9233,9234,9235,9236,9237,9238,9239,9240,9241,9242,9243,9244,9245,9246,9247,9248,9249,9250,9251,9252,9253,9254,9255,9256,9257,9258,9259,9260,9261,9262,9263,9264,9265,9266,9267,9268,9269,9270,9271,9272,9273,9274,9275,9276,9277,9278,9279,9280,9281,9282,9283,9284,9285,9286,9287,9288,9289,9290,9291,9292,9293,9294,9295,9296,9297,9298,9299,9300,9301,9302,9303,9304,9305,9306,9307,9308,9309,9310,9311,9312,9313,9314,9315,9316,9317,9318,9319,9320,9321,9322,9323,9324,9325,9326,9327,9328,9329,9330,9331,9332,9333,9334,9335,9336,9337,9338,9339,9340,9341,9342,9343,9344,9345,9346,9347,9348,9349,9350,9351,9352,9353,9354,9355,9356,9357,9358,9359,9360,9361,9362,9363,9364,9365,9366,9367,9368,9369,9370,9371,9372,9373,9374,9375,9376,9377,9378,9379,9380,9381,9382,9383,9384,9385,9386,9387,9388,9389,9390,9391,9392,9393,9394,9395,9396,9397,9398,9399,9400,9401,9402,9403,9404,9405,9406,9407,9408,9409,9410,9411,9412,9413,9414,9415,9416,9417,9418,9419,9420,9421,9422,9423,9424,9425,9426,9427,9428,9429,9430,9431,9432,9433,9434,9435,9436,9437,9438,9439,9440,9441,9442,9443,9444,9445,9446,9447,9448,9449,9450,9451,9452,9453,9454,9455,9456,9457,9458,9459,9460,9461,9462,9463,9464,9465,9466,9467,9468,9469,9470,9471,9472,9473,9474,9475,9476,9477,9478,9479,9480,9481,9482,9483,9484,9485,9486,9487,9488,9489,9490,9491,9492,9493,9494,9495,9496,9497,9498,9499,9500,9501,9502,9503,9504,9505,9506,9507,9508,9509,9510,9511,9512,9513,9514,9515,9516,9517,9518,9519,9520,9521,9522,9523,9524,9525,9526,9527,9528,9529,9530,9531,9532,9533,9534,9535,9536,9537,9538,9539,9540,9541,9542,9543,9544,9545,9546,9547,9548,9549,9550,9551,9552,9553,9554,9555,9556,9557,9558,9559,9560,9561,9562,9563,9564,9565,9566,9567,9568,9569,9570,9571,9572,9573,9574,9575,9576,9577,9578,9579,9580,9581,9582,9583,9584,9585,9586,9587,9588,9589,9590,9591,9592,9593,9594,9595,9596,9597,9598,9599,9600,9601,9602,9603,9604,9605,9606,9607,9608,9609,9610,9611,9612,9613,9614,9615,9616,9617,9618,9619,9620,9621,9622,9623,9624,9625,9626,9627,9628,9629,9630,9631,9632,9633,9634,9635,9636,9637,9638,9639,9640,9641,9642,9643,9644,9645,9646,9647,9648,9649,9650,9651,9652,9653,9654,9655,9656,9657,9658,9659,9660,9661,9662,9663,9664,9665,9666,9667,9668,9669,9670,9671,9672,9673,9674,9675,9676,9677,9678,9679,9680,9681,9682,9683,9684,9685,9686,9687,9688,9689,9690,9691,9692,9693,9694,9695,9696,9697,9698,9699,9700,9701,9702,9703,9704,9705,9706,9707,9708,9709,9710,9711,9712,9713,9714,9715,9716,9717,9718,9719,9720,9721,9722,9723,9724,9725,9726,9727,9728,9729,9730,9731,9732,9733,9734,9735,9736,9737,9738,9739,9740,9741,9742,9743,9744,9745,9746,9747,9748,9749,9750,9751,9752,9753,9754,9755,9756,9757,9758,9759,9760,9761,9762,9763,9764,9765,9766,9767,9768,9769,9770,9771,9772,9773,9774,9775,9776,9777,9778,9779,9780,9781,9782,9783,9784,9785,9786,9787,9788,9789,9790,9791,9792,9793,9794,9795,9796,9797,9798,9799,9800,9801,9802,9803,9804,9805,9806,9807,9808,9809,9810,9811,9812,9813,9814,9815,9816,9817,9818,9819,9820,9821,9822,9823,9824,9825,9826,9827,9828,9829,9830,9831,9832,9833,9834,9835,9836,9837,9838,9839,9840,9841,9842,9843,9844,9845,9846,9847,9848,9849,9850,9851,9852,9853,9854,9855,9856,9857,9858,9859,9860,9861,9862,9863,9864,9865,9866,9867,9868,9869,9870,9871,9872,9873,9874,9875,9876,9877,9878,9879,9880,9881,9882,9883,9884,9885,9886,9887,9888,9889,9890,9891,9892,9893,9894,9895,9896,9897,9898,9899,9900,9901,9902,9903,9904,9905,9906,9907,9908,9909,9910,9911,9912,9913,9914,9915,9916,9917,9918,9919,9920,9921,9922,9923,9924,9925,9926,9927,9928,9929,9930,9931,9932,9933,9934,9935,9936,9937,9938,9939,9940,9941,9942,9943,9944,9945,9946,9947,9948,9949,9950,9951,9952,9953,9954,9955,9956,9957,9958,9959,9960,9961,9962,9963,9964,9965,9966,9967,9968,9969,9970,9971,9972,9973,9974,9975,9976,9977,9978,9979,9980,9981,9982,9983,9984,9985,9986,9987,9988,9989,9990,9991,9992,9993,9994,9995,9996,9997,9998,9999,10000,10001,10002,10003,10004,10005,10006,10007,10008,10009,10010,10011,10012,10013,10014,10015,10016,10017,10018,10019,10020,10021,10022,10023,10024,10025,10026,10027,10028,10029,10030,10031,10032,10033,10034,10035,10036,10037,10038,10039,10040,10041,10042,10043,10044,10045,10046,10047,10048,10049,10050,10051,10052,10053,10054,10055,10056,10057,10058,10059,10060,10061,10062,10063,10064,10065,10066,10067,10068,10069,10070,10071,10072,10073,10074,10075,10076,10077,10078,10079,10080,10081,10082,10083,10084,10085,10086,10087,10088,10089,10090,10091,10092,10093,10094,10095,10096,10097,10098,10099,10100,10101,10102,10103,10104,10105,10106,10107,10108,10109,10110,10111,10112,10113,10114,10115,10116,10117,10118,10119,10120,10121,10122,10123,10124,10125,10126,10127,10128,10129,10130,10131,10132,10133,10134,10135,10136,10137,10138,10139,10140,10141,10142,10143,10144,10145,10146,10147,10148,10149,10150,10151,10152,10153,10154,10155,10156,10157,10158,10159,10160,10161,10162,10163,10164,10165,10166,10167,10168,10169,10170,10171,10172,10173,10174,10175,10176,10177,10178,10179,10180,10181,10182,10183,10184,10185,10186,10187,10188,10189,10190,10191,10192,10193,10194,10195,10196,10197,10198,10199,10200,10201,10202,10203,10204,10205,10206,10207,10208,10209,10210,10211,10212,10213,10214,10215,10216,10217,10218,10219,10220,10221,10222,10223,10224,10225,10226,10227,10228,10229,10230,10231,10232,10233,10234,10235,10236,10237,10238,10239,10240,10241,10242,10243,10244,10245,10246,10247,10248,10249,10250,10251,10252,10253,10254,10255,10256,10257,10258,10259,10260,10261,10262,10263,10264,10265,10266,10267,10268,10269,10270,10271,10272,10273,10274,10275,10276,10277,10278,10279,10280,10281,10282,10283,10284,10285,10286,10287,10288,10289,10290,10291,10292,10293,10294,10295,10296,10297,10298,10299,10300,10301,10302,10303,10304,10305,10306,10307,10308,10309,10310,10311,10312,10313,10314,10315,10316,10317,10318,10319,10320,10321,10322,10323,10324,10325,10326,10327,10328,10329,10330,10331,10332,10333,10334,10335,10336,10337,10338,10339,10340,10341,10342,10343,10344,10345,10346,10347,10348,10349,10350,10351,10352,10353,10354,10355,10356,10357,10358,10359,10360,10361,10362,10363,10364,10365,10366,10367,10368,10369,10370,10371,10372,10373,10374,10375,10376,10377,10378,10379,10380,10381,10382,10383,10384,10385,10386,10387,10388,10389,10390,10391,10392,10393,10394,10395,10396,10397,10398,10399,10400,10401,10402,10403,10404,10405,10406,10407,10408,10409,10410,10411,10412,10413,10414,10415,10416,10417,10418,10419,10420,10421,10422,10423,10424,10425,10426,10427,10428,10429,10430,10431,10432,10433,10434,10435,10436,10437,10438,10439,10440,10441,10442,10443,10444,10445,10446,10447,10448,10449,10450,10451,10452,10453,10454,10455,10456,10457,10458,10459,10460,10461,10462,10463,10464,10465,10466,10467,10468,10469,10470,10471,10472,10473,10474,10475,10476,10477,10478,10479,10480,10481,10482,10483,10484,10485,10486,10487,10488,10489,10490,10491,10492,10493,10494,10495,10496,10497,10498,10499,10500,10501,10502,10503,10504,10505,10506,10507,10508,10509,10510,10511,10512,10513,10514,10515,10516,10517,10518,10519,10520,10521,10522,10523,10524,10525,10526,10527,10528,10529,10530,10531,10532,10533,10534,10535,10536,10537,10538,10539,10540,10541,10542,10543,10544,10545,10546,10547,10548,10549,10550,10551,10552,10553,10554,10555,10556,10557,10558,10559,10560,10561,10562,10563,10564,10565,10566,10567,10568,10569,10570,10571,10572,10573,10574,10575,10576,10577,10578,10579,10580,10581,10582,10583,10584,10585,10586,10587,10588,10589,10590,10591,10592,10593,10594,10595,10596,10597,10598,10599,10600,10601,10602,10603,10604,10605,10606,10607,10608,10609,10610,10611,10612,10613,10614,10615,10616,10617,10618,10619,10620,10621,10622,10623,10624,10625,10626,10627,10628,10629,10630,10631,10632,10633,10634,10635,10636,10637,10638,10639,10640,10641,10642,10643,10644,10645,10646,10647,10648,10649,10650,10651,10652,10653,10654,10655,10656,10657,10658,10659,10660,10661,10662,10663,10664,10665,10666,10667,10668,10669,10670,10671,10672,10673,10674,10675,10676,10677,10678,10679,10680,10681,10682,10683,10684,10685,10686,10687,10688,10689,10690,10691,10692,10693,10694,10695,10696,10697,10698,10699,10700,10701,10702,10703,10704,10705,10706,10707,10708,10709,10710,10711,10712,10713,10714,10715,10716,10717,10718,10719,10720,10721,10722,10723,10724,10725,10726,10727,10728,10729,10730,10731,10732,10733,10734,10735,10736,10737,10738,10739,10740,10741,10742,10743,10744,10745,10746,10747,10748,10749,10750,10751,10752,10753,10754,10755,10756,10757,10758,10759,10760,10761,10762,10763,10764,10765,10766,10767,10768,10769,10770,10771,10772,10773,10774,10775,10776,10777,10778,10779,10780,10781,10782,10783,10784,10785,10786,10787,10788,10789,10790,10791,10792,10793,10794,10795,10796,10797,10798,10799,10800,10801,10802,10803,10804,10805,10806,10807,10808,10809,10810,10811,10812,10813,10814,10815,10816,10817,10818,10819,10820,10821,10822,10823,10824,10825,10826,10827,10828,10829,10830,10831,10832,10833,10834,10835,10836,10837,10838,10839,10840,10841,10842,10843,10844,10845,10846,10847,10848,10849,10850,10851,10852,10853,10854,10855,10856,10857,10858,10859,10860,10861,10862,10863,10864,10865,10866,10867,10868,10869,10870,10871,10872,10873,10874,10875,10876,10877,10878,10879,10880,10881,10882,10883,10884,10885,10886,10887,10888,10889,10890,10891,10892,10893,10894,10895,10896,10897,10898,10899,10900,10901,10902,10903,10904,10905,10906,10907,10908,10909,10910,10911,10912,10913,10914,10915,10916,10917,10918,10919,10920,10921,10922,10923,10924,10925,10926,10927,10928,10929,10930,10931,10932,10933,10934,10935,10936,10937,10938,10939,10940,10941,10942,10943,10944,10945,10946,10947,10948,10949,10950,10951,10952,10953,10954,10955,10956,10957,10958,10959,10960,10961,10962,10963,10964,10965,10966,10967,10968,10969,10970,10971,10972,10973,10974,10975,10976,10977,10978,10979,10980,10981,10982,10983,10984,10985,10986,10987,10988,10989,10990,10991,10992,10993,10994,10995,10996,10997,10998,10999,11000,11001,11002,11003,11004,11005,11006,11007,11008,11009,11010,11011,11012,11013,11014,11015,11016,11017,11018,11019,11020,11021,11022,11023,11024,11025,11026,11027,11028,11029,11030,11031,11032,11033,11034,11035,11036,11037,11038,11039,11040,11041,11042,11043,11044,11045,11046,11047,11048,11049,11050,11051,11052,11053,11054,11055,11056,11057,11058,11059,11060,11061,11062,11063,11064,11065,11066,11067,11068,11069,11070,11071,11072,11073,11074,11075,11076,11077,11078,11079,11080,11081,11082,11083,11084,11085,11086,11087,11088,11089,11090,11091,11092,11093,11094,11095,11096,11097,11098,11099,11100,11101,11102,11103,11104,11105,11106,11107,11108,11109,11110,11111,11112,11113,11114,11115,11116,11117,11118,11119,11120,11121,11122,11123,11124,11125,11126,11127,11128,11129,11130,11131,11132,11133,11134,11135,11136,11137,11138,11139,11140,11141,11142,11143,11144,11145,11146,11147,11148,11149,11150,11151,11152,11153,11154,11155,11156,11157,11158,11159,11160,11161,11162,11163,11164,11165,11166,11167,11168,11169,11170,11171,11172,11173,11174,11175,11176,11177,11178,11179,11180,11181,11182,11183,11184,11185,11186,11187,11188,11189,11190,11191,11192,11193,11194,11195,11196,11197,11198,11199,11200,11201,11202,11203,11204,11205,11206,11207,11208,11209,11210,11211,11212,11213,11214,11215,11216,11217,11218,11219,11220,11221,11222,11223,11224,11225,11226,11227,11228,11229,11230,11231,11232,11233,11234,11235,11236,11237,11238,11239,11240,11241,11242,11243,11244,11245,11246,11247,11248,11249,11250,11251,11252,11253,11254,11255,11256,11257,11258,11259,11260,11261,11262,11263,11264,11265,11266,11267,11268,11269,11270,11271,11272,11273,11274,11275,11276,11277,11278,11279,11280,11281,11282,11283,11284,11285,11286,11287,11288,11289,11290,11291,11292,11293,11294,11295,11296,11297,11298,11299,11300,11301,11302,11303,11304,11305,11306,11307,11308,11309,11310,11311,11312,11313,11314,11315,11316,11317,11318,11319,11320,11321,11322,11323,11324,11325,11326,11327,11328,11329,11330,11331,11332,11333,11334,11335,11336,11337,11338,11339,11340,11341,11342,11343,11344,11345,11346,11347,11348,11349,11350,11351,11352,11353,11354,11355,11356,11357,11358,11359,11360,11361,11362,11363,11364,11365,11366,11367,11368,11369,11370,11371,11372,11373,11374,11375,11376,11377,11378,11379,11380,11381,11382,11383,11384,11385,11386,11387,11388,11389,11390,11391,11392,11393,11394,11395,11396,11397,11398,11399,11400,11401,11402,11403,11404,11405,11406,11407,11408,11409,11410,11411,11412,11413,11414,11415,11416,11417,11418,11419,11420,11421,11422,11423,11424,11425,11426,11427,11428,11429,11430,11431,11432,11433,11434,11435,11436,11437,11438,11439,11440,11441,11442,11443,11444,11445,11446,11447,11448,11449,11450,11451,11452,11453,11454,11455,11456,11457,11458,11459,11460,11461,11462,11463,11464,11465,11466,11467,11468,11469,11470,11471,11472,11473,11474,11475,11476,11477,11478,11479,11480,11481,11482,11483,11484,11485,11486,11487,11488,11489,11490,11491,11492,11493,11494,11495,11496,11497,11498,11499,11500,11501,11502,11503,11504,11505,11506,11507,11508,11509,11510,11511,11512,11513,11514,11515,11516,11517,11518,11519,11520,11521,11522,11523,11524,11525,11526,11527,11528,11529,11530,11531,11532,11533,11534,11535,11536,11537,11538,11539,11540,11541,11542,11543,11544,11545,11546,11547,11548,11549,11550,11551,11552,11553,11554,11555,11556,11557,11558,11559,11560,11561,11562,11563,11564,11565,11566,11567,11568,11569,11570,11571,11572,11573,11574,11575,11576,11577,11578,11579,11580,11581,11582,11583,11584,11585,11586,11587,11588,11589,11590,11591,11592,11593,11594,11595,11596,11597,11598,11599,11600,11601,11602,11603,11604,11605,11606,11607,11608,11609,11610,11611,11612,11613,11614,11615,11616,11617,11618,11619,11620,11621,11622,11623,11624,11625,11626,11627,11628,11629,11630,11631,11632,11633,11634,11635,11636,11637,11638,11639,11640,11641,11642,11643,11644,11645,11646,11647,11648,11649,11650,11651,11652,11653,11654,11655,11656,11657,11658,11659,11660,11661,11662,11663,11664,11665,11666,11667,11668,11669,11670,11671,11672,11673,11674,11675,11676,11677,11678,11679,11680,11681,11682,11683,11684,11685,11686,11687,11688,11689,11690,11691,11692,11693,11694,11695,11696,11697,11698,11699,11700,11701,11702,11703,11704,11705,11706,11707,11708,11709,11710,11711,11712,11713,11714,11715,11716,11717,11718,11719,11720,11721,11722,11723,11724,11725,11726,11727,11728,11729,11730,11731,11732,11733,11734,11735,11736,11737,11738,11739,11740,11741,11742,11743,11744,11745,11746,11747,11748,11749,11750,11751,11752,11753,11754,11755,11756,11757,11758,11759,11760,11761,11762,11763,11764,11765,11766,11767,11768,11769,11770,11771,11772,11773,11774,11775,11776,11777,11778,11779,11780,11781,11782,11783,11784,11785,11786,11787,11788,11789,11790,11791,11792,11793,11794,11795,11796,11797,11798,11799,11800,11801,11802,11803,11804,11805,11806,11807,11808,11809,11810,11811,11812,11813,11814,11815,11816,11817,11818,11819,11820,11821,11822,11823,11824,11825,11826,11827,11828,11829,11830,11831,11832,11833,11834,11835,11836,11837,11838,11839,11840,11841,11842,11843,11844,11845,11846,11847,11848,11849,11850,11851,11852,11853,11854,11855,11856,11857,11858,11859,11860,11861,11862,11863,11864,11865,11866,11867,11868,11869,11870,11871,11872,11873,11874,11875,11876,11877,11878,11879,11880,11881,11882,11883,11884,11885,11886,11887,11888,11889,11890,11891,11892,11893,11894,11895,11896,11897,11898,11899,11900,11901,11902,11903,11904,11905,11906,11907,11908,11909,11910,11911,11912,11913,11914,11915,11916,11917,11918,11919,11920,11921,11922,11923,11924,11925,11926,11927,11928,11929,11930,11931,11932,11933,11934,11935,11936,11937,11938,11939,11940,11941,11942,11943,11944,11945,11946,11947,11948,11949,11950,11951,11952,11953,11954,11955,11956,11957,11958,11959,11960,11961,11962,11963,11964,11965,11966,11967,11968,11969,11970,11971,11972,11973,11974,11975,11976,11977,11978,11979,11980,11981,11982,11983,11984,11985,11986,11987,11988,11989,11990,11991,11992,11993,11994,11995,11996,11997,11998,11999,12000,12001,12002,12003,12004,12005,12006,12007,12008,12009,12010,12011,12012,12013,12014,12015,12016,12017,12018,12019,12020,12021,12022,12023,12024,12025,12026,12027,12028,12029,12030,12031,12032,12033,12034,12035,12036,12037,12038,12039,12040,12041,12042,12043,12044,12045,12046,12047,12048,12049,12050,12051,12052,12053,12054,12055,12056,12057,12058,12059,12060,12061,12062,12063,12064,12065,12066,12067,12068,12069,12070,12071,12072,12073,12074,12075,12076,12077,12078,12079,12080,12081,12082,12083,12084,12085,12086,12087,12088,12089,12090,12091,12092,12093,12094,12095,12096,12097,12098,12099,12100,12101,12102,12103,12104,12105,12106,12107,12108,12109,12110,12111,12112,12113,12114,12115,12116,12117,12118,12119,12120,12121,12122,12123,12124,12125,12126,12127,12128,12129,12130,12131,12132,12133,12134,12135,12136,12137,12138,12139,12140,12141,12142,12143,12144,12145,12146,12147,12148,12149,12150,12151,12152,12153,12154,12155,12156,12157,12158,12159,12160,12161,12162,12163,12164,12165,12166,12167,12168,12169,12170,12171,12172,12173,12174,12175,12176,12177,12178,12179,12180,12181,12182,12183,12184,12185,12186,12187,12188,12189,12190,12191,12192,12193,12194,12195,12196,12197,12198,12199,12200,12201,12202,12203,12204,12205,12206,12207,12208,12209,12210,12211,12212,12213,12214,12215,12216,12217,12218,12219,12220,12221,12222,12223,12224,12225,12226,12227,12228,12229,12230,12231,12232,12233,12234,12235,12236,12237,12238,12239,12240,12241,12242,12243,12244,12245,12246,12247,12248,12249,12250,12251,12252,12253,12254,12255,12256,12257,12258,12259,12260,12261,12262,12263,12264,12265,12266,12267,12268,12269,12270,12271,12272,12273,12274,12275,12276,12277,12278,12279,12280,12281,12282,12283,12284,12285,12286,12287,12288,12289,12290,12291,12292,12293,12294,12295,12296,12297,12298,12299,12300,12301,12302,12303,12304,12305,12306,12307,12308,12309,12310,12311,12312,12313,12314,12315,12316,12317,12318,12319,12320,12321,12322,12323,12324,12325,12326,12327,12328,12329,12330,12331,12332,12333,12334,12335,12336,12337,12338,12339,12340,12341,12342,12343,12344,12345,12346,12347,12348,12349,12350,12351,12352,12353,12354,12355,12356,12357,12358,12359,12360,12361,12362,12363,12364,12365,12366,12367,12368,12369,12370,12371,12372,12373,12374,12375,12376,12377,12378,12379,12380,12381,12382,12383,12384,12385,12386,12387,12388,12389,12390,12391,12392,12393,12394,12395,12396,12397,12398,12399,12400,12401,12402,12403,12404,12405,12406,12407,12408,12409,12410,12411,12412,12413,12414,12415,12416,12417,12418,12419,12420,12421,12422,12423,12424,12425,12426,12427,12428,12429,12430,12431,12432,12433,12434,12435,12436,12437,12438,12439,12440,12441,12442,12443,12444,12445,12446,12447,12448,12449,12450,12451,12452,12453,12454,12455,12456,12457,12458,12459,12460,12461,12462,12463,12464,12465,12466,12467,12468,12469,12470,12471,12472,12473,12474,12475,12476,12477,12478,12479,12480,12481,12482,12483,12484,12485,12486,12487,12488,12489,12490,12491,12492,12493,12494,12495,12496,12497,12498,12499,12500,12501,12502,12503,12504,12505,12506,12507,12508,12509,12510,12511,12512,12513,12514,12515,12516,12517,12518,12519,12520,12521,12522,12523,12524,12525,12526,12527,12528,12529,12530,12531,12532,12533,12534,12535,12536,12537,12538,12539,12540,12541,12542,12543,12544,12545,12546,12547,12548,12549,12550,12551,12552,12553,12554,12555,12556,12557,12558,12559,12560,12561,12562,12563,12564,12565,12566,12567,12568,12569,12570,12571,12572,12573,12574,12575,12576,12577,12578,12579,12580,12581,12582,12583,12584,12585,12586,12587,12588,12589,12590,12591,12592,12593,12594,12595,12596,12597,12598,12599,12600,12601,12602,12603,12604,12605,12606,12607,12608,12609,12610,12611,12612,12613,12614,12615,12616,12617,12618,12619,12620,12621,12622,12623,12624,12625,12626,12627,12628,12629,12630,12631,12632,12633,12634,12635,12636,12637,12638,12639,12640,12641,12642,12643,12644,12645,12646,12647,12648,12649,12650,12651,12652,12653,12654,12655,12656,12657,12658,12659,12660,12661,12662,12663,12664,12665,12666,12667,12668,12669,12670,12671,12672,12673,12674,12675,12676,12677,12678,12679,12680,12681,12682,12683,12684,12685,12686,12687,12688,12689,12690,12691,12692,12693,12694,12695,12696,12697,12698,12699,12700,12701,12702,12703,12704,12705,12706,12707,12708,12709,12710,12711,12712,12713,12714,12715,12716,12717,12718,12719,12720,12721,12722,12723,12724,12725,12726,12727,12728,12729,12730,12731,12732,12733,12734,12735,12736,12737,12738,12739,12740,12741,12742,12743,12744,12745,12746,12747,12748,12749,12750,12751,12752,12753,12754,12755,12756,12757,12758,12759,12760,12761,12762,12763,12764,12765,12766,12767,12768,12769,12770,12771,12772,12773,12774,12775,12776,12777,12778,12779,12780,12781,12782,12783,12784,12785,12786,12787,12788,12789,12790,12791,12792,12793,12794,12795,12796,12797,12798,12799,12800,12801,12802,12803,12804,12805,12806,12807,12808,12809,12810,12811,12812,12813,12814,12815,12816,12817,12818,12819,12820,12821,12822,12823,12824,12825,12826,12827,12828,12829,12830,12831,12832,12833,12834,12835,12836,12837,12838,12839,12840,12841,12842,12843,12844,12845,12846,12847,12848,12849,12850,12851,12852,12853,12854,12855,12856,12857,12858,12859,12860,12861,12862,12863,12864,12865,12866,12867,12868,12869,12870,12871,12872,12873,12874,12875,12876,12877,12878,12879,12880,12881,12882,12883,12884,12885,12886,12887,12888,12889,12890,12891,12892,12893,12894,12895,12896,12897,12898,12899,12900,12901,12902,12903,12904,12905,12906,12907,12908,12909,12910,12911,12912,12913,12914,12915,12916,12917,12918,12919,12920,12921,12922,12923,12924,12925,12926,12927,12928,12929,12930,12931,12932,12933,12934,12935,12936,12937,12938,12939,12940,12941,12942,12943,12944,12945,12946,12947,12948,12949,12950,12951,12952,12953,12954,12955,12956,12957,12958,12959,12960,12961,12962,12963,12964,12965,12966,12967,12968,12969,12970,12971,12972,12973,12974,12975,12976,12977,12978,12979,12980,12981,12982,12983,12984,12985,12986,12987,12988,12989,12990,12991,12992,12993,12994,12995,12996,12997,12998,12999,13000,13001,13002,13003,13004,13005,13006,13007,13008,13009,13010,13011,13012,13013,13014,13015,13016,13017,13018,13019,13020,13021,13022,13023,13024,13025,13026,13027,13028,13029,13030,13031,13032,13033,13034,13035,13036,13037,13038,13039,13040,13041,13042,13043,13044,13045,13046,13047,13048,13049,13050,13051,13052,13053,13054,13055,13056,13057,13058,13059,13060,13061,13062,13063,13064,13065,13066,13067,13068,13069,13070,13071,13072,13073,13074,13075,13076,13077,13078,13079,13080,13081,13082,13083,13084,13085,13086,13087,13088,13089,13090,13091,13092,13093,13094,13095,13096,13097,13098,13099,13100,13101,13102,13103,13104,13105,13106,13107,13108,13109,13110,13111,13112,13113,13114,13115,13116,13117,13118,13119,13120,13121,13122,13123,13124,13125,13126,13127,13128,13129,13130,13131,13132,13133,13134,13135,13136,13137,13138,13139,13140,13141,13142,13143,13144,13145,13146,13147,13148,13149,13150,13151,13152,13153,13154,13155,13156,13157,13158,13159,13160,13161,13162,13163,13164,13165,13166,13167,13168,13169,13170,13171,13172,13173,13174,13175,13176,13177,13178,13179,13180,13181,13182,13183,13184,13185,13186,13187,13188,13189,13190,13191,13192,13193,13194,13195,13196,13197,13198,13199,13200,13201,13202,13203,13204,13205,13206,13207,13208,13209,13210,13211,13212,13213,13214,13215,13216,13217,13218,13219,13220,13221,13222,13223,13224,13225,13226,13227,13228,13229,13230,13231,13232,13233,13234,13235,13236,13237,13238,13239,13240,13241,13242,13243,13244,13245,13246,13247,13248,13249,13250,13251,13252,13253,13254,13255,13256,13257,13258,13259,13260,13261,13262,13263,13264,13265,13266,13267,13268,13269,13270,13271,13272,13273,13274,13275,13276,13277,13278,13279,13280,13281,13282,13283,13284,13285,13286,13287,13288,13289,13290,13291,13292,13293,13294,13295,13296,13297,13298,13299,13300,13301,13302,13303,13304,13305,13306,13307,13308,13309,13310,13311,13312,13313,13314,13315,13316,13317,13318,13319,13320,13321,13322,13323,13324,13325,13326,13327,13328,13329,13330,13331,13332,13333,13334,13335,13336,13337,13338,13339,13340,13341,13342,13343,13344,13345,13346,13347,13348,13349,13350,13351,13352,13353,13354,13355,13356,13357,13358,13359,13360,13361,13362,13363,13364,13365,13366,13367,13368,13369,13370,13371,13372,13373,13374,13375,13376,13377,13378,13379,13380,13381,13382,13383,13384,13385,13386,13387,13388,13389,13390,13391,13392,13393,13394,13395,13396,13397,13398,13399,13400,13401,13402,13403,13404,13405,13406,13407,13408,13409,13410,13411,13412,13413,13414,13415,13416,13417,13418,13419,13420,13421,13422,13423,13424,13425,13426,13427,13428,13429,13430,13431,13432,13433,13434,13435,13436,13437,13438,13439,13440,13441,13442,13443,13444,13445,13446,13447,13448,13449,13450,13451,13452,13453,13454,13455,13456,13457,13458,13459,13460,13461,13462,13463,13464,13465,13466,13467,13468,13469,13470,13471,13472,13473,13474,13475,13476,13477,13478,13479,13480,13481,13482,13483,13484,13485,13486,13487,13488,13489,13490,13491,13492,13493,13494,13495,13496,13497,13498,13499,13500,13501,13502,13503,13504,13505,13506,13507,13508,13509,13510,13511,13512,13513,13514,13515,13516,13517,13518,13519,13520,13521,13522,13523,13524,13525,13526,13527,13528,13529,13530,13531,13532,13533,13534,13535,13536,13537,13538,13539,13540,13541,13542,13543,13544,13545,13546,13547,13548,13549,13550,13551,13552,13553,13554,13555,13556,13557,13558,13559,13560,13561,13562,13563,13564,13565,13566,13567,13568,13569,13570,13571,13572,13573,13574,13575,13576,13577,13578,13579,13580,13581,13582,13583,13584,13585,13586,13587,13588,13589,13590,13591,13592,13593,13594,13595,13596,13597,13598,13599,13600,13601,13602,13603,13604,13605,13606,13607,13608,13609,13610,13611,13612,13613,13614,13615,13616,13617,13618,13619,13620,13621,13622,13623,13624,13625,13626,13627,13628,13629,13630,13631,13632,13633,13634,13635,13636,13637,13638,13639,13640,13641,13642,13643,13644,13645,13646,13647,13648,13649,13650,13651,13652,13653,13654,13655,13656,13657,13658,13659,13660,13661,13662,13663,13664,13665,13666,13667,13668,13669,13670,13671,13672,13673,13674,13675,13676,13677,13678,13679,13680,13681,13682,13683,13684,13685,13686,13687,13688,13689,13690,13691,13692,13693,13694,13695,13696,13697,13698,13699,13700,13701,13702,13703,13704,13705,13706,13707,13708,13709,13710,13711,13712,13713,13714,13715,13716,13717,13718,13719,13720,13721,13722,13723,13724,13725,13726,13727,13728,13729,13730,13731,13732,13733,13734,13735,13736,13737,13738,13739,13740,13741,13742,13743,13744,13745,13746,13747,13748,13749,13750,13751,13752,13753,13754,13755,13756,13757,13758,13759,13760,13761,13762,13763,13764,13765,13766,13767,13768,13769,13770,13771,13772,13773,13774,13775,13776,13777,13778,13779,13780,13781,13782,13783,13784,13785,13786,13787,13788,13789,13790,13791,13792,13793,13794,13795,13796,13797,13798,13799,13800,13801,13802,13803,13804,13805,13806,13807,13808,13809,13810,13811,13812,13813,13814,13815,13816,13817,13818,13819,13820,13821,13822,13823,13824,13825,13826,13827,13828,13829,13830,13831,13832,13833,13834,13835,13836,13837,13838,13839,13840,13841,13842,13843,13844,13845,13846,13847,13848,13849,13850,13851,13852,13853,13854,13855,13856,13857,13858,13859,13860,13861,13862,13863,13864,13865,13866,13867,13868,13869,13870,13871,13872,13873,13874,13875,13876,13877,13878,13879,13880,13881,13882,13883,13884,13885,13886,13887,13888,13889,13890,13891,13892,13893,13894,13895,13896,13897,13898,13899,13900,13901,13902,13903,13904,13905,13906,13907,13908,13909,13910,13911,13912,13913,13914,13915,13916,13917,13918,13919,13920,13921,13922,13923,13924,13925,13926,13927,13928,13929,13930,13931,13932,13933,13934,13935,13936,13937,13938,13939,13940,13941,13942,13943,13944,13945,13946,13947,13948,13949,13950,13951,13952,13953,13954,13955,13956,13957,13958,13959,13960,13961,13962,13963,13964,13965,13966,13967,13968,13969,13970,13971,13972,13973,13974,13975,13976,13977,13978,13979,13980,13981,13982,13983,13984,13985,13986,13987,13988,13989,13990,13991,13992,13993,13994,13995,13996,13997,13998,13999,14000,14001,14002,14003,14004,14005,14006,14007,14008,14009,14010,14011,14012,14013,14014,14015,14016,14017,14018,14019,14020,14021,14022,14023,14024,14025,14026,14027,14028,14029,14030,14031,14032,14033,14034,14035,14036,14037,14038,14039,14040,14041,14042,14043,14044,14045,14046,14047,14048,14049,14050,14051,14052,14053,14054,14055,14056,14057,14058,14059,14060,14061,14062,14063,14064,14065,14066,14067,14068,14069,14070,14071,14072,14073,14074,14075,14076,14077,14078,14079,14080,14081,14082,14083,14084,14085,14086,14087,14088,14089,14090,14091,14092,14093,14094,14095,14096,14097,14098,14099,14100,14101,14102,14103,14104,14105,14106,14107,14108,14109,14110,14111,14112,14113,14114,14115,14116,14117,14118,14119,14120,14121,14122,14123,14124,14125,14126,14127,14128,14129,14130,14131,14132,14133,14134,14135,14136,14137,14138,14139,14140,14141,14142,14143,14144,14145,14146,14147,14148,14149,14150,14151,14152,14153,14154,14155,14156,14157,14158,14159,14160,14161,14162,14163,14164,14165,14166,14167,14168,14169,14170,14171,14172,14173,14174,14175,14176,14177,14178,14179,14180,14181,14182,14183,14184,14185,14186,14187,14188,14189,14190,14191,14192,14193,14194,14195,14196,14197,14198,14199,14200,14201,14202,14203,14204,14205,14206,14207,14208,14209,14210,14211,14212,14213,14214,14215,14216,14217,14218,14219,14220,14221,14222,14223,14224,14225,14226,14227,14228,14229,14230,14231,14232,14233,14234,14235,14236,14237,14238,14239,14240,14241,14242,14243,14244,14245,14246,14247,14248,14249,14250,14251,14252,14253,14254,14255,14256,14257,14258,14259,14260,14261,14262,14263,14264,14265,14266,14267,14268,14269,14270,14271,14272,14273,14274,14275,14276,14277,14278,14279,14280,14281,14282,14283,14284,14285,14286,14287,14288,14289,14290,14291,14292,14293,14294,14295,14296,14297,14298,14299,14300,14301,14302,14303,14304,14305,14306,14307,14308,14309,14310,14311,14312,14313,14314,14315,14316,14317,14318,14319,14320,14321,14322,14323,14324,14325,14326,14327,14328,14329,14330,14331,14332,14333,14334,14335,14336,14337,14338,14339,14340,14341,14342,14343,14344,14345,14346,14347,14348,14349,14350,14351,14352,14353,14354,14355,14356,14357,14358,14359,14360,14361,14362,14363,14364,14365,14366,14367,14368,14369,14370,14371,14372,14373,14374,14375,14376,14377,14378,14379,14380,14381,14382,14383,14384,14385,14386,14387,14388,14389,14390,14391,14392,14393,14394,14395,14396,14397,14398,14399,14400,14401,14402,14403,14404,14405,14406,14407,14408,14409,14410,14411,14412,14413,14414,14415,14416,14417,14418,14419,14420,14421,14422,14423,14424,14425,14426,14427,14428,14429,14430,14431,14432,14433,14434,14435,14436,14437,14438,14439,14440,14441,14442,14443,14444,14445,14446,14447,14448,14449,14450,14451,14452,14453,14454,14455,14456,14457,14458,14459,14460,14461,14462,14463,14464,14465,14466,14467,14468,14469,14470,14471,14472,14473,14474,14475,14476,14477,14478,14479,14480,14481,14482,14483,14484,14485,14486,14487,14488,14489,14490,14491,14492,14493,14494,14495,14496,14497,14498,14499,14500,14501,14502,14503,14504,14505,14506,14507,14508,14509,14510,14511,14512,14513,14514,14515,14516,14517,14518,14519,14520,14521,14522,14523,14524,14525,14526,14527,14528,14529,14530,14531,14532,14533,14534,14535,14536,14537,14538,14539,14540,14541,14542,14543,14544,14545,14546,14547,14548,14549,14550,14551,14552,14553,14554,14555,14556,14557,14558,14559,14560,14561,14562,14563,14564,14565,14566,14567,14568,14569,14570,14571,14572,14573,14574,14575,14576,14577,14578,14579,14580,14581,14582,14583,14584,14585,14586,14587,14588,14589,14590,14591,14592,14593,14594,14595,14596,14597,14598,14599,14600,14601,14602,14603,14604,14605,14606,14607,14608,14609,14610,14611,14612,14613,14614,14615,14616,14617,14618,14619,14620,14621,14622,14623,14624,14625,14626,14627,14628,14629,14630,14631,14632,14633,14634,14635,14636,14637,14638,14639,14640,14641,14642,14643,14644,14645,14646,14647,14648,14649,14650,14651,14652,14653,14654,14655,14656,14657,14658,14659,14660,14661,14662,14663,14664,14665,14666,14667,14668,14669,14670,14671,14672,14673,14674,14675,14676,14677,14678,14679,14680,14681,14682,14683,14684,14685,14686,14687,14688,14689,14690,14691,14692,14693,14694,14695,14696,14697,14698,14699,14700,14701,14702,14703,14704,14705,14706,14707,14708,14709,14710,14711,14712,14713,14714,14715,14716,14717,14718,14719,14720,14721,14722,14723,14724,14725,14726,14727,14728,14729,14730,14731,14732,14733,14734,14735,14736,14737,14738,14739,14740,14741,14742,14743,14744,14745,14746,14747,14748,14749,14750,14751,14752,14753,14754,14755,14756,14757,14758,14759,14760,14761,14762,14763,14764,14765,14766,14767,14768,14769,14770,14771,14772,14773,14774,14775,14776,14777,14778,14779,14780,14781,14782,14783,14784,14785,14786,14787,14788,14789,14790,14791,14792,14793,14794,14795,14796,14797,14798,14799,14800,14801,14802,14803,14804,14805,14806,14807,14808,14809,14810,14811,14812,14813,14814,14815,14816,14817,14818,14819,14820,14821,14822,14823,14824,14825,14826,14827,14828,14829,14830,14831,14832,14833,14834,14835,14836,14837,14838,14839,14840,14841,14842,14843,14844,14845,14846,14847,14848,14849,14850,14851,14852,14853,14854,14855,14856,14857,14858,14859,14860,14861,14862,14863,14864,14865,14866,14867,14868,14869,14870,14871,14872,14873,14874,14875,14876,14877,14878,14879,14880,14881,14882,14883,14884,14885,14886,14887,14888,14889,14890,14891,14892,14893,14894,14895,14896,14897,14898,14899,14900,14901,14902,14903,14904,14905,14906,14907,14908,14909,14910,14911,14912,14913,14914,14915,14916,14917,14918,14919,14920,14921,14922,14923,14924,14925,14926,14927,14928,14929,14930,14931,14932,14933,14934,14935,14936,14937,14938,14939,14940,14941,14942,14943,14944,14945,14946,14947,14948,14949,14950,14951,14952,14953,14954,14955,14956,14957,14958,14959,14960,14961,14962,14963,14964,14965,14966,14967,14968,14969,14970,14971,14972,14973,14974,14975,14976,14977,14978,14979,14980,14981,14982,14983,14984,14985,14986,14987,14988,14989,14990,14991,14992,14993,14994,14995,14996,14997,14998,14999,15000,15001,15002,15003,15004,15005,15006,15007,15008,15009,15010,15011,15012,15013,15014,15015,15016,15017,15018,15019,15020,15021,15022,15023,15024,15025,15026,15027,15028,15029,15030,15031,15032,15033,15034,15035,15036,15037,15038,15039,15040,15041,15042,15043,15044,15045,15046,15047,15048,15049,15050,15051,15052,15053,15054,15055,15056,15057,15058,15059,15060,15061,15062,15063,15064,15065,15066,15067,15068,15069,15070,15071,15072,15073,15074,15075,15076,15077,15078,15079,15080,15081,15082,15083,15084,15085,15086,15087,15088,15089,15090,15091,15092,15093,15094,15095,15096,15097,15098,15099,15100,15101,15102,15103,15104,15105,15106,15107,15108,15109,15110,15111,15112,15113,15114,15115,15116,15117,15118,15119,15120,15121,15122,15123,15124,15125,15126,15127,15128,15129,15130,15131,15132,15133,15134,15135,15136,15137,15138,15139,15140,15141,15142,15143,15144,15145,15146,15147,15148,15149,15150,15151,15152,15153,15154,15155,15156,15157,15158,15159,15160,15161,15162,15163,15164,15165,15166,15167,15168,15169,15170,15171,15172,15173,15174,15175,15176,15177,15178,15179,15180,15181,15182,15183,15184,15185,15186,15187,15188,15189,15190,15191,15192,15193,15194,15195,15196,15197,15198,15199,15200,15201,15202,15203,15204,15205,15206,15207,15208,15209,15210,15211,15212,15213,15214,15215,15216,15217,15218,15219,15220,15221,15222,15223,15224,15225,15226,15227,15228,15229,15230,15231,15232,15233,15234,15235,15236,15237,15238,15239,15240,15241,15242,15243,15244,15245,15246,15247,15248,15249,15250,15251,15252,15253,15254,15255,15256,15257,15258,15259,15260,15261,15262,15263,15264,15265,15266,15267,15268,15269,15270,15271,15272,15273,15274,15275,15276,15277,15278,15279,15280,15281,15282,15283,15284,15285,15286,15287,15288,15289,15290,15291,15292,15293,15294,15295,15296,15297,15298,15299,15300,15301,15302,15303,15304,15305,15306,15307,15308,15309,15310,15311,15312,15313,15314,15315,15316,15317,15318,15319,15320,15321,15322,15323,15324,15325,15326,15327,15328,15329,15330,15331,15332,15333,15334,15335,15336,15337,15338,15339,15340,15341,15342,15343,15344,15345,15346,15347,15348,15349,15350,15351,15352,15353,15354,15355,15356,15357,15358,15359,15360,15361,15362,15363,15364,15365,15366,15367,15368,15369,15370,15371,15372,15373,15374,15375,15376,15377,15378,15379,15380,15381,15382,15383,15384,15385,15386,15387,15388,15389,15390,15391,15392,15393,15394,15395,15396,15397,15398,15399,15400,15401,15402,15403,15404,15405,15406,15407,15408,15409,15410,15411,15412,15413,15414,15415,15416,15417,15418,15419,15420,15421,15422,15423,15424,15425,15426,15427,15428,15429,15430,15431,15432,15433,15434,15435,15436,15437,15438,15439,15440,15441,15442,15443,15444,15445,15446,15447,15448,15449,15450,15451,15452,15453,15454,15455,15456,15457,15458,15459,15460,15461,15462,15463,15464,15465,15466,15467,15468,15469,15470,15471,15472,15473,15474,15475,15476,15477,15478,15479,15480,15481,15482,15483,15484,15485,15486,15487,15488,15489,15490,15491,15492,15493,15494,15495,15496,15497,15498,15499,15500,15501,15502,15503,15504,15505,15506,15507,15508,15509,15510,15511,15512,15513,15514,15515,15516,15517,15518,15519,15520,15521,15522,15523,15524,15525,15526,15527,15528,15529,15530,15531,15532,15533,15534,15535,15536,15537,15538,15539,15540,15541,15542,15543,15544,15545,15546,15547,15548,15549,15550,15551,15552,15553,15554,15555,15556,15557,15558,15559,15560,15561,15562,15563,15564,15565,15566,15567,15568,15569,15570,15571,15572,15573,15574,15575,15576,15577,15578,15579,15580,15581,15582,15583,15584,15585,15586,15587,15588,15589,15590,15591,15592,15593,15594,15595,15596,15597,15598,15599,15600,15601,15602,15603,15604,15605,15606,15607,15608,15609,15610,15611,15612,15613,15614,15615,15616,15617,15618,15619,15620,15621,15622,15623,15624,15625,15626,15627,15628,15629,15630,15631,15632,15633,15634,15635,15636,15637,15638,15639,15640,15641,15642,15643,15644,15645,15646,15647,15648,15649,15650,15651,15652,15653,15654,15655,15656,15657,15658,15659,15660,15661,15662,15663,15664,15665,15666,15667,15668,15669,15670,15671,15672,15673,15674,15675,15676,15677,15678,15679,15680,15681,15682,15683,15684,15685,15686,15687,15688,15689,15690,15691,15692,15693,15694,15695,15696,15697,15698,15699,15700,15701,15702,15703,15704,15705,15706,15707,15708,15709,15710,15711,15712,15713,15714,15715,15716,15717,15718,15719,15720,15721,15722,15723,15724,15725,15726,15727,15728,15729,15730,15731,15732,15733,15734,15735,15736,15737,15738,15739,15740,15741,15742,15743,15744,15745,15746,15747,15748,15749,15750,15751,15752,15753,15754,15755,15756,15757,15758,15759,15760,15761,15762,15763,15764,15765,15766,15767,15768,15769,15770,15771,15772,15773,15774,15775,15776,15777,15778,15779,15780,15781,15782,15783,15784,15785,15786,15787,15788,15789,15790,15791,15792,15793,15794,15795,15796,15797,15798,15799,15800,15801,15802,15803,15804,15805,15806,15807,15808,15809,15810,15811,15812,15813,15814,15815,15816,15817,15818,15819,15820,15821,15822,15823,15824,15825,15826,15827,15828,15829,15830,15831,15832,15833,15834,15835,15836,15837,15838,15839,15840,15841,15842,15843,15844,15845,15846,15847,15848,15849,15850,15851,15852,15853,15854,15855,15856,15857,15858,15859,15860,15861,15862,15863,15864,15865,15866,15867,15868,15869,15870,15871,15872,15873,15874,15875,15876,15877,15878,15879,15880,15881,15882,15883,15884,15885,15886,15887,15888,15889,15890,15891,15892,15893,15894,15895,15896,15897,15898,15899,15900,15901,15902,15903,15904,15905,15906,15907,15908,15909,15910,15911,15912,15913,15914,15915,15916,15917,15918,15919,15920,15921,15922,15923,15924,15925,15926,15927,15928,15929,15930,15931,15932,15933,15934,15935,15936,15937,15938,15939,15940,15941,15942,15943,15944,15945,15946,15947,15948,15949,15950,15951,15952,15953,15954,15955,15956,15957,15958,15959,15960,15961,15962,15963,15964,15965,15966,15967,15968,15969,15970,15971,15972,15973,15974,15975,15976,15977,15978,15979,15980,15981,15982,15983,15984,15985,15986,15987,15988,15989,15990,15991,15992,15993,15994,15995,15996,15997,15998,15999,16000,16001,16002,16003,16004,16005,16006,16007,16008,16009,16010,16011,16012,16013,16014,16015,16016,16017,16018,16019,16020,16021,16022,16023,16024,16025,16026,16027,16028,16029,16030,16031,16032,16033,16034,16035,16036,16037,16038,16039,16040,16041,16042,16043,16044,16045,16046,16047,16048,16049,16050,16051,16052,16053,16054,16055,16056,16057,16058,16059,16060,16061,16062,16063,16064,16065,16066,16067,16068,16069,16070,16071,16072,16073,16074,16075,16076,16077,16078,16079,16080,16081,16082,16083,16084,16085,16086,16087,16088,16089,16090,16091,16092,16093,16094,16095,16096,16097,16098,16099,16100,16101,16102,16103,16104,16105,16106,16107,16108,16109,16110,16111,16112,16113,16114,16115,16116,16117,16118,16119,16120,16121,16122,16123,16124,16125,16126,16127,16128,16129,16130,16131,16132,16133,16134,16135,16136,16137,16138,16139,16140,16141,16142,16143,16144,16145,16146,16147,16148,16149,16150,16151,16152,16153,16154,16155,16156,16157,16158,16159,16160,16161,16162,16163,16164,16165,16166,16167,16168,16169,16170,16171,16172,16173,16174,16175,16176,16177,16178,16179,16180,16181,16182,16183,16184,16185,16186,16187,16188,16189,16190,16191,16192,16193,16194,16195,16196,16197,16198,16199,16200,16201,16202,16203,16204,16205,16206,16207,16208,16209,16210,16211,16212,16213,16214,16215,16216,16217,16218,16219,16220,16221,16222,16223,16224,16225,16226,16227,16228,16229,16230,16231,16232,16233,16234,16235,16236,16237,16238,16239,16240,16241,16242,16243,16244,16245,16246,16247,16248,16249,16250,16251,16252,16253,16254,16255,16256,16257,16258,16259,16260,16261,16262,16263,16264,16265,16266,16267,16268,16269,16270,16271,16272,16273,16274,16275,16276,16277,16278,16279,16280,16281,16282,16283,16284,16285,16286,16287,16288,16289,16290,16291,16292,16293,16294,16295,16296,16297,16298,16299,16300,16301,16302,16303,16304,16305,16306,16307,16308,16309,16310,16311,16312,16313,16314,16315,16316,16317,16318,16319,16320,16321,16322,16323,16324,16325,16326,16327,16328,16329,16330,16331,16332,16333,16334,16335,16336,16337,16338,16339,16340,16341,16342,16343,16344,16345,16346,16347,16348,16349,16350,16351,16352,16353,16354,16355,16356,16357,16358,16359,16360,16361,16362,16363,16364,16365,16366,16367,16368,16369,16370,16371,16372,16373,16374,16375,16376,16377,16378,16379,16380,16381,16382,16383,16384,16385,16386,16387,16388,16389,16390,16391,16392,16393,16394,16395,16396,16397,16398,16399,16400,16401,16402,16403,16404,16405,16406,16407,16408,16409,16410,16411,16412,16413,16414,16415,16416,16417,16418,16419,16420,16421,16422,16423,16424,16425,16426,16427,16428,16429,16430,16431,16432,16433,16434,16435,16436,16437,16438,16439,16440,16441,16442,16443,16444,16445,16446,16447,16448,16449,16450,16451,16452,16453,16454,16455,16456,16457,16458,16459,16460,16461,16462,16463,16464,16465,16466,16467,16468,16469,16470,16471,16472,16473,16474,16475,16476,16477,16478,16479,16480,16481,16482,16483,16484,16485,16486,16487,16488,16489,16490,16491,16492,16493,16494,16495,16496,16497,16498,16499,16500,16501,16502,16503,16504,16505,16506,16507,16508,16509,16510,16511,16512,16513,16514,16515,16516,16517,16518,16519,16520,16521,16522,16523,16524,16525,16526,16527,16528,16529,16530,16531,16532,16533,16534,16535,16536,16537,16538,16539,16540,16541,16542,16543,16544,16545,16546,16547,16548,16549,16550,16551,16552,16553,16554,16555,16556,16557,16558,16559,16560,16561,16562,16563,16564,16565,16566,16567,16568,16569,16570,16571,16572,16573,16574,16575,16576,16577,16578,16579,16580,16581,16582,16583,16584,16585,16586,16587,16588,16589,16590,16591,16592,16593,16594,16595,16596,16597,16598,16599,16600,16601,16602,16603,16604,16605,16606,16607,16608,16609,16610,16611,16612,16613,16614,16615,16616,16617,16618,16619,16620,16621,16622,16623,16624,16625,16626,16627,16628,16629,16630,16631,16632,16633,16634,16635,16636,16637,16638,16639,16640,16641,16642,16643,16644,16645,16646,16647,16648,16649,16650,16651,16652,16653,16654,16655,16656,16657,16658,16659,16660,16661,16662,16663,16664,16665,16666,16667,16668,16669,16670,16671,16672,16673,16674,16675,16676,16677,16678,16679,16680,16681,16682,16683,16684,16685,16686,16687,16688,16689,16690,16691,16692,16693,16694,16695,16696,16697,16698,16699,16700,16701,16702,16703,16704,16705,16706,16707,16708,16709,16710,16711,16712,16713,16714,16715,16716,16717,16718,16719,16720,16721,16722,16723,16724,16725,16726,16727,16728,16729,16730,16731,16732,16733,16734,16735,16736,16737,16738,16739,16740,16741,16742,16743,16744,16745,16746,16747,16748,16749,16750,16751,16752,16753,16754,16755,16756,16757,16758,16759,16760,16761,16762,16763,16764,16765,16766,16767,16768,16769,16770,16771,16772,16773,16774,16775,16776,16777,16778,16779,16780,16781,16782,16783,16784,16785,16786,16787,16788,16789,16790,16791,16792,16793,16794,16795,16796,16797,16798,16799,16800,16801,16802,16803,16804,16805,16806,16807,16808,16809,16810,16811,16812,16813,16814,16815,16816,16817,16818,16819,16820,16821,16822,16823,16824,16825,16826,16827,16828,16829,16830,16831,16832,16833,16834,16835,16836,16837,16838,16839,16840,16841,16842,16843,16844,16845,16846,16847,16848,16849,16850,16851,16852,16853,16854,16855,16856,16857,16858,16859,16860,16861,16862,16863,16864,16865,16866,16867,16868,16869,16870,16871,16872,16873,16874,16875,16876,16877,16878,16879,16880,16881,16882,16883,16884,16885,16886,16887,16888,16889,16890,16891,16892,16893,16894,16895,16896,16897,16898,16899,16900,16901,16902,16903,16904,16905,16906,16907,16908,16909,16910,16911,16912,16913,16914,16915,16916,16917,16918,16919,16920,16921,16922,16923,16924,16925,16926,16927,16928,16929,16930,16931,16932,16933,16934,16935,16936,16937,16938,16939,16940,16941,16942,16943,16944,16945,16946,16947,16948,16949,16950,16951,16952,16953,16954,16955,16956,16957,16958,16959,16960,16961,16962,16963,16964,16965,16966,16967,16968,16969,16970,16971,16972,16973,16974,16975,16976,16977,16978,16979,16980,16981,16982,16983,16984,16985,16986,16987,16988,16989,16990,16991,16992,16993,16994,16995,16996,16997,16998,16999,17000,17001,17002,17003,17004,17005,17006,17007,17008,17009,17010,17011,17012,17013,17014,17015,17016,17017,17018,17019,17020,17021,17022,17023,17024,17025,17026,17027,17028,17029,17030,17031,17032,17033,17034,17035,17036,17037,17038,17039,17040,17041,17042,17043,17044,17045,17046,17047,17048,17049,17050,17051,17052,17053,17054,17055,17056,17057,17058,17059,17060,17061,17062,17063,17064,17065,17066,17067,17068,17069,17070,17071,17072,17073,17074,17075,17076,17077,17078,17079,17080,17081,17082,17083,17084,17085,17086,17087,17088,17089,17090,17091,17092,17093,17094,17095,17096,17097,17098,17099,17100,17101,17102,17103,17104,17105,17106,17107,17108,17109,17110,17111,17112,17113,17114,17115,17116,17117,17118,17119,17120,17121,17122,17123,17124,17125,17126,17127,17128,17129,17130,17131,17132,17133,17134,17135,17136,17137,17138,17139,17140,17141,17142,17143,17144,17145,17146,17147,17148,17149,17150,17151,17152,17153,17154,17155,17156,17157,17158,17159,17160,17161,17162,17163,17164,17165,17166,17167,17168,17169,17170,17171,17172,17173,17174,17175,17176,17177,17178,17179,17180,17181,17182,17183,17184,17185,17186,17187,17188,17189,17190,17191,17192,17193,17194,17195,17196,17197,17198,17199,17200,17201,17202,17203,17204,17205,17206,17207,17208,17209,17210,17211,17212,17213,17214,17215,17216,17217,17218,17219,17220,17221,17222,17223,17224,17225,17226,17227,17228,17229,17230,17231,17232,17233,17234,17235,17236,17237,17238,17239,17240,17241,17242,17243,17244,17245,17246,17247,17248,17249,17250,17251,17252,17253,17254,17255,17256,17257,17258,17259,17260,17261,17262,17263,17264,17265,17266,17267,17268,17269,17270,17271,17272,17273,17274,17275,17276,17277,17278,17279,17280,17281,17282,17283,17284,17285,17286,17287,17288,17289,17290,17291,17292,17293,17294,17295,17296,17297,17298,17299,17300,17301,17302,17303,17304,17305,17306,17307,17308,17309,17310,17311,17312,17313,17314,17315,17316,17317,17318,17319,17320,17321,17322,17323,17324,17325,17326,17327,17328,17329,17330,17331,17332,17333,17334,17335,17336,17337,17338,17339,17340,17341,17342,17343,17344,17345,17346,17347,17348,17349,17350,17351,17352,17353,17354,17355,17356,17357,17358,17359,17360,17361,17362,17363,17364,17365,17366,17367,17368,17369,17370,17371,17372,17373,17374,17375,17376,17377,17378,17379,17380,17381,17382,17383,17384,17385,17386,17387,17388,17389,17390,17391,17392,17393,17394,17395,17396,17397,17398,17399,17400,17401,17402,17403,17404,17405,17406,17407,17408,17409,17410,17411,17412,17413,17414,17415,17416,17417,17418,17419,17420,17421,17422,17423,17424,17425,17426,17427,17428,17429,17430,17431,17432,17433,17434,17435,17436,17437,17438,17439,17440,17441,17442,17443,17444,17445,17446,17447,17448,17449,17450,17451,17452,17453,17454,17455,17456,17457,17458,17459,17460,17461,17462,17463,17464,17465,17466,17467,17468,17469,17470,17471,17472,17473,17474,17475,17476,17477,17478,17479,17480,17481,17482,17483,17484,17485,17486,17487,17488,17489,17490,17491,17492,17493,17494,17495,17496,17497,17498,17499,17500,17501,17502,17503,17504,17505,17506,17507,17508,17509,17510,17511,17512,17513,17514,17515,17516,17517,17518,17519,17520,17521,17522,17523,17524,17525,17526,17527,17528,17529,17530,17531,17532,17533,17534,17535,17536,17537,17538,17539,17540,17541,17542,17543,17544,17545,17546,17547,17548,17549,17550,17551,17552,17553,17554,17555,17556,17557,17558,17559,17560,17561,17562,17563,17564,17565,17566,17567,17568,17569,17570,17571,17572,17573,17574,17575,17576,17577,17578,17579,17580,17581,17582,17583,17584,17585,17586,17587,17588,17589,17590,17591,17592,17593,17594,17595,17596,17597,17598,17599,17600,17601,17602,17603,17604,17605,17606,17607,17608,17609,17610,17611,17612,17613,17614,17615,17616,17617,17618,17619,17620,17621,17622,17623,17624,17625,17626,17627,17628,17629,17630,17631,17632,17633,17634,17635,17636,17637,17638,17639,17640,17641,17642,17643,17644,17645,17646,17647,17648,17649,17650,17651,17652,17653,17654,17655,17656,17657,17658,17659,17660,17661,17662,17663,17664,17665,17666,17667,17668,17669,17670,17671,17672,17673,17674,17675,17676,17677,17678,17679,17680,17681,17682,17683,17684,17685,17686,17687,17688,17689,17690,17691,17692,17693,17694,17695,17696,17697,17698,17699,17700,17701,17702,17703,17704,17705,17706,17707,17708,17709,17710,17711,17712,17713,17714,17715,17716,17717,17718,17719,17720,17721,17722,17723,17724,17725,17726,17727,17728,17729,17730,17731,17732,17733,17734,17735,17736,17737,17738,17739,17740,17741,17742,17743,17744,17745,17746,17747,17748,17749,17750,17751,17752,17753,17754,17755,17756,17757,17758,17759,17760,17761,17762,17763,17764,17765,17766,17767,17768,17769,17770,17771,17772,17773,17774,17775,17776,17777,17778,17779,17780,17781,17782,17783,17784,17785,17786,17787,17788,17789,17790,17791,17792,17793,17794,17795,17796,17797,17798,17799,17800,17801,17802,17803,17804,17805,17806,17807,17808,17809,17810,17811,17812,17813,17814,17815,17816,17817,17818,17819,17820,17821,17822,17823,17824,17825,17826,17827,17828,17829,17830,17831,17832,17833,17834,17835,17836,17837,17838,17839,17840,17841,17842,17843,17844,17845,17846,17847,17848,17849,17850,17851,17852,17853,17854,17855,17856,17857,17858,17859,17860,17861,17862,17863,17864,17865,17866,17867,17868,17869,17870,17871,17872,17873,17874,17875,17876,17877,17878,17879,17880,17881,17882,17883,17884,17885,17886,17887,17888,17889,17890,17891,17892,17893,17894,17895,17896,17897,17898,17899,17900,17901,17902,17903,17904,17905,17906,17907,17908,17909,17910,17911,17912,17913,17914,17915,17916,17917,17918,17919,17920,17921,17922,17923,17924,17925,17926,17927,17928,17929,17930,17931,17932,17933,17934,17935,17936,17937,17938,17939,17940,17941,17942,17943,17944,17945,17946,17947,17948,17949,17950,17951,17952,17953,17954,17955,17956,17957,17958,17959,17960,17961,17962,17963,17964,17965,17966,17967,17968,17969,17970,17971,17972,17973,17974,17975,17976,17977,17978,17979,17980,17981,17982,17983,17984,17985,17986,17987,17988,17989,17990,17991,17992,17993,17994,17995,17996,17997,17998,17999,18000,18001,18002,18003,18004,18005,18006,18007,18008,18009,18010,18011,18012,18013,18014,18015,18016,18017,18018,18019,18020,18021,18022,18023,18024,18025,18026,18027,18028,18029,18030,18031,18032,18033,18034,18035,18036,18037,18038,18039,18040,18041,18042,18043,18044,18045,18046,18047,18048,18049,18050,18051,18052,18053,18054,18055,18056,18057,18058,18059,18060,18061,18062,18063,18064,18065,18066,18067,18068,18069,18070,18071,18072,18073,18074,18075,18076,18077,18078,18079,18080,18081,18082,18083,18084,18085,18086,18087,18088,18089,18090,18091,18092,18093,18094,18095,18096,18097,18098,18099,18100,18101,18102,18103,18104,18105,18106,18107,18108,18109,18110,18111,18112,18113,18114,18115,18116,18117,18118,18119,18120,18121,18122,18123,18124,18125,18126,18127,18128,18129,18130,18131,18132,18133,18134,18135,18136,18137,18138,18139,18140,18141,18142,18143,18144,18145,18146,18147,18148,18149,18150,18151,18152,18153,18154,18155,18156,18157,18158,18159,18160,18161,18162,18163,18164,18165,18166,18167,18168,18169,18170,18171,18172,18173,18174,18175,18176,18177,18178,18179,18180,18181,18182,18183,18184,18185,18186,18187,18188,18189,18190,18191,18192,18193,18194,18195,18196,18197,18198,18199,18200,18201,18202,18203,18204,18205,18206,18207,18208,18209,18210,18211,18212,18213,18214,18215,18216,18217,18218,18219,18220,18221,18222,18223,18224,18225,18226,18227,18228,18229,18230,18231,18232,18233,18234,18235,18236,18237,18238,18239,18240,18241,18242,18243,18244,18245,18246,18247,18248,18249,18250,18251,18252,18253,18254,18255,18256,18257,18258,18259,18260,18261,18262,18263,18264,18265,18266,18267,18268,18269,18270,18271,18272,18273,18274,18275,18276,18277,18278,18279,18280,18281,18282,18283,18284,18285,18286,18287,18288,18289,18290,18291,18292,18293,18294,18295,18296,18297,18298,18299,18300,18301,18302,18303,18304,18305,18306,18307,18308,18309,18310,18311,18312,18313,18314,18315,18316,18317,18318,18319,18320,18321,18322,18323,18324,18325,18326,18327,18328,18329,18330,18331,18332,18333,18334,18335,18336,18337,18338,18339,18340,18341,18342,18343,18344,18345,18346,18347,18348,18349,18350,18351,18352,18353,18354,18355,18356,18357,18358,18359,18360,18361,18362,18363,18364,18365,18366,18367,18368,18369,18370,18371,18372,18373,18374,18375,18376,18377,18378,18379,18380,18381,18382,18383,18384,18385,18386,18387,18388,18389,18390,18391,18392,18393,18394,18395,18396,18397,18398,18399,18400,18401,18402,18403,18404,18405,18406,18407,18408,18409,18410,18411,18412,18413,18414,18415,18416,18417,18418,18419,18420,18421,18422,18423,18424,18425,18426,18427,18428,18429,18430,18431,18432,18433,18434,18435,18436,18437,18438,18439,18440,18441,18442,18443,18444,18445,18446,18447,18448,18449,18450,18451,18452,18453,18454,18455,18456,18457,18458,18459,18460,18461,18462,18463,18464,18465,18466,18467,18468,18469,18470,18471,18472,18473,18474,18475,18476,18477,18478,18479,18480,18481,18482,18483,18484,18485,18486,18487,18488,18489,18490,18491,18492,18493,18494,18495,18496,18497,18498,18499,18500,18501,18502,18503,18504,18505,18506,18507,18508,18509,18510,18511,18512,18513,18514,18515,18516,18517,18518,18519,18520,18521,18522,18523,18524,18525,18526,18527,18528,18529,18530,18531,18532,18533,18534,18535,18536,18537,18538,18539,18540,18541,18542,18543,18544,18545,18546,18547,18548,18549,18550,18551,18552,18553,18554,18555,18556,18557,18558,18559,18560,18561,18562,18563,18564,18565,18566,18567,18568,18569,18570,18571,18572,18573,18574,18575,18576,18577,18578,18579,18580,18581,18582,18583,18584,18585,18586,18587,18588,18589,18590,18591,18592,18593,18594,18595,18596,18597,18598,18599,18600,18601,18602,18603,18604,18605,18606,18607,18608,18609,18610,18611,18612,18613,18614,18615,18616,18617,18618,18619,18620,18621,18622,18623,18624,18625,18626,18627,18628,18629,18630,18631,18632,18633,18634,18635,18636,18637,18638,18639,18640,18641,18642,18643,18644,18645,18646,18647,18648,18649,18650,18651,18652,18653,18654,18655,18656,18657,18658,18659,18660,18661,18662,18663,18664,18665,18666,18667,18668,18669,18670,18671,18672,18673,18674,18675,18676,18677,18678,18679,18680,18681,18682,18683,18684,18685,18686,18687,18688,18689,18690,18691,18692,18693,18694,18695,18696,18697,18698,18699,18700,18701,18702,18703,18704,18705,18706,18707,18708,18709,18710,18711,18712,18713,18714,18715,18716,18717,18718,18719,18720,18721,18722,18723,18724,18725,18726,18727,18728,18729,18730,18731,18732,18733,18734,18735,18736,18737,18738,18739,18740,18741,18742,18743,18744,18745,18746,18747,18748,18749,18750,18751,18752,18753,18754,18755,18756,18757,18758,18759,18760,18761,18762,18763,18764,18765,18766,18767,18768,18769,18770,18771,18772,18773,18774,18775,18776,18777,18778,18779,18780,18781,18782,18783,18784,18785,18786,18787,18788,18789,18790,18791,18792,18793,18794,18795,18796,18797,18798,18799,18800,18801,18802,18803,18804,18805,18806,18807,18808,18809,18810,18811,18812,18813,18814,18815,18816,18817,18818,18819,18820,18821,18822,18823,18824,18825,18826,18827,18828,18829,18830,18831,18832,18833,18834,18835,18836,18837,18838,18839,18840,18841,18842,18843,18844,18845,18846,18847,18848,18849,18850,18851,18852,18853,18854,18855,18856,18857,18858,18859,18860,18861,18862,18863,18864,18865,18866,18867,18868,18869,18870,18871,18872,18873,18874,18875,18876,18877,18878,18879,18880,18881,18882,18883,18884,18885,18886,18887,18888,18889,18890,18891,18892,18893,18894,18895,18896,18897,18898,18899,18900,18901,18902,18903,18904,18905,18906,18907,18908,18909,18910,18911,18912,18913,18914,18915,18916,18917,18918,18919,18920,18921,18922,18923,18924,18925,18926,18927,18928,18929,18930,18931,18932,18933,18934,18935,18936,18937,18938,18939,18940,18941,18942,18943,18944,18945,18946,18947,18948,18949,18950,18951,18952,18953,18954,18955,18956,18957,18958,18959,18960,18961,18962,18963,18964,18965,18966,18967,18968,18969,18970,18971,18972,18973,18974,18975,18976,18977,18978,18979,18980,18981,18982,18983,18984,18985,18986,18987,18988,18989,18990,18991,18992,18993,18994,18995,18996,18997,18998,18999,19000,19001,19002,19003,19004,19005,19006,19007,19008,19009,19010,19011,19012,19013,19014,19015,19016,19017,19018,19019,19020,19021,19022,19023,19024,19025,19026,19027,19028,19029,19030,19031,19032,19033,19034,19035,19036,19037,19038,19039,19040,19041,19042,19043,19044,19045,19046,19047,19048,19049,19050,19051,19052,19053,19054,19055,19056,19057,19058,19059,19060,19061,19062,19063,19064,19065,19066,19067,19068,19069,19070,19071,19072,19073,19074,19075,19076,19077,19078,19079,19080,19081,19082,19083,19084,19085,19086,19087,19088,19089,19090,19091,19092,19093,19094,19095,19096,19097,19098,19099,19100,19101,19102,19103,19104,19105,19106,19107,19108,19109,19110,19111,19112,19113,19114,19115,19116,19117,19118,19119,19120,19121,19122,19123,19124,19125,19126,19127,19128,19129,19130,19131,19132,19133,19134,19135,19136,19137,19138,19139,19140,19141,19142,19143,19144,19145,19146,19147,19148,19149,19150,19151,19152,19153,19154,19155,19156,19157,19158,19159,19160,19161,19162,19163,19164,19165,19166,19167,19168,19169,19170,19171,19172,19173,19174,19175,19176,19177,19178,19179,19180,19181,19182,19183,19184,19185,19186,19187,19188,19189,19190,19191,19192,19193,19194,19195,19196,19197,19198,19199,19200,19201,19202,19203,19204,19205,19206,19207,19208,19209,19210,19211,19212,19213,19214,19215,19216,19217,19218,19219,19220,19221,19222,19223,19224,19225,19226,19227,19228,19229,19230,19231,19232,19233,19234,19235,19236,19237,19238,19239,19240,19241,19242,19243,19244,19245,19246,19247,19248,19249,19250,19251,19252,19253,19254,19255,19256,19257,19258,19259,19260,19261,19262,19263,19264,19265,19266,19267,19268,19269,19270,19271,19272,19273,19274,19275,19276,19277,19278,19279,19280,19281,19282,19283,19284,19285,19286,19287,19288,19289,19290,19291,19292,19293,19294,19295,19296,19297,19298,19299,19300,19301,19302,19303,19304,19305,19306,19307,19308,19309,19310,19311,19312,19313,19314,19315,19316,19317,19318,19319,19320,19321,19322,19323,19324,19325,19326,19327,19328,19329,19330,19331,19332,19333,19334,19335,19336,19337,19338,19339,19340,19341,19342,19343,19344,19345,19346,19347,19348,19349,19350,19351,19352,19353,19354,19355,19356,19357,19358,19359,19360,19361,19362,19363,19364,19365,19366,19367,19368,19369,19370,19371,19372,19373,19374,19375,19376,19377,19378,19379,19380,19381,19382,19383,19384,19385,19386,19387,19388,19389,19390,19391,19392,19393,19394,19395,19396,19397,19398,19399,19400,19401,19402,19403,19404,19405,19406,19407,19408,19409,19410,19411,19412,19413,19414,19415,19416,19417,19418,19419,19420,19421,19422,19423,19424,19425,19426,19427,19428,19429,19430,19431,19432,19433,19434,19435,19436,19437,19438,19439,19440,19441,19442,19443,19444,19445,19446,19447,19448,19449,19450,19451,19452,19453,19454,19455,19456,19457,19458,19459,19460,19461,19462,19463,19464,19465,19466,19467,19468,19469,19470,19471,19472,19473,19474,19475,19476,19477,19478,19479,19480,19481,19482,19483,19484,19485,19486,19487,19488,19489,19490,19491,19492,19493,19494,19495,19496,19497,19498,19499,19500,19501,19502,19503,19504,19505,19506,19507,19508,19509,19510,19511,19512,19513,19514,19515,19516,19517,19518,19519,19520,19521,19522,19523,19524,19525,19526,19527,19528,19529,19530,19531,19532,19533,19534,19535,19536,19537,19538,19539,19540,19541,19542,19543,19544,19545,19546,19547,19548,19549,19550,19551,19552,19553,19554,19555,19556,19557,19558,19559,19560,19561,19562,19563,19564,19565,19566,19567,19568,19569,19570,19571,19572,19573,19574,19575,19576,19577,19578,19579,19580,19581,19582,19583,19584,19585,19586,19587,19588,19589,19590,19591,19592,19593,19594,19595,19596,19597,19598,19599,19600,19601,19602,19603,19604,19605,19606,19607,19608,19609,19610,19611,19612,19613,19614,19615,19616,19617,19618,19619,19620,19621,19622,19623,19624,19625,19626,19627,19628,19629,19630,19631,19632,19633,19634,19635,19636,19637,19638,19639,19640,19641,19642,19643,19644,19645,19646,19647,19648,19649,19650,19651,19652,19653,19654,19655,19656,19657,19658,19659,19660,19661,19662,19663,19664,19665,19666,19667,19668,19669,19670,19671,19672,19673,19674,19675,19676,19677,19678,19679,19680,19681,19682,19683,19684,19685,19686,19687,19688,19689,19690,19691,19692,19693,19694,19695,19696,19697,19698,19699,19700,19701,19702,19703,19704,19705,19706,19707,19708,19709,19710,19711,19712,19713,19714,19715,19716,19717,19718,19719,19720,19721,19722,19723,19724,19725,19726,19727,19728,19729,19730,19731,19732,19733,19734,19735,19736,19737,19738,19739,19740,19741,19742,19743,19744,19745,19746,19747,19748,19749,19750,19751,19752,19753,19754,19755,19756,19757,19758,19759,19760,19761,19762,19763,19764,19765,19766,19767,19768,19769,19770,19771,19772,19773,19774,19775,19776,19777,19778,19779,19780,19781,19782,19783,19784,19785,19786,19787,19788,19789,19790,19791,19792,19793,19794,19795,19796,19797,19798,19799,19800,19801,19802,19803,19804,19805,19806,19807,19808,19809,19810,19811,19812,19813,19814,19815,19816,19817,19818,19819,19820,19821,19822,19823,19824,19825,19826,19827,19828,19829,19830,19831,19832,19833,19834,19835,19836,19837,19838,19839,19840,19841,19842,19843,19844,19845,19846,19847,19848,19849,19850,19851,19852,19853,19854,19855,19856,19857,19858,19859,19860,19861,19862,19863,19864,19865,19866,19867,19868,19869,19870,19871,19872,19873,19874,19875,19876,19877,19878,19879,19880,19881,19882,19883,19884,19885,19886,19887,19888,19889,19890,19891,19892,19893,19894,19895,19896,19897,19898,19899,19900,19901,19902,19903,19904,19905,19906,19907,19908,19909,19910,19911,19912,19913,19914,19915,19916,19917,19918,19919,19920,19921,19922,19923,19924,19925,19926,19927,19928,19929,19930,19931,19932,19933,19934,19935,19936,19937,19938,19939,19940,19941,19942,19943,19944,19945,19946,19947,19948,19949,19950,19951,19952,19953,19954,19955,19956,19957,19958,19959,19960,19961,19962,19963,19964,19965,19966,19967,19968,19969,19970,19971,19972,19973,19974,19975,19976,19977,19978,19979,19980,19981,19982,19983,19984,19985,19986,19987,19988,19989,19990,19991,19992,19993,19994,19995,19996,19997,19998,19999,20000,20001,20002,20003,20004,20005,20006,20007,20008,20009,20010,20011,20012,20013,20014,20015,20016,20017,20018,20019,20020,20021,20022,20023,20024,20025,20026,20027,20028,20029,20030,20031,20032,20033,20034,20035,20036,20037,20038,20039,20040,20041,20042,20043,20044,20045,20046,20047,20048,20049,20050,20051,20052,20053,20054,20055,20056,20057,20058,20059,20060,20061,20062,20063,20064,20065,20066,20067,20068,20069,20070,20071,20072,20073,20074,20075,20076,20077,20078,20079,20080,20081,20082,20083,20084,20085,20086,20087,20088,20089,20090,20091,20092,20093,20094,20095,20096,20097,20098,20099,20100,20101,20102,20103,20104,20105,20106,20107,20108,20109,20110,20111,20112,20113,20114,20115,20116,20117,20118,20119,20120,20121,20122,20123,20124,20125,20126,20127,20128,20129,20130,20131,20132,20133,20134,20135,20136,20137,20138,20139,20140,20141,20142,20143,20144,20145,20146,20147,20148,20149,20150,20151,20152,20153,20154,20155,20156,20157,20158,20159,20160,20161,20162,20163,20164,20165,20166,20167,20168,20169,20170,20171,20172,20173,20174,20175,20176,20177,20178,20179,20180,20181,20182,20183,20184,20185,20186,20187,20188,20189,20190,20191,20192,20193,20194,20195,20196,20197,20198,20199,20200,20201,20202,20203,20204,20205,20206,20207,20208,20209,20210,20211,20212,20213,20214,20215,20216,20217,20218,20219,20220,20221,20222,20223,20224,20225,20226,20227,20228,20229,20230,20231,20232,20233,20234,20235,20236,20237,20238,20239,20240,20241,20242,20243,20244,20245,20246,20247,20248,20249,20250,20251,20252,20253,20254,20255,20256,20257,20258,20259,20260,20261,20262,20263,20264,20265,20266,20267,20268,20269,20270,20271,20272,20273,20274,20275,20276,20277,20278,20279,20280,20281,20282,20283,20284,20285,20286,20287,20288,20289,20290,20291,20292,20293,20294,20295,20296,20297,20298,20299,20300,20301,20302,20303,20304,20305,20306,20307,20308,20309,20310,20311,20312,20313,20314,20315,20316,20317,20318,20319,20320,20321,20322,20323,20324,20325,20326,20327,20328,20329,20330,20331,20332,20333,20334,20335,20336,20337,20338,20339,20340,20341,20342,20343,20344,20345,20346,20347,20348,20349,20350,20351,20352,20353,20354,20355,20356,20357,20358,20359,20360,20361,20362,20363,20364,20365,20366,20367,20368,20369,20370,20371,20372,20373,20374,20375,20376,20377,20378,20379,20380,20381,20382,20383,20384,20385,20386,20387,20388,20389,20390,20391,20392,20393,20394,20395,20396,20397,20398,20399,20400,20401,20402,20403,20404,20405,20406,20407,20408,20409,20410,20411,20412,20413,20414,20415,20416,20417,20418,20419,20420,20421,20422,20423,20424,20425,20426,20427,20428,20429,20430,20431,20432,20433,20434,20435,20436,20437,20438,20439,20440,20441,20442,20443,20444,20445,20446,20447,20448,20449,20450,20451,20452,20453,20454,20455,20456,20457,20458,20459,20460,20461,20462,20463,20464,20465,20466,20467,20468,20469,20470,20471,20472,20473,20474,20475,20476,20477,20478,20479,20480,20481,20482,20483,20484,20485,20486,20487,20488,20489,20490,20491,20492,20493,20494,20495,20496,20497,20498,20499,20500,20501,20502,20503,20504,20505,20506,20507,20508,20509,20510,20511,20512,20513,20514,20515,20516,20517,20518,20519,20520,20521,20522,20523,20524,20525,20526,20527,20528,20529,20530,20531,20532,20533,20534,20535,20536,20537,20538,20539,20540,20541,20542,20543,20544,20545,20546,20547,20548,20549,20550,20551,20552,20553,20554,20555,20556,20557,20558,20559,20560,20561,20562,20563,20564,20565,20566,20567,20568,20569,20570,20571,20572,20573,20574,20575,20576,20577,20578,20579,20580,20581,20582,20583,20584,20585,20586,20587,20588,20589,20590,20591,20592,20593,20594,20595,20596,20597,20598,20599,20600,20601,20602,20603,20604,20605,20606,20607,20608,20609,20610,20611,20612,20613,20614,20615,20616,20617,20618,20619,20620,20621,20622,20623,20624,20625,20626,20627,20628,20629,20630,20631,20632,20633,20634,20635,20636,20637,20638,20639,20640,20641,20642,20643,20644,20645,20646,20647,20648,20649,20650,20651,20652,20653,20654,20655,20656,20657,20658,20659,20660,20661,20662,20663,20664,20665,20666,20667,20668,20669,20670,20671,20672,20673,20674,20675,20676,20677,20678,20679,20680,20681,20682,20683,20684,20685,20686,20687,20688,20689,20690,20691,20692,20693,20694,20695,20696,20697,20698,20699,20700,20701,20702,20703,20704,20705,20706,20707,20708,20709,20710,20711,20712,20713,20714,20715,20716,20717,20718,20719,20720,20721,20722,20723,20724,20725,20726,20727,20728,20729,20730,20731,20732,20733,20734,20735,20736,20737,20738,20739,20740,20741,20742,20743,20744,20745,20746,20747,20748,20749,20750,20751,20752,20753,20754,20755,20756,20757,20758,20759,20760,20761,20762,20763,20764,20765,20766,20767,20768,20769,20770,20771,20772,20773,20774,20775,20776,20777,20778,20779,20780,20781,20782,20783,20784,20785,20786,20787,20788,20789,20790,20791,20792,20793,20794,20795,20796,20797,20798,20799,20800,20801,20802,20803,20804,20805,20806,20807,20808,20809,20810,20811,20812,20813,20814,20815,20816,20817,20818,20819,20820,20821,20822,20823,20824,20825,20826,20827,20828,20829,20830,20831,20832,20833,20834,20835,20836,20837,20838,20839,20840,20841,20842,20843,20844,20845,20846,20847,20848,20849,20850,20851,20852,20853,20854,20855,20856,20857,20858,20859,20860,20861,20862,20863,20864,20865,20866,20867,20868,20869,20870,20871,20872,20873,20874,20875,20876,20877,20878,20879,20880,20881,20882,20883,20884,20885,20886,20887,20888,20889,20890,20891,20892,20893,20894,20895,20896,20897,20898,20899,20900,20901,20902,20903,20904,20905,20906,20907,20908,20909,20910,20911,20912,20913,20914,20915,20916,20917,20918,20919,20920,20921,20922,20923,20924,20925,20926,20927,20928,20929,20930,20931,20932,20933,20934,20935,20936,20937,20938,20939,20940,20941,20942,20943,20944,20945,20946,20947,20948,20949,20950,20951,20952,20953,20954,20955,20956,20957,20958,20959,20960,20961,20962,20963,20964,20965,20966,20967,20968,20969,20970,20971,20972,20973,20974,20975,20976,20977,20978,20979,20980,20981,20982,20983,20984,20985,20986,20987,20988,20989,20990,20991,20992,20993,20994,20995,20996,20997,20998,20999,21000,21001,21002,21003,21004,21005,21006,21007,21008,21009,21010,21011,21012,21013,21014,21015,21016,21017,21018,21019,21020,21021,21022,21023,21024,21025,21026,21027,21028,21029,21030,21031,21032,21033,21034,21035,21036,21037,21038,21039,21040,21041,21042,21043,21044,21045,21046,21047,21048,21049,21050,21051,21052,21053,21054,21055,21056,21057,21058,21059,21060,21061,21062,21063,21064,21065,21066,21067,21068,21069,21070,21071,21072,21073,21074,21075,21076,21077,21078,21079,21080,21081,21082,21083,21084,21085,21086,21087,21088,21089,21090,21091,21092,21093,21094,21095,21096,21097,21098,21099,21100,21101,21102,21103,21104,21105,21106,21107,21108,21109,21110,21111,21112,21113,21114,21115,21116,21117,21118,21119,21120,21121,21122,21123,21124,21125,21126,21127,21128,21129,21130,21131,21132,21133,21134,21135,21136,21137,21138,21139,21140,21141,21142,21143,21144,21145,21146,21147,21148,21149,21150,21151,21152,21153,21154,21155,21156,21157,21158,21159,21160,21161,21162,21163,21164,21165,21166,21167,21168,21169,21170,21171,21172,21173,21174,21175,21176,21177,21178,21179,21180,21181,21182,21183,21184,21185,21186,21187,21188,21189,21190,21191,21192,21193,21194,21195,21196,21197,21198,21199,21200,21201,21202,21203,21204,21205,21206,21207,21208,21209,21210,21211,21212,21213,21214,21215,21216,21217,21218,21219,21220,21221,21222,21223,21224,21225,21226,21227,21228,21229,21230,21231,21232,21233,21234,21235,21236,21237,21238,21239,21240,21241,21242,21243,21244,21245,21246,21247,21248,21249,21250,21251,21252,21253,21254,21255,21256,21257,21258,21259,21260,21261,21262,21263,21264,21265,21266,21267,21268,21269,21270,21271,21272,21273,21274,21275,21276,21277,21278,21279,21280,21281,21282,21283,21284,21285,21286,21287,21288,21289,21290,21291,21292,21293,21294,21295,21296,21297,21298,21299,21300,21301,21302,21303,21304,21305,21306,21307,21308,21309,21310,21311,21312,21313,21314,21315,21316,21317,21318,21319,21320,21321,21322,21323,21324,21325,21326,21327,21328,21329,21330,21331,21332,21333,21334,21335,21336,21337,21338,21339,21340,21341,21342,21343,21344,21345,21346,21347,21348,21349,21350,21351,21352,21353,21354,21355,21356,21357,21358,21359,21360,21361,21362,21363,21364,21365,21366,21367,21368,21369,21370,21371,21372,21373,21374,21375,21376,21377,21378,21379,21380,21381,21382,21383,21384,21385,21386,21387,21388,21389,21390,21391,21392,21393,21394,21395,21396,21397,21398,21399,21400,21401,21402,21403,21404,21405,21406,21407,21408,21409,21410,21411,21412,21413,21414,21415,21416,21417,21418,21419,21420,21421,21422,21423,21424,21425,21426,21427,21428,21429,21430,21431,21432,21433,21434,21435,21436,21437,21438,21439,21440,21441,21442,21443,21444,21445,21446,21447,21448,21449,21450,21451,21452,21453,21454,21455,21456,21457,21458,21459,21460,21461,21462,21463,21464,21465,21466,21467,21468,21469,21470,21471,21472,21473,21474,21475,21476,21477,21478,21479,21480,21481,21482,21483,21484,21485,21486,21487,21488,21489,21490,21491,21492,21493,21494,21495,21496,21497,21498,21499,21500,21501,21502,21503,21504,21505,21506,21507,21508,21509,21510,21511,21512,21513,21514,21515,21516,21517,21518,21519,21520,21521,21522,21523,21524,21525,21526,21527,21528,21529,21530,21531,21532,21533,21534,21535,21536,21537,21538,21539,21540,21541,21542,21543,21544,21545,21546,21547,21548,21549,21550,21551,21552,21553,21554,21555,21556,21557,21558,21559,21560,21561,21562,21563,21564,21565,21566,21567,21568,21569,21570,21571,21572,21573,21574,21575,21576,21577,21578,21579,21580,21581,21582,21583,21584,21585,21586,21587,21588,21589,21590,21591,21592,21593,21594,21595,21596,21597,21598,21599,21600,21601,21602,21603,21604,21605,21606,21607,21608,21609,21610,21611,21612,21613,21614,21615,21616,21617,21618,21619,21620,21621,21622,21623,21624,21625,21626,21627,21628,21629,21630,21631,21632,21633,21634,21635,21636,21637,21638,21639,21640,21641,21642,21643,21644,21645,21646,21647,21648,21649,21650,21651,21652,21653,21654,21655,21656,21657,21658,21659,21660,21661,21662,21663,21664,21665,21666,21667,21668,21669,21670,21671,21672,21673,21674,21675,21676,21677,21678,21679,21680,21681,21682,21683,21684,21685,21686,21687,21688,21689,21690,21691,21692,21693,21694,21695,21696,21697,21698,21699,21700,21701,21702,21703,21704,21705,21706,21707,21708,21709,21710,21711,21712,21713,21714,21715,21716,21717,21718,21719,21720,21721,21722,21723,21724,21725,21726,21727,21728,21729,21730,21731,21732,21733,21734,21735,21736,21737,21738,21739,21740,21741,21742,21743,21744,21745,21746,21747,21748,21749,21750,21751,21752,21753,21754,21755,21756,21757,21758,21759,21760,21761,21762,21763,21764,21765,21766,21767,21768,21769,21770,21771,21772,21773,21774,21775,21776,21777,21778,21779,21780,21781,21782,21783,21784,21785,21786,21787,21788,21789,21790,21791,21792,21793,21794,21795,21796,21797,21798,21799,21800,21801,21802,21803,21804,21805,21806,21807,21808,21809,21810,21811,21812,21813,21814,21815,21816,21817,21818,21819,21820,21821,21822,21823,21824,21825,21826,21827,21828,21829,21830,21831,21832,21833,21834,21835,21836,21837,21838,21839,21840,21841,21842,21843,21844,21845,21846,21847,21848,21849,21850,21851,21852,21853,21854,21855,21856,21857,21858,21859,21860,21861,21862,21863,21864,21865,21866,21867,21868,21869,21870,21871,21872,21873,21874,21875,21876,21877,21878,21879,21880,21881,21882,21883,21884,21885,21886,21887,21888,21889,21890,21891,21892,21893,21894,21895,21896,21897,21898,21899,21900,21901,21902,21903,21904,21905,21906,21907,21908,21909,21910,21911,21912,21913,21914,21915,21916,21917,21918,21919,21920,21921,21922,21923,21924,21925,21926,21927,21928,21929,21930,21931,21932,21933,21934,21935,21936,21937,21938,21939,21940,21941,21942,21943,21944,21945,21946,21947,21948,21949,21950,21951,21952,21953,21954,21955,21956,21957,21958,21959,21960,21961,21962,21963,21964,21965,21966,21967,21968,21969,21970,21971,21972,21973,21974,21975,21976,21977,21978,21979,21980,21981,21982,21983,21984,21985,21986,21987,21988,21989,21990,21991,21992,21993,21994,21995,21996,21997,21998,21999,22000,22001,22002,22003,22004,22005,22006,22007,22008,22009,22010,22011,22012,22013,22014,22015,22016,22017,22018,22019,22020,22021,22022,22023,22024,22025,22026,22027,22028,22029,22030,22031,22032,22033,22034,22035,22036,22037,22038,22039,22040,22041,22042,22043,22044,22045,22046,22047,22048,22049,22050,22051,22052,22053,22054,22055,22056,22057,22058,22059,22060,22061,22062,22063,22064,22065,22066,22067,22068,22069,22070,22071,22072,22073,22074,22075,22076,22077,22078,22079,22080,22081,22082,22083,22084,22085,22086,22087,22088,22089,22090,22091,22092,22093,22094,22095,22096,22097,22098,22099,22100,22101,22102,22103,22104,22105,22106,22107,22108,22109,22110,22111,22112,22113,22114,22115,22116,22117,22118,22119,22120,22121,22122,22123,22124,22125,22126,22127,22128,22129,22130,22131,22132,22133,22134,22135,22136,22137,22138,22139,22140,22141,22142,22143,22144,22145,22146,22147,22148,22149,22150,22151,22152,22153,22154,22155,22156,22157,22158,22159,22160,22161,22162,22163,22164,22165,22166,22167,22168,22169,22170,22171,22172,22173,22174,22175,22176,22177,22178,22179,22180,22181,22182,22183,22184,22185,22186,22187,22188,22189,22190,22191,22192,22193,22194,22195,22196,22197,22198,22199,22200,22201,22202,22203,22204,22205,22206,22207,22208,22209,22210,22211,22212,22213,22214,22215,22216,22217,22218,22219,22220,22221,22222,22223,22224,22225,22226,22227,22228,22229,22230,22231,22232,22233,22234,22235,22236,22237,22238,22239,22240,22241,22242,22243,22244,22245,22246,22247,22248,22249,22250,22251,22252,22253,22254,22255,22256,22257,22258,22259,22260,22261,22262,22263,22264,22265,22266,22267,22268,22269,22270,22271,22272,22273,22274,22275,22276,22277,22278,22279,22280,22281,22282,22283,22284,22285,22286,22287,22288,22289,22290,22291,22292,22293,22294,22295,22296,22297,22298,22299,22300,22301,22302,22303,22304,22305,22306,22307,22308,22309,22310,22311,22312,22313,22314,22315,22316,22317,22318,22319,22320,22321,22322,22323,22324,22325,22326,22327,22328,22329,22330,22331,22332,22333,22334,22335,22336,22337,22338,22339,22340,22341,22342,22343,22344,22345,22346,22347,22348,22349,22350,22351,22352,22353,22354,22355,22356,22357,22358,22359,22360,22361,22362,22363,22364,22365,22366,22367,22368,22369,22370,22371,22372,22373,22374,22375,22376,22377,22378,22379,22380,22381,22382,22383,22384,22385,22386,22387,22388,22389,22390,22391,22392,22393,22394,22395,22396,22397,22398,22399,22400,22401,22402,22403,22404,22405,22406,22407,22408,22409,22410,22411,22412,22413,22414,22415,22416,22417,22418,22419,22420,22421,22422,22423,22424,22425,22426,22427,22428,22429,22430,22431,22432,22433,22434,22435,22436,22437,22438,22439,22440,22441,22442,22443,22444,22445,22446,22447,22448,22449,22450,22451,22452,22453,22454,22455,22456,22457,22458,22459,22460,22461,22462,22463,22464,22465,22466,22467,22468,22469
0.0,-1.5699999999999994,-1.75,-0.40999999999999925,-0.009999999999999787,-1.0599999999999996,-1.4799999999999995,-1.1099999999999994,-1.3499999999999996,0.3600000000000003,-2.0199999999999996,-1.7699999999999996,-1.67,-2.1999999999999993,-1.6899999999999995,-1.5899999999999999,0.15000000000000036,-1.8099999999999996,0.6100000000000003,-2.1999999999999993,0.8200000000000012,-1.7199999999999998,-1.0599999999999996,-0.3700000000000001,-2.1099999999999994,-2.2199999999999998,-0.6399999999999997,-1.71,-1.0999999999999996,-0.9499999999999993,-0.8399999999999999,-0.1200000000000001,-1.3099999999999996,-1.8499999999999996,0.910000000000001,-1.7299999999999995,-1.7699999999999996,0.3100000000000005,-0.7699999999999996,0.45999999999999996,-2.9099999999999993,-1.0899999999999999,0.47000000000000064,-1.63,-0.10999999999999943,-2.0,0.040000000000000036,-0.40999999999999925,1.5699999999999994,0.0,-0.1800000000000006,1.1600000000000001,1.5599999999999996,0.5099999999999998,0.08999999999999986,0.45999999999999996,0.21999999999999975,1.9299999999999997,-0.4500000000000002,-0.20000000000000018,-0.10000000000000053,-0.6299999999999999,-0.1200000000000001,-0.020000000000000462,1.7199999999999998,-0.2400000000000002,2.1799999999999997,-0.6299999999999999,2.3900000000000006,-0.15000000000000036,0.5099999999999998,1.1999999999999993,-0.54,-0.6500000000000004,0.9299999999999997,-0.14000000000000057,0.46999999999999975,0.6200000000000001,0.7299999999999995,1.4499999999999993,0.2599999999999998,-0.28000000000000025,2.4800000000000004,-0.16000000000000014,-0.20000000000000018,1.88,0.7999999999999998,2.0299999999999994,-1.3399999999999999,0.47999999999999954,2.04,-0.0600000000000005,1.46,-0.4300000000000006,1.6099999999999994,1.1600000000000001,1.75,0.1800000000000006,0.0,1.3400000000000007,1.7400000000000002,0.6900000000000004,0.27000000000000046,0.6400000000000006,0.40000000000000036,2.1100000000000003,-0.2699999999999996,-0.019999999999999574,0.08000000000000007,-0.4499999999999993,0.0600000000000005,0.16000000000000014,1.9000000000000004,-0.05999999999999961,2.3600000000000003,-0.4499999999999993,2.570000000000001,0.03000000000000025,0.6900000000000004,1.38,-0.35999999999999943,-0.46999999999999975,1.1100000000000003,0.040000000000000036,0.6500000000000004,0.8000000000000007,0.9100000000000001,1.63,0.4400000000000004,-0.09999999999999964,2.660000000000001,0.020000000000000462,-0.019999999999999574,2.0600000000000005,0.9800000000000004,2.21,-1.1599999999999993,0.6600000000000001,2.2200000000000006,0.1200000000000001,1.6400000000000006,-0.25,1.79,1.3400000000000007,0.40999999999999925,-1.1600000000000001,-1.3400000000000007,0.0,0.39999999999999947,-0.6500000000000004,-1.0700000000000003,-0.7000000000000002,-0.9400000000000004,0.7699999999999996,-1.6100000000000003,-1.3600000000000003,-1.2600000000000007,-1.79,-1.2800000000000002,-1.1800000000000006,0.5599999999999996,-1.4000000000000004,1.0199999999999996,-1.79,1.2300000000000004,-1.3100000000000005,-0.6500000000000004,0.03999999999999915,-1.7000000000000002,-1.8100000000000005,-0.23000000000000043,-1.3000000000000007,-0.6900000000000004,-0.54,-0.4300000000000006,0.28999999999999915,-0.9000000000000004,-1.4400000000000004,1.3200000000000003,-1.3200000000000003,-1.3600000000000003,0.7199999999999998,-0.3600000000000003,0.8699999999999992,-2.5,-0.6800000000000006,0.8799999999999999,-1.2200000000000006,0.2999999999999998,-1.5900000000000007,0.4499999999999993,0.0,0.009999999999999787,-1.5599999999999996,-1.7400000000000002,-0.39999999999999947,0.0,-1.0499999999999998,-1.4699999999999998,-1.0999999999999996,-1.3399999999999999,0.3700000000000001,-2.01,-1.7599999999999998,-1.6600000000000001,-2.1899999999999995,-1.6799999999999997,-1.58,0.16000000000000014,-1.7999999999999998,0.6200000000000001,-2.1899999999999995,0.830000000000001,-1.71,-1.0499999999999998,-0.3600000000000003,-2.0999999999999996,-2.21,-0.6299999999999999,-1.7000000000000002,-1.0899999999999999,-0.9399999999999995,-0.8300000000000001,-0.11000000000000032,-1.2999999999999998,-1.8399999999999999,0.9200000000000008,-1.7199999999999998,-1.7599999999999998,0.3200000000000003,-0.7599999999999998,0.46999999999999975,-2.8999999999999995,-1.08,0.4800000000000004,-1.62,-0.09999999999999964,-1.9900000000000002,0.04999999999999982,-0.39999999999999947,1.0599999999999996,-0.5099999999999998,-0.6900000000000004,0.6500000000000004,1.0499999999999998,0.0,-0.41999999999999993,-0.04999999999999982,-0.29000000000000004,1.42,-0.96,-0.71,-0.6100000000000003,-1.1399999999999997,-0.6299999999999999,-0.5300000000000002,1.21,-0.75,1.67,-1.1399999999999997,1.8800000000000008,-0.6600000000000001,0.0,0.6899999999999995,-1.0499999999999998,-1.1600000000000001,0.41999999999999993,-0.6500000000000004,-0.040000000000000036,0.11000000000000032,0.21999999999999975,0.9399999999999995,-0.25,-0.79,1.9700000000000006,-0.6699999999999999,-0.71,1.37,0.29000000000000004,1.5199999999999996,-1.8499999999999996,-0.03000000000000025,1.5300000000000002,-0.5700000000000003,0.9500000000000002,-0.9400000000000004,1.0999999999999996,0.6500000000000004,1.4799999999999995,-0.08999999999999986,-0.27000000000000046,1.0700000000000003,1.4699999999999998,0.41999999999999993,0.0,0.3700000000000001,0.1299999999999999,1.8399999999999999,-0.54,-0.29000000000000004,-0.1900000000000004,-0.7199999999999998,-0.20999999999999996,-0.11000000000000032,1.63,-0.33000000000000007,2.09,-0.7199999999999998,2.3000000000000007,-0.2400000000000002,0.41999999999999993,1.1099999999999994,-0.6299999999999999,-0.7400000000000002,0.8399999999999999,-0.23000000000000043,0.3799999999999999,0.5300000000000002,0.6399999999999997,1.3599999999999994,0.16999999999999993,-0.3700000000000001,2.3900000000000006,-0.25,-0.29000000000000004,1.79,0.71,1.9399999999999995,-1.4299999999999997,0.3899999999999997,1.9500000000000002,-0.15000000000000036,1.37,-0.5200000000000005,1.5199999999999996,1.0700000000000003,1.1099999999999994,-0.45999999999999996,-0.6400000000000006,0.7000000000000002,1.0999999999999996,0.04999999999999982,-0.3700000000000001,0.0,-0.2400000000000002,1.4699999999999998,-0.9100000000000001,-0.6600000000000001,-0.5600000000000005,-1.0899999999999999,-0.5800000000000001,-0.4800000000000004,1.2599999999999998,-0.7000000000000002,1.7199999999999998,-1.0899999999999999,1.9300000000000006,-0.6100000000000003,0.04999999999999982,0.7399999999999993,-1.0,-1.1100000000000003,0.46999999999999975,-0.6000000000000005,0.009999999999999787,0.16000000000000014,0.2699999999999996,0.9899999999999993,-0.20000000000000018,-0.7400000000000002,2.0200000000000005,-0.6200000000000001,-0.6600000000000001,1.42,0.33999999999999986,1.5699999999999994,-1.7999999999999998,0.019999999999999574,1.58,-0.5200000000000005,1.0,-0.8900000000000006,1.1499999999999995,0.7000000000000002,1.3499999999999996,-0.21999999999999975,-0.40000000000000036,0.9400000000000004,1.3399999999999999,0.29000000000000004,-0.1299999999999999,0.2400000000000002,0.0,1.71,-0.6699999999999999,-0.41999999999999993,-0.3200000000000003,-0.8499999999999996,-0.33999999999999986,-0.2400000000000002,1.5,-0.45999999999999996,1.96,-0.8499999999999996,2.170000000000001,-0.3700000000000001,0.29000000000000004,0.9799999999999995,-0.7599999999999998,-0.8700000000000001,0.71,-0.3600000000000003,0.25,0.40000000000000036,0.5099999999999998,1.2299999999999995,0.040000000000000036,-0.5,2.2600000000000007,-0.3799999999999999,-0.41999999999999993,1.6600000000000001,0.5800000000000001,1.8099999999999996,-1.5599999999999996,0.2599999999999998,1.8200000000000003,-0.28000000000000025,1.2400000000000002,-0.6500000000000004,1.3899999999999997,0.9400000000000004,-0.3600000000000003,-1.9299999999999997,-2.1100000000000003,-0.7699999999999996,-0.3700000000000001,-1.42,-1.8399999999999999,-1.4699999999999998,-1.71,0.0,-2.38,-2.13,-2.0300000000000002,-2.5599999999999996,-2.05,-1.9500000000000002,-0.20999999999999996,-2.17,0.25,-2.5599999999999996,0.46000000000000085,-2.08,-1.42,-0.7300000000000004,-2.4699999999999998,-2.58,-1.0,-2.0700000000000003,-1.46,-1.3099999999999996,-1.2000000000000002,-0.4800000000000004,-1.67,-2.21,0.5500000000000007,-2.09,-2.13,-0.04999999999999982,-1.13,0.09999999999999964,-3.2699999999999996,-1.4500000000000002,0.11000000000000032,-1.9900000000000002,-0.46999999999999975,-2.3600000000000003,-0.3200000000000003,-0.7699999999999996,2.0199999999999996,0.4500000000000002,0.2699999999999996,1.6100000000000003,2.01,0.96,0.54,0.9100000000000001,0.6699999999999999,2.38,0.0,0.25,0.34999999999999964,-0.17999999999999972,0.33000000000000007,0.4299999999999997,2.17,0.20999999999999996,2.63,-0.17999999999999972,2.8400000000000007,0.2999999999999998,0.96,1.6499999999999995,-0.08999999999999986,-0.20000000000000018,1.38,0.3099999999999996,0.9199999999999999,1.0700000000000003,1.1799999999999997,1.8999999999999995,0.71,0.16999999999999993,2.9300000000000006,0.29000000000000004,0.25,2.33,1.25,2.4799999999999995,-0.8899999999999997,0.9299999999999997,2.49,0.3899999999999997,1.9100000000000001,0.019999999999999574,2.0599999999999996,1.6100000000000003,1.7699999999999996,0.20000000000000018,0.019999999999999574,1.3600000000000003,1.7599999999999998,0.71,0.29000000000000004,0.6600000000000001,0.41999999999999993,2.13,-0.25,0.0,0.09999999999999964,-0.4299999999999997,0.08000000000000007,0.17999999999999972,1.92,-0.040000000000000036,2.38,-0.4299999999999997,2.5900000000000007,0.04999999999999982,0.71,1.3999999999999995,-0.33999999999999986,-0.4500000000000002,1.13,0.05999999999999961,0.6699999999999999,0.8200000000000003,0.9299999999999997,1.6499999999999995,0.45999999999999996,-0.08000000000000007,2.6800000000000006,0.040000000000000036,0.0,2.08,1.0,2.2299999999999995,-1.1399999999999997,0.6799999999999997,2.24,0.13999999999999968,1.6600000000000001,-0.23000000000000043,1.8099999999999996,1.3600000000000003,1.67,0.10000000000000053,-0.08000000000000007,1.2600000000000007,1.6600000000000001,0.6100000000000003,0.1900000000000004,0.5600000000000005,0.3200000000000003,2.0300000000000002,-0.34999999999999964,-0.09999999999999964,0.0,-0.5299999999999994,-0.019999999999999574,0.08000000000000007,1.8200000000000003,-0.13999999999999968,2.2800000000000002,-0.5299999999999994,2.490000000000001,-0.04999999999999982,0.6100000000000003,1.2999999999999998,-0.4399999999999995,-0.5499999999999998,1.0300000000000002,-0.040000000000000036,0.5700000000000003,0.7200000000000006,0.8300000000000001,1.5499999999999998,0.3600000000000003,-0.17999999999999972,2.580000000000001,-0.05999999999999961,-0.09999999999999964,1.9800000000000004,0.9000000000000004,2.13,-1.2399999999999993,0.5800000000000001,2.1400000000000006,0.040000000000000036,1.5600000000000005,-0.33000000000000007,1.71,1.2600000000000007,2.1999999999999993,0.6299999999999999,0.4499999999999993,1.79,2.1899999999999995,1.1399999999999997,0.7199999999999998,1.0899999999999999,0.8499999999999996,2.5599999999999996,0.17999999999999972,0.4299999999999997,0.5299999999999994,0.0,0.5099999999999998,0.6099999999999994,2.3499999999999996,0.3899999999999997,2.8099999999999996,0.0,3.0200000000000005,0.47999999999999954,1.1399999999999997,1.8299999999999992,0.08999999999999986,-0.020000000000000462,1.5599999999999996,0.4899999999999993,1.0999999999999996,1.25,1.3599999999999994,2.079999999999999,0.8899999999999997,0.34999999999999964,3.1100000000000003,0.46999999999999975,0.4299999999999997,2.51,1.4299999999999997,2.6599999999999993,-0.71,1.1099999999999994,2.67,0.5699999999999994,2.09,0.1999999999999993,2.2399999999999993,1.79,1.6899999999999995,0.1200000000000001,-0.0600000000000005,1.2800000000000002,1.6799999999999997,0.6299999999999999,0.20999999999999996,0.5800000000000001,0.33999999999999986,2.05,-0.33000000000000007,-0.08000000000000007,0.019999999999999574,-0.5099999999999998,0.0,0.09999999999999964,1.8399999999999999,-0.1200000000000001,2.3,-0.5099999999999998,2.5100000000000007,-0.03000000000000025,0.6299999999999999,1.3199999999999994,-0.41999999999999993,-0.5300000000000002,1.0499999999999998,-0.020000000000000462,0.5899999999999999,0.7400000000000002,0.8499999999999996,1.5699999999999994,0.3799999999999999,-0.16000000000000014,2.6000000000000005,-0.040000000000000036,-0.08000000000000007,2.0,0.9199999999999999,2.1499999999999995,-1.2199999999999998,0.5999999999999996,2.16,0.05999999999999961,1.58,-0.3100000000000005,1.7299999999999995,1.2800000000000002,1.5899999999999999,0.020000000000000462,-0.16000000000000014,1.1800000000000006,1.58,0.5300000000000002,0.11000000000000032,0.4800000000000004,0.2400000000000002,1.9500000000000002,-0.4299999999999997,-0.17999999999999972,-0.08000000000000007,-0.6099999999999994,-0.09999999999999964,0.0,1.7400000000000002,-0.21999999999999975,2.2,-0.6099999999999994,2.410000000000001,-0.1299999999999999,0.5300000000000002,1.2199999999999998,-0.5199999999999996,-0.6299999999999999,0.9500000000000002,-0.1200000000000001,0.4900000000000002,0.6400000000000006,0.75,1.4699999999999998,0.28000000000000025,-0.2599999999999998,2.500000000000001,-0.13999999999999968,-0.17999999999999972,1.9000000000000004,0.8200000000000003,2.05,-1.3199999999999994,0.5,2.0600000000000005,-0.040000000000000036,1.4800000000000004,-0.41000000000000014,1.63,1.1800000000000006,-0.15000000000000036,-1.7199999999999998,-1.9000000000000004,-0.5599999999999996,-0.16000000000000014,-1.21,-1.63,-1.2599999999999998,-1.5,0.20999999999999996,-2.17,-1.92,-1.8200000000000003,-2.3499999999999996,-1.8399999999999999,-1.7400000000000002,0.0,-1.96,0.45999999999999996,-2.3499999999999996,0.6700000000000008,-1.87,-1.21,-0.5200000000000005,-2.26,-2.37,-0.79,-1.8600000000000003,-1.25,-1.0999999999999996,-0.9900000000000002,-0.27000000000000046,-1.46,-2.0,0.7600000000000007,-1.88,-1.92,0.16000000000000014,-0.9199999999999999,0.3099999999999996,-3.0599999999999996,-1.2400000000000002,0.3200000000000003,-1.7800000000000002,-0.2599999999999998,-2.1500000000000004,-0.11000000000000032,-0.5599999999999996,1.8099999999999996,0.2400000000000002,0.05999999999999961,1.4000000000000004,1.7999999999999998,0.75,0.33000000000000007,0.7000000000000002,0.45999999999999996,2.17,-0.20999999999999996,0.040000000000000036,0.13999999999999968,-0.3899999999999997,0.1200000000000001,0.21999999999999975,1.96,0.0,2.42,-0.3899999999999997,2.630000000000001,0.08999999999999986,0.75,1.4399999999999995,-0.2999999999999998,-0.41000000000000014,1.17,0.09999999999999964,0.71,0.8600000000000003,0.9699999999999998,1.6899999999999995,0.5,-0.040000000000000036,2.7200000000000006,0.08000000000000007,0.040000000000000036,2.12,1.04,2.2699999999999996,-1.0999999999999996,0.7199999999999998,2.2800000000000002,0.17999999999999972,1.7000000000000002,-0.1900000000000004,1.8499999999999996,1.4000000000000004,-0.6100000000000003,-2.1799999999999997,-2.3600000000000003,-1.0199999999999996,-0.6200000000000001,-1.67,-2.09,-1.7199999999999998,-1.96,-0.25,-2.63,-2.38,-2.2800000000000002,-2.8099999999999996,-2.3,-2.2,-0.45999999999999996,-2.42,0.0,-2.8099999999999996,0.21000000000000085,-2.33,-1.67,-0.9800000000000004,-2.7199999999999998,-2.83,-1.25,-2.3200000000000003,-1.71,-1.5599999999999996,-1.4500000000000002,-0.7300000000000004,-1.92,-2.46,0.3000000000000007,-2.34,-2.38,-0.2999999999999998,-1.38,-0.15000000000000036,-3.5199999999999996,-1.7000000000000002,-0.13999999999999968,-2.24,-0.7199999999999998,-2.6100000000000003,-0.5700000000000003,-1.0199999999999996,2.1999999999999993,0.6299999999999999,0.4499999999999993,1.79,2.1899999999999995,1.1399999999999997,0.7199999999999998,1.0899999999999999,0.8499999999999996,2.5599999999999996,0.17999999999999972,0.4299999999999997,0.5299999999999994,0.0,0.5099999999999998,0.6099999999999994,2.3499999999999996,0.3899999999999997,2.8099999999999996,0.0,3.0200000000000005,0.47999999999999954,1.1399999999999997,1.8299999999999992,0.08999999999999986,-0.020000000000000462,1.5599999999999996,0.4899999999999993,1.0999999999999996,1.25,1.3599999999999994,2.079999999999999,0.8899999999999997,0.34999999999999964,3.1100000000000003,0.46999999999999975,0.4299999999999997,2.51,1.4299999999999997,2.6599999999999993,-0.71,1.1099999999999994,2.67,0.5699999999999994,2.09,0.1999999999999993,2.2399999999999993,1.79,-0.8200000000000012,-2.3900000000000006,-2.570000000000001,-1.2300000000000004,-0.830000000000001,-1.8800000000000008,-2.3000000000000007,-1.9300000000000006,-2.170000000000001,-0.46000000000000085,-2.8400000000000007,-2.5900000000000007,-2.490000000000001,-3.0200000000000005,-2.5100000000000007,-2.410000000000001,-0.6700000000000008,-2.630000000000001,-0.21000000000000085,-3.0200000000000005,0.0,-2.540000000000001,-1.8800000000000008,-1.1900000000000013,-2.9300000000000006,-3.040000000000001,-1.4600000000000009,-2.530000000000001,-1.9200000000000008,-1.7700000000000005,-1.660000000000001,-0.9400000000000013,-2.130000000000001,-2.670000000000001,0.08999999999999986,-2.5500000000000007,-2.5900000000000007,-0.5100000000000007,-1.5900000000000007,-0.3600000000000012,-3.7300000000000004,-1.910000000000001,-0.35000000000000053,-2.450000000000001,-0.9300000000000006,-2.820000000000001,-0.7800000000000011,-1.2300000000000004,1.7199999999999998,0.15000000000000036,-0.03000000000000025,1.3100000000000005,1.71,0.6600000000000001,0.2400000000000002,0.6100000000000003,0.3700000000000001,2.08,-0.2999999999999998,-0.04999999999999982,0.04999999999999982,-0.47999999999999954,0.03000000000000025,0.1299999999999999,1.87,-0.08999999999999986,2.33,-0.47999999999999954,2.540000000000001,0.0,0.6600000000000001,1.3499999999999996,-0.3899999999999997,-0.5,1.08,0.009999999999999787,0.6200000000000001,0.7700000000000005,0.8799999999999999,1.5999999999999996,0.41000000000000014,-0.1299999999999999,2.630000000000001,-0.009999999999999787,-0.04999999999999982,2.0300000000000002,0.9500000000000002,2.1799999999999997,-1.1899999999999995,0.6299999999999999,2.1900000000000004,0.08999999999999986,1.6100000000000003,-0.28000000000000025,1.7599999999999998,1.3100000000000005,1.0599999999999996,-0.5099999999999998,-0.6900000000000004,0.6500000000000004,1.0499999999999998,0.0,-0.41999999999999993,-0.04999999999999982,-0.29000000000000004,1.42,-0.96,-0.71,-0.6100000000000003,-1.1399999999999997,-0.6299999999999999,-0.5300000000000002,1.21,-0.75,1.67,-1.1399999999999997,1.8800000000000008,-0.6600000000000001,0.0,0.6899999999999995,-1.0499999999999998,-1.1600000000000001,0.41999999999999993,-0.6500000000000004,-0.040000000000000036,0.11000000000000032,0.21999999999999975,0.9399999999999995,-0.25,-0.79,1.9700000000000006,-0.6699999999999999,-0.71,1.37,0.29000000000000004,1.5199999999999996,-1.8499999999999996,-0.03000000000000025,1.5300000000000002,-0.5700000000000003,0.9500000000000002,-0.9400000000000004,1.0999999999999996,0.6500000000000004,0.3700000000000001,-1.1999999999999993,-1.38,-0.03999999999999915,0.3600000000000003,-0.6899999999999995,-1.1099999999999994,-0.7399999999999993,-0.9799999999999995,0.7300000000000004,-1.6499999999999995,-1.3999999999999995,-1.2999999999999998,-1.8299999999999992,-1.3199999999999994,-1.2199999999999998,0.5200000000000005,-1.4399999999999995,0.9800000000000004,-1.8299999999999992,1.1900000000000013,-1.3499999999999996,-0.6899999999999995,0.0,-1.7399999999999993,-1.8499999999999996,-0.2699999999999996,-1.3399999999999999,-0.7299999999999995,-0.5799999999999992,-0.46999999999999975,0.25,-0.9399999999999995,-1.4799999999999995,1.2800000000000011,-1.3599999999999994,-1.3999999999999995,0.6800000000000006,-0.39999999999999947,0.8300000000000001,-2.539999999999999,-0.7199999999999998,0.8400000000000007,-1.2599999999999998,0.2600000000000007,-1.63,0.41000000000000014,-0.03999999999999915,2.1099999999999994,0.54,0.35999999999999943,1.7000000000000002,2.0999999999999996,1.0499999999999998,0.6299999999999999,1.0,0.7599999999999998,2.4699999999999998,0.08999999999999986,0.33999999999999986,0.4399999999999995,-0.08999999999999986,0.41999999999999993,0.5199999999999996,2.26,0.2999999999999998,2.7199999999999998,-0.08999999999999986,2.9300000000000006,0.3899999999999997,1.0499999999999998,1.7399999999999993,0.0,-0.11000000000000032,1.4699999999999998,0.39999999999999947,1.0099999999999998,1.1600000000000001,1.2699999999999996,1.9899999999999993,0.7999999999999998,0.2599999999999998,3.0200000000000005,0.3799999999999999,0.33999999999999986,2.42,1.3399999999999999,2.5699999999999994,-0.7999999999999998,1.0199999999999996,2.58,0.47999999999999954,2.0,0.10999999999999943,2.1499999999999995,1.7000000000000002,2.2199999999999998,0.6500000000000004,0.46999999999999975,1.8100000000000005,2.21,1.1600000000000001,0.7400000000000002,1.1100000000000003,0.8700000000000001,2.58,0.20000000000000018,0.4500000000000002,0.5499999999999998,0.020000000000000462,0.5300000000000002,0.6299999999999999,2.37,0.41000000000000014,2.83,0.020000000000000462,3.040000000000001,0.5,1.1600000000000001,1.8499999999999996,0.11000000000000032,0.0,1.58,0.5099999999999998,1.12,1.2700000000000005,1.38,2.0999999999999996,0.9100000000000001,0.3700000000000001,3.130000000000001,0.4900000000000002,0.4500000000000002,2.5300000000000002,1.4500000000000002,2.6799999999999997,-0.6899999999999995,1.13,2.6900000000000004,0.5899999999999999,2.1100000000000003,0.21999999999999975,2.26,1.8100000000000005,0.6399999999999997,-0.9299999999999997,-1.1100000000000003,0.23000000000000043,0.6299999999999999,-0.41999999999999993,-0.8399999999999999,-0.46999999999999975,-0.71,1.0,-1.38,-1.13,-1.0300000000000002,-1.5599999999999996,-1.0499999999999998,-0.9500000000000002,0.79,-1.17,1.25,-1.5599999999999996,1.4600000000000009,-1.08,-0.41999999999999993,0.2699999999999996,-1.4699999999999998,-1.58,0.0,-1.0700000000000003,-0.45999999999999996,-0.3099999999999996,-0.20000000000000018,0.5199999999999996,-0.6699999999999999,-1.21,1.5500000000000007,-1.0899999999999999,-1.13,0.9500000000000002,-0.1299999999999999,1.0999999999999996,-2.2699999999999996,-0.4500000000000002,1.1100000000000003,-0.9900000000000002,0.5300000000000002,-1.3600000000000003,0.6799999999999997,0.23000000000000043,1.71,0.14000000000000057,-0.040000000000000036,1.3000000000000007,1.7000000000000002,0.6500000000000004,0.23000000000000043,0.6000000000000005,0.3600000000000003,2.0700000000000003,-0.3099999999999996,-0.05999999999999961,0.040000000000000036,-0.4899999999999993,0.020000000000000462,0.1200000000000001,1.8600000000000003,-0.09999999999999964,2.3200000000000003,-0.4899999999999993,2.530000000000001,-0.009999999999999787,0.6500000000000004,1.3399999999999999,-0.39999999999999947,-0.5099999999999998,1.0700000000000003,0.0,0.6100000000000003,0.7600000000000007,0.8700000000000001,1.5899999999999999,0.40000000000000036,-0.13999999999999968,2.620000000000001,-0.019999999999999574,-0.05999999999999961,2.0200000000000005,0.9400000000000004,2.17,-1.1999999999999993,0.6200000000000001,2.1800000000000006,0.08000000000000007,1.6000000000000005,-0.29000000000000004,1.75,1.3000000000000007,1.0999999999999996,-0.46999999999999975,-0.6500000000000004,0.6900000000000004,1.0899999999999999,0.040000000000000036,-0.3799999999999999,-0.009999999999999787,-0.25,1.46,-0.9199999999999999,-0.6699999999999999,-0.5700000000000003,-1.0999999999999996,-0.5899999999999999,-0.4900000000000002,1.25,-0.71,1.71,-1.0999999999999996,1.9200000000000008,-0.6200000000000001,0.040000000000000036,0.7299999999999995,-1.0099999999999998,-1.12,0.45999999999999996,-0.6100000000000003,0.0,0.15000000000000036,0.2599999999999998,0.9799999999999995,-0.20999999999999996,-0.75,2.0100000000000007,-0.6299999999999999,-0.6699999999999999,1.4100000000000001,0.33000000000000007,1.5599999999999996,-1.8099999999999996,0.009999999999999787,1.5700000000000003,-0.5300000000000002,0.9900000000000002,-0.9000000000000004,1.1399999999999997,0.6900000000000004,0.9499999999999993,-0.6200000000000001,-0.8000000000000007,0.54,0.9399999999999995,-0.11000000000000032,-0.5300000000000002,-0.16000000000000014,-0.40000000000000036,1.3099999999999996,-1.0700000000000003,-0.8200000000000003,-0.7200000000000006,-1.25,-0.7400000000000002,-0.6400000000000006,1.0999999999999996,-0.8600000000000003,1.5599999999999996,-1.25,1.7700000000000005,-0.7700000000000005,-0.11000000000000032,0.5799999999999992,-1.1600000000000001,-1.2700000000000005,0.3099999999999996,-0.7600000000000007,-0.15000000000000036,0.0,0.10999999999999943,0.8299999999999992,-0.3600000000000003,-0.9000000000000004,1.8600000000000003,-0.7800000000000002,-0.8200000000000003,1.2599999999999998,0.17999999999999972,1.4099999999999993,-1.96,-0.14000000000000057,1.42,-0.6800000000000006,0.8399999999999999,-1.0500000000000007,0.9899999999999993,0.54,0.8399999999999999,-0.7299999999999995,-0.9100000000000001,0.4300000000000006,0.8300000000000001,-0.21999999999999975,-0.6399999999999997,-0.2699999999999996,-0.5099999999999998,1.2000000000000002,-1.1799999999999997,-0.9299999999999997,-0.8300000000000001,-1.3599999999999994,-0.8499999999999996,-0.75,0.9900000000000002,-0.9699999999999998,1.4500000000000002,-1.3599999999999994,1.660000000000001,-0.8799999999999999,-0.21999999999999975,0.46999999999999975,-1.2699999999999996,-1.38,0.20000000000000018,-0.8700000000000001,-0.2599999999999998,-0.10999999999999943,0.0,0.7199999999999998,-0.46999999999999975,-1.0099999999999998,1.7500000000000009,-0.8899999999999997,-0.9299999999999997,1.1500000000000004,0.07000000000000028,1.2999999999999998,-2.0699999999999994,-0.25,1.3100000000000005,-0.79,0.7300000000000004,-1.1600000000000001,0.8799999999999999,0.4300000000000006,0.1200000000000001,-1.4499999999999993,-1.63,-0.28999999999999915,0.11000000000000032,-0.9399999999999995,-1.3599999999999994,-0.9899999999999993,-1.2299999999999995,0.4800000000000004,-1.8999999999999995,-1.6499999999999995,-1.5499999999999998,-2.079999999999999,-1.5699999999999994,-1.4699999999999998,0.27000000000000046,-1.6899999999999995,0.7300000000000004,-2.079999999999999,0.9400000000000013,-1.5999999999999996,-0.9399999999999995,-0.25,-1.9899999999999993,-2.0999999999999996,-0.5199999999999996,-1.5899999999999999,-0.9799999999999995,-0.8299999999999992,-0.7199999999999998,0.0,-1.1899999999999995,-1.7299999999999995,1.0300000000000011,-1.6099999999999994,-1.6499999999999995,0.4300000000000006,-0.6499999999999995,0.5800000000000001,-2.789999999999999,-0.9699999999999998,0.5900000000000007,-1.5099999999999998,0.010000000000000675,-1.88,0.16000000000000014,-0.28999999999999915,1.3099999999999996,-0.2599999999999998,-0.4400000000000004,0.9000000000000004,1.2999999999999998,0.25,-0.16999999999999993,0.20000000000000018,-0.040000000000000036,1.67,-0.71,-0.45999999999999996,-0.3600000000000003,-0.8899999999999997,-0.3799999999999999,-0.28000000000000025,1.46,-0.5,1.92,-0.8899999999999997,2.130000000000001,-0.41000000000000014,0.25,0.9399999999999995,-0.7999999999999998,-0.9100000000000001,0.6699999999999999,-0.40000000000000036,0.20999999999999996,0.3600000000000003,0.46999999999999975,1.1899999999999995,0.0,-0.54,2.2200000000000006,-0.41999999999999993,-0.45999999999999996,1.62,0.54,1.7699999999999996,-1.5999999999999996,0.21999999999999975,1.7800000000000002,-0.3200000000000003,1.2000000000000002,-0.6900000000000004,1.3499999999999996,0.9000000000000004,1.8499999999999996,0.28000000000000025,0.09999999999999964,1.4400000000000004,1.8399999999999999,0.79,0.3700000000000001,0.7400000000000002,0.5,2.21,-0.16999999999999993,0.08000000000000007,0.17999999999999972,-0.34999999999999964,0.16000000000000014,0.2599999999999998,2.0,0.040000000000000036,2.46,-0.34999999999999964,2.670000000000001,0.1299999999999999,0.79,1.4799999999999995,-0.2599999999999998,-0.3700000000000001,1.21,0.13999999999999968,0.75,0.9000000000000004,1.0099999999999998,1.7299999999999995,0.54,0.0,2.7600000000000007,0.1200000000000001,0.08000000000000007,2.16,1.08,2.3099999999999996,-1.0599999999999996,0.7599999999999998,2.3200000000000003,0.21999999999999975,1.7400000000000002,-0.15000000000000036,1.8899999999999997,1.4400000000000004,-0.910000000000001,-2.4800000000000004,-2.660000000000001,-1.3200000000000003,-0.9200000000000008,-1.9700000000000006,-2.3900000000000006,-2.0200000000000005,-2.2600000000000007,-0.5500000000000007,-2.9300000000000006,-2.6800000000000006,-2.580000000000001,-3.1100000000000003,-2.6000000000000005,-2.500000000000001,-0.7600000000000007,-2.7200000000000006,-0.3000000000000007,-3.1100000000000003,-0.08999999999999986,-2.630000000000001,-1.9700000000000006,-1.2800000000000011,-3.0200000000000005,-3.130000000000001,-1.5500000000000007,-2.620000000000001,-2.0100000000000007,-1.8600000000000003,-1.7500000000000009,-1.0300000000000011,-2.2200000000000006,-2.7600000000000007,0.0,-2.6400000000000006,-2.6800000000000006,-0.6000000000000005,-1.6800000000000006,-0.45000000000000107,-3.8200000000000003,-2.000000000000001,-0.4400000000000004,-2.540000000000001,-1.0200000000000005,-2.910000000000001,-0.870000000000001,-1.3200000000000003,1.7299999999999995,0.16000000000000014,-0.020000000000000462,1.3200000000000003,1.7199999999999998,0.6699999999999999,0.25,0.6200000000000001,0.3799999999999999,2.09,-0.29000000000000004,-0.040000000000000036,0.05999999999999961,-0.46999999999999975,0.040000000000000036,0.13999999999999968,1.88,-0.08000000000000007,2.34,-0.46999999999999975,2.5500000000000007,0.009999999999999787,0.6699999999999999,1.3599999999999994,-0.3799999999999999,-0.4900000000000002,1.0899999999999999,0.019999999999999574,0.6299999999999999,0.7800000000000002,0.8899999999999997,1.6099999999999994,0.41999999999999993,-0.1200000000000001,2.6400000000000006,0.0,-0.040000000000000036,2.04,0.96,2.1899999999999995,-1.1799999999999997,0.6399999999999997,2.2,0.09999999999999964,1.62,-0.27000000000000046,1.7699999999999996,1.3200000000000003,1.7699999999999996,0.20000000000000018,0.019999999999999574,1.3600000000000003,1.7599999999999998,0.71,0.29000000000000004,0.6600000000000001,0.41999999999999993,2.13,-0.25,0.0,0.09999999999999964,-0.4299999999999997,0.08000000000000007,0.17999999999999972,1.92,-0.040000000000000036,2.38,-0.4299999999999997,2.5900000000000007,0.04999999999999982,0.71,1.3999999999999995,-0.33999999999999986,-0.4500000000000002,1.13,0.05999999999999961,0.6699999999999999,0.8200000000000003,0.9299999999999997,1.6499999999999995,0.45999999999999996,-0.08000000000000007,2.6800000000000006,0.040000000000000036,0.0,2.08,1.0,2.2299999999999995,-1.1399999999999997,0.6799999999999997,2.24,0.13999999999999968,1.6600000000000001,-0.23000000000000043,1.8099999999999996,1.3600000000000003,-0.3100000000000005,-1.88,-2.0600000000000005,-0.7199999999999998,-0.3200000000000003,-1.37,-1.79,-1.42,-1.6600000000000001,0.04999999999999982,-2.33,-2.08,-1.9800000000000004,-2.51,-2.0,-1.9000000000000004,-0.16000000000000014,-2.12,0.2999999999999998,-2.51,0.5100000000000007,-2.0300000000000002,-1.37,-0.6800000000000006,-2.42,-2.5300000000000002,-0.9500000000000002,-2.0200000000000005,-1.4100000000000001,-1.2599999999999998,-1.1500000000000004,-0.4300000000000006,-1.62,-2.16,0.6000000000000005,-2.04,-2.08,0.0,-1.08,0.14999999999999947,-3.2199999999999998,-1.4000000000000004,0.16000000000000014,-1.9400000000000004,-0.41999999999999993,-2.3100000000000005,-0.27000000000000046,-0.7199999999999998,0.7699999999999996,-0.7999999999999998,-0.9800000000000004,0.3600000000000003,0.7599999999999998,-0.29000000000000004,-0.71,-0.33999999999999986,-0.5800000000000001,1.13,-1.25,-1.0,-0.9000000000000004,-1.4299999999999997,-0.9199999999999999,-0.8200000000000003,0.9199999999999999,-1.04,1.38,-1.4299999999999997,1.5900000000000007,-0.9500000000000002,-0.29000000000000004,0.39999999999999947,-1.3399999999999999,-1.4500000000000002,0.1299999999999999,-0.9400000000000004,-0.33000000000000007,-0.17999999999999972,-0.07000000000000028,0.6499999999999995,-0.54,-1.08,1.6800000000000006,-0.96,-1.0,1.08,0.0,1.2299999999999995,-2.1399999999999997,-0.3200000000000003,1.2400000000000002,-0.8600000000000003,0.6600000000000001,-1.2300000000000004,0.8099999999999996,0.3600000000000003,-0.45999999999999996,-2.0299999999999994,-2.21,-0.8699999999999992,-0.46999999999999975,-1.5199999999999996,-1.9399999999999995,-1.5699999999999994,-1.8099999999999996,-0.09999999999999964,-2.4799999999999995,-2.2299999999999995,-2.13,-2.6599999999999993,-2.1499999999999995,-2.05,-0.3099999999999996,-2.2699999999999996,0.15000000000000036,-2.6599999999999993,0.3600000000000012,-2.1799999999999997,-1.5199999999999996,-0.8300000000000001,-2.5699999999999994,-2.6799999999999997,-1.0999999999999996,-2.17,-1.5599999999999996,-1.4099999999999993,-1.2999999999999998,-0.5800000000000001,-1.7699999999999996,-2.3099999999999996,0.45000000000000107,-2.1899999999999995,-2.2299999999999995,-0.14999999999999947,-1.2299999999999995,0.0,-3.369999999999999,-1.5499999999999998,0.010000000000000675,-2.09,-0.5699999999999994,-2.46,-0.41999999999999993,-0.8699999999999992,2.9099999999999993,1.3399999999999999,1.1599999999999993,2.5,2.8999999999999995,1.8499999999999996,1.4299999999999997,1.7999999999999998,1.5599999999999996,3.2699999999999996,0.8899999999999997,1.1399999999999997,1.2399999999999993,0.71,1.2199999999999998,1.3199999999999994,3.0599999999999996,1.0999999999999996,3.5199999999999996,0.71,3.7300000000000004,1.1899999999999995,1.8499999999999996,2.539999999999999,0.7999999999999998,0.6899999999999995,2.2699999999999996,1.1999999999999993,1.8099999999999996,1.96,2.0699999999999994,2.789999999999999,1.5999999999999996,1.0599999999999996,3.8200000000000003,1.1799999999999997,1.1399999999999997,3.2199999999999998,2.1399999999999997,3.369999999999999,0.0,1.8199999999999994,3.38,1.2799999999999994,2.8,0.9099999999999993,2.9499999999999993,2.5,1.0899999999999999,-0.47999999999999954,-0.6600000000000001,0.6800000000000006,1.08,0.03000000000000025,-0.3899999999999997,-0.019999999999999574,-0.2599999999999998,1.4500000000000002,-0.9299999999999997,-0.6799999999999997,-0.5800000000000001,-1.1099999999999994,-0.5999999999999996,-0.5,1.2400000000000002,-0.7199999999999998,1.7000000000000002,-1.1099999999999994,1.910000000000001,-0.6299999999999999,0.03000000000000025,0.7199999999999998,-1.0199999999999996,-1.13,0.4500000000000002,-0.6200000000000001,-0.009999999999999787,0.14000000000000057,0.25,0.9699999999999998,-0.21999999999999975,-0.7599999999999998,2.000000000000001,-0.6399999999999997,-0.6799999999999997,1.4000000000000004,0.3200000000000003,1.5499999999999998,-1.8199999999999994,0.0,1.5600000000000005,-0.54,0.9800000000000004,-0.9100000000000001,1.13,0.6800000000000006,-0.47000000000000064,-2.04,-2.2200000000000006,-0.8799999999999999,-0.4800000000000004,-1.5300000000000002,-1.9500000000000002,-1.58,-1.8200000000000003,-0.11000000000000032,-2.49,-2.24,-2.1400000000000006,-2.67,-2.16,-2.0600000000000005,-0.3200000000000003,-2.2800000000000002,0.13999999999999968,-2.67,0.35000000000000053,-2.1900000000000004,-1.5300000000000002,-0.8400000000000007,-2.58,-2.6900000000000004,-1.1100000000000003,-2.1800000000000006,-1.5700000000000003,-1.42,-1.3100000000000005,-0.5900000000000007,-1.7800000000000002,-2.3200000000000003,0.4400000000000004,-2.2,-2.24,-0.16000000000000014,-1.2400000000000002,-0.010000000000000675,-3.38,-1.5600000000000005,0.0,-2.1000000000000005,-0.5800000000000001,-2.4700000000000006,-0.4300000000000006,-0.8799999999999999,1.63,0.0600000000000005,-0.1200000000000001,1.2200000000000006,1.62,0.5700000000000003,0.15000000000000036,0.5200000000000005,0.28000000000000025,1.9900000000000002,-0.3899999999999997,-0.13999999999999968,-0.040000000000000036,-0.5699999999999994,-0.05999999999999961,0.040000000000000036,1.7800000000000002,-0.17999999999999972,2.24,-0.5699999999999994,2.450000000000001,-0.08999999999999986,0.5700000000000003,1.2599999999999998,-0.47999999999999954,-0.5899999999999999,0.9900000000000002,-0.08000000000000007,0.5300000000000002,0.6800000000000006,0.79,1.5099999999999998,0.3200000000000003,-0.21999999999999975,2.540000000000001,-0.09999999999999964,-0.13999999999999968,1.9400000000000004,0.8600000000000003,2.09,-1.2799999999999994,0.54,2.1000000000000005,0.0,1.5200000000000005,-0.3700000000000001,1.67,1.2200000000000006,0.10999999999999943,-1.46,-1.6400000000000006,-0.2999999999999998,0.09999999999999964,-0.9500000000000002,-1.37,-1.0,-1.2400000000000002,0.46999999999999975,-1.9100000000000001,-1.6600000000000001,-1.5600000000000005,-2.09,-1.58,-1.4800000000000004,0.2599999999999998,-1.7000000000000002,0.7199999999999998,-2.09,0.9300000000000006,-1.6100000000000003,-0.9500000000000002,-0.2600000000000007,-2.0,-2.1100000000000003,-0.5300000000000002,-1.6000000000000005,-0.9900000000000002,-0.8399999999999999,-0.7300000000000004,-0.010000000000000675,-1.2000000000000002,-1.7400000000000002,1.0200000000000005,-1.62,-1.6600000000000001,0.41999999999999993,-0.6600000000000001,0.5699999999999994,-2.8,-0.9800000000000004,0.5800000000000001,-1.5200000000000005,0.0,-1.8900000000000006,0.14999999999999947,-0.2999999999999998,2.0,0.4300000000000006,0.25,1.5900000000000007,1.9900000000000002,0.9400000000000004,0.5200000000000005,0.8900000000000006,0.6500000000000004,2.3600000000000003,-0.019999999999999574,0.23000000000000043,0.33000000000000007,-0.1999999999999993,0.3100000000000005,0.41000000000000014,2.1500000000000004,0.1900000000000004,2.6100000000000003,-0.1999999999999993,2.820000000000001,0.28000000000000025,0.9400000000000004,1.63,-0.10999999999999943,-0.21999999999999975,1.3600000000000003,0.29000000000000004,0.9000000000000004,1.0500000000000007,1.1600000000000001,1.88,0.6900000000000004,0.15000000000000036,2.910000000000001,0.27000000000000046,0.23000000000000043,2.3100000000000005,1.2300000000000004,2.46,-0.9099999999999993,0.9100000000000001,2.4700000000000006,0.3700000000000001,1.8900000000000006,0.0,2.04,1.5900000000000007,-0.040000000000000036,-1.6099999999999994,-1.79,-0.4499999999999993,-0.04999999999999982,-1.0999999999999996,-1.5199999999999996,-1.1499999999999995,-1.3899999999999997,0.3200000000000003,-2.0599999999999996,-1.8099999999999996,-1.71,-2.2399999999999993,-1.7299999999999995,-1.63,0.11000000000000032,-1.8499999999999996,0.5700000000000003,-2.2399999999999993,0.7800000000000011,-1.7599999999999998,-1.0999999999999996,-0.41000000000000014,-2.1499999999999995,-2.26,-0.6799999999999997,-1.75,-1.1399999999999997,-0.9899999999999993,-0.8799999999999999,-0.16000000000000014,-1.3499999999999996,-1.8899999999999997,0.870000000000001,-1.7699999999999996,-1.8099999999999996,0.27000000000000046,-0.8099999999999996,0.41999999999999993,-2.9499999999999993,-1.13,0.4300000000000006,-1.67,-0.14999999999999947,-2.04,0.0,-0.4499999999999993,0.40999999999999925,-1.1600000000000001,-1.3400000000000007,0.0,0.39999999999999947,-0.6500000000000004,-1.0700000000000003,-0.7000000000000002,-0.9400000000000004,0.7699999999999996,-1.6100000000000003,-1.3600000000000003,-1.2600000000000007,-1.79,-1.2800000000000002,-1.1800000000000006,0.5599999999999996,-1.4000000000000004,1.0199999999999996,-1.79,1.2300000000000004,-1.3100000000000005,-0.6500000000000004,0.03999999999999915,-1.7000000000000002,-1.8100000000000005,-0.23000000000000043,-1.3000000000000007,-0.6900000000000004,-0.54,-0.4300000000000006,0.28999999999999915,-0.9000000000000004,-1.4400000000000004,1.3200000000000003,-1.3200000000000003,-1.3600000000000003,0.7199999999999998,-0.3600000000000003,0.8699999999999992,-2.5,-0.6800000000000006,0.8799999999999999,-1.2200000000000006,0.2999999999999998,-1.5900000000000007,0.4499999999999993,0.0,0.0,1.0,2.04,1.8900000000000006,0.14000000000000057,-0.02999999999999936,-0.1999999999999993,-0.23999999999999932,0.5200000000000005,-1.4799999999999995,-0.13999999999999968,0.9000000000000004,-0.6499999999999995,3.0,-0.019999999999999574,2.26,2.0,1.3600000000000003,0.9199999999999999,1.6800000000000006,-0.6399999999999997,-1.38,1.1300000000000008,1.7000000000000002,2.33,1.04,-0.27999999999999936,-0.05999999999999961,0.23000000000000043,-0.8899999999999997,0.4900000000000002,0.040000000000000036,0.7800000000000002,-0.1899999999999995,-0.1299999999999999,3.210000000000001,-0.6699999999999999,0.33000000000000007,-0.2599999999999998,-0.71,-0.27999999999999936,-0.17999999999999972,2.34,2.51,0.9300000000000006,-0.5899999999999999,0.71,1.4900000000000002,-1.0,0.0,1.04,0.8900000000000006,-0.8599999999999994,-1.0299999999999994,-1.1999999999999993,-1.2399999999999993,-0.47999999999999954,-2.4799999999999995,-1.1399999999999997,-0.09999999999999964,-1.6499999999999995,2.0,-1.0199999999999996,1.2599999999999998,1.0,0.3600000000000003,-0.08000000000000007,0.6800000000000006,-1.6399999999999997,-2.38,0.13000000000000078,0.7000000000000002,1.33,0.040000000000000036,-1.2799999999999994,-1.0599999999999996,-0.7699999999999996,-1.8899999999999997,-0.5099999999999998,-0.96,-0.21999999999999975,-1.1899999999999995,-1.13,2.210000000000001,-1.67,-0.6699999999999999,-1.2599999999999998,-1.71,-1.2799999999999994,-1.1799999999999997,1.3399999999999999,1.5099999999999998,-0.0699999999999994,-1.5899999999999999,-0.29000000000000004,0.4900000000000002,-2.04,-1.04,0.0,-0.14999999999999947,-1.8999999999999995,-2.0699999999999994,-2.2399999999999993,-2.2799999999999994,-1.5199999999999996,-3.5199999999999996,-2.1799999999999997,-1.1399999999999997,-2.6899999999999995,0.96,-2.0599999999999996,0.21999999999999975,-0.040000000000000036,-0.6799999999999997,-1.12,-0.35999999999999943,-2.6799999999999997,-3.42,-0.9099999999999993,-0.33999999999999986,0.29000000000000004,-1.0,-2.3199999999999994,-2.0999999999999996,-1.8099999999999996,-2.9299999999999997,-1.5499999999999998,-2.0,-1.2599999999999998,-2.2299999999999995,-2.17,1.1700000000000008,-2.71,-1.71,-2.3,-2.75,-2.3199999999999994,-2.2199999999999998,0.2999999999999998,0.46999999999999975,-1.1099999999999994,-2.63,-1.33,-0.5499999999999998,-1.8900000000000006,-0.8900000000000006,0.14999999999999947,0.0,-1.75,-1.92,-2.09,-2.13,-1.37,-3.37,-2.0300000000000002,-0.9900000000000002,-2.54,1.1099999999999994,-1.9100000000000001,0.3699999999999992,0.10999999999999943,-0.5300000000000002,-0.9700000000000006,-0.20999999999999996,-2.5300000000000002,-3.2700000000000005,-0.7599999999999998,-0.1900000000000004,0.4399999999999995,-0.8500000000000005,-2.17,-1.9500000000000002,-1.6600000000000001,-2.7800000000000002,-1.4000000000000004,-1.8500000000000005,-1.1100000000000003,-2.08,-2.0200000000000005,1.3200000000000003,-2.5600000000000005,-1.5600000000000005,-2.1500000000000004,-2.6000000000000005,-2.17,-2.0700000000000003,0.4499999999999993,0.6199999999999992,-0.96,-2.4800000000000004,-1.1800000000000006,-0.40000000000000036,-0.14000000000000057,0.8599999999999994,1.8999999999999995,1.75,0.0,-0.16999999999999993,-0.33999999999999986,-0.3799999999999999,0.3799999999999999,-1.62,-0.28000000000000025,0.7599999999999998,-0.79,2.8599999999999994,-0.16000000000000014,2.119999999999999,1.8599999999999994,1.2199999999999998,0.7799999999999994,1.54,-0.7800000000000002,-1.5200000000000005,0.9900000000000002,1.5599999999999996,2.1899999999999995,0.8999999999999995,-0.41999999999999993,-0.20000000000000018,0.08999999999999986,-1.0300000000000002,0.34999999999999964,-0.10000000000000053,0.6399999999999997,-0.33000000000000007,-0.27000000000000046,3.0700000000000003,-0.8100000000000005,0.1899999999999995,-0.40000000000000036,-0.8500000000000005,-0.41999999999999993,-0.3200000000000003,2.1999999999999993,2.369999999999999,0.79,-0.7300000000000004,0.5699999999999994,1.3499999999999996,0.02999999999999936,1.0299999999999994,2.0699999999999994,1.92,0.16999999999999993,0.0,-0.16999999999999993,-0.20999999999999996,0.5499999999999998,-1.4500000000000002,-0.11000000000000032,0.9299999999999997,-0.6200000000000001,3.0299999999999994,0.009999999999999787,2.289999999999999,2.0299999999999994,1.3899999999999997,0.9499999999999993,1.71,-0.6100000000000003,-1.3500000000000005,1.1600000000000001,1.7299999999999995,2.3599999999999994,1.0699999999999994,-0.25,-0.03000000000000025,0.2599999999999998,-0.8600000000000003,0.5199999999999996,0.0699999999999994,0.8099999999999996,-0.16000000000000014,-0.10000000000000053,3.24,-0.6400000000000006,0.35999999999999943,-0.23000000000000043,-0.6800000000000006,-0.25,-0.15000000000000036,2.369999999999999,2.539999999999999,0.96,-0.5600000000000005,0.7399999999999993,1.5199999999999996,0.1999999999999993,1.1999999999999993,2.2399999999999993,2.09,0.33999999999999986,0.16999999999999993,0.0,-0.040000000000000036,0.7199999999999998,-1.2800000000000002,0.05999999999999961,1.0999999999999996,-0.4500000000000002,3.1999999999999993,0.17999999999999972,2.459999999999999,2.1999999999999993,1.5599999999999996,1.1199999999999992,1.88,-0.4400000000000004,-1.1800000000000006,1.33,1.8999999999999995,2.5299999999999994,1.2399999999999993,-0.08000000000000007,0.13999999999999968,0.4299999999999997,-0.6900000000000004,0.6899999999999995,0.23999999999999932,0.9799999999999995,0.009999999999999787,0.0699999999999994,3.41,-0.47000000000000064,0.5299999999999994,-0.0600000000000005,-0.5100000000000007,-0.08000000000000007,0.019999999999999574,2.539999999999999,2.709999999999999,1.13,-0.39000000000000057,0.9099999999999993,1.6899999999999995,0.23999999999999932,1.2399999999999993,2.2799999999999994,2.13,0.3799999999999999,0.20999999999999996,0.040000000000000036,0.0,0.7599999999999998,-1.2400000000000002,0.09999999999999964,1.1399999999999997,-0.41000000000000014,3.2399999999999993,0.21999999999999975,2.499999999999999,2.2399999999999993,1.5999999999999996,1.1599999999999993,1.92,-0.40000000000000036,-1.1400000000000006,1.37,1.9399999999999995,2.5699999999999994,1.2799999999999994,-0.040000000000000036,0.17999999999999972,0.46999999999999975,-0.6500000000000004,0.7299999999999995,0.27999999999999936,1.0199999999999996,0.04999999999999982,0.10999999999999943,3.45,-0.4300000000000006,0.5699999999999994,-0.020000000000000462,-0.47000000000000064,-0.040000000000000036,0.05999999999999961,2.579999999999999,2.749999999999999,1.17,-0.35000000000000053,0.9499999999999993,1.7299999999999995,-0.5200000000000005,0.47999999999999954,1.5199999999999996,1.37,-0.3799999999999999,-0.5499999999999998,-0.7199999999999998,-0.7599999999999998,0.0,-2.0,-0.6600000000000001,0.3799999999999999,-1.17,2.4799999999999995,-0.54,1.7399999999999993,1.4799999999999995,0.8399999999999999,0.39999999999999947,1.1600000000000001,-1.1600000000000001,-1.9000000000000004,0.6100000000000003,1.1799999999999997,1.8099999999999996,0.5199999999999996,-0.7999999999999998,-0.5800000000000001,-0.29000000000000004,-1.4100000000000001,-0.03000000000000025,-0.4800000000000004,0.2599999999999998,-0.71,-0.6500000000000004,2.6900000000000004,-1.1900000000000004,-0.1900000000000004,-0.7800000000000002,-1.2300000000000004,-0.7999999999999998,-0.7000000000000002,1.8199999999999994,1.9899999999999993,0.41000000000000014,-1.1100000000000003,0.1899999999999995,0.9699999999999998,1.4799999999999995,2.4799999999999995,3.5199999999999996,3.37,1.62,1.4500000000000002,1.2800000000000002,1.2400000000000002,2.0,0.0,1.3399999999999999,2.38,0.8300000000000001,4.4799999999999995,1.46,3.7399999999999993,3.4799999999999995,2.84,2.3999999999999995,3.16,0.8399999999999999,0.09999999999999964,2.6100000000000003,3.1799999999999997,3.8099999999999996,2.5199999999999996,1.2000000000000002,1.42,1.71,0.5899999999999999,1.9699999999999998,1.5199999999999996,2.26,1.29,1.3499999999999996,4.69,0.8099999999999996,1.8099999999999996,1.2199999999999998,0.7699999999999996,1.2000000000000002,1.2999999999999998,3.8199999999999994,3.9899999999999993,2.41,0.8899999999999997,2.1899999999999995,2.9699999999999998,0.13999999999999968,1.1399999999999997,2.1799999999999997,2.0300000000000002,0.28000000000000025,0.11000000000000032,-0.05999999999999961,-0.09999999999999964,0.6600000000000001,-1.3399999999999999,0.0,1.04,-0.5099999999999998,3.1399999999999997,0.1200000000000001,2.3999999999999995,2.1399999999999997,1.5,1.0599999999999996,1.8200000000000003,-0.5,-1.2400000000000002,1.2700000000000005,1.8399999999999999,2.4699999999999998,1.1799999999999997,-0.13999999999999968,0.08000000000000007,0.3700000000000001,-0.75,0.6299999999999999,0.17999999999999972,0.9199999999999999,-0.04999999999999982,0.009999999999999787,3.3500000000000005,-0.5300000000000002,0.46999999999999975,-0.1200000000000001,-0.5700000000000003,-0.13999999999999968,-0.040000000000000036,2.4799999999999995,2.6499999999999995,1.0700000000000003,-0.4500000000000002,0.8499999999999996,1.63,-0.9000000000000004,0.09999999999999964,1.1399999999999997,0.9900000000000002,-0.7599999999999998,-0.9299999999999997,-1.0999999999999996,-1.1399999999999997,-0.3799999999999999,-2.38,-1.04,0.0,-1.5499999999999998,2.0999999999999996,-0.9199999999999999,1.3599999999999994,1.0999999999999996,0.45999999999999996,0.019999999999999574,0.7800000000000002,-1.54,-2.2800000000000002,0.23000000000000043,0.7999999999999998,1.4299999999999997,0.13999999999999968,-1.1799999999999997,-0.96,-0.6699999999999999,-1.79,-0.41000000000000014,-0.8600000000000003,-0.1200000000000001,-1.0899999999999999,-1.0300000000000002,2.3100000000000005,-1.5700000000000003,-0.5700000000000003,-1.1600000000000001,-1.6100000000000003,-1.1799999999999997,-1.08,1.4399999999999995,1.6099999999999994,0.03000000000000025,-1.4900000000000002,-0.1900000000000004,0.5899999999999999,0.6499999999999995,1.6499999999999995,2.6899999999999995,2.54,0.79,0.6200000000000001,0.4500000000000002,0.41000000000000014,1.17,-0.8300000000000001,0.5099999999999998,1.5499999999999998,0.0,3.6499999999999995,0.6299999999999999,2.9099999999999993,2.6499999999999995,2.01,1.5699999999999994,2.33,0.009999999999999787,-0.7300000000000004,1.7800000000000002,2.3499999999999996,2.9799999999999995,1.6899999999999995,0.3700000000000001,0.5899999999999999,0.8799999999999999,-0.2400000000000002,1.1399999999999997,0.6899999999999995,1.4299999999999997,0.45999999999999996,0.5199999999999996,3.8600000000000003,-0.020000000000000462,0.9799999999999995,0.3899999999999997,-0.0600000000000005,0.3700000000000001,0.46999999999999975,2.9899999999999993,3.1599999999999993,1.58,0.05999999999999961,1.3599999999999994,2.1399999999999997,-3.0,-2.0,-0.96,-1.1099999999999994,-2.8599999999999994,-3.0299999999999994,-3.1999999999999993,-3.2399999999999993,-2.4799999999999995,-4.4799999999999995,-3.1399999999999997,-2.0999999999999996,-3.6499999999999995,0.0,-3.0199999999999996,-0.7400000000000002,-1.0,-1.6399999999999997,-2.08,-1.3199999999999994,-3.6399999999999997,-4.38,-1.8699999999999992,-1.2999999999999998,-0.6699999999999999,-1.96,-3.2799999999999994,-3.0599999999999996,-2.7699999999999996,-3.8899999999999997,-2.51,-2.96,-2.2199999999999998,-3.1899999999999995,-3.13,0.21000000000000085,-3.67,-2.67,-3.26,-3.71,-3.2799999999999994,-3.1799999999999997,-0.6600000000000001,-0.4900000000000002,-2.0699999999999994,-3.59,-2.29,-1.5099999999999998,0.019999999999999574,1.0199999999999996,2.0599999999999996,1.9100000000000001,0.16000000000000014,-0.009999999999999787,-0.17999999999999972,-0.21999999999999975,0.54,-1.46,-0.1200000000000001,0.9199999999999999,-0.6299999999999999,3.0199999999999996,0.0,2.2799999999999994,2.0199999999999996,1.38,0.9399999999999995,1.7000000000000002,-0.6200000000000001,-1.3600000000000003,1.1500000000000004,1.7199999999999998,2.3499999999999996,1.0599999999999996,-0.2599999999999998,-0.040000000000000036,0.25,-0.8700000000000001,0.5099999999999998,0.05999999999999961,0.7999999999999998,-0.16999999999999993,-0.11000000000000032,3.2300000000000004,-0.6500000000000004,0.34999999999999964,-0.2400000000000002,-0.6900000000000004,-0.2599999999999998,-0.16000000000000014,2.3599999999999994,2.5299999999999994,0.9500000000000002,-0.5700000000000003,0.7299999999999995,1.5099999999999998,-2.26,-1.2599999999999998,-0.21999999999999975,-0.3699999999999992,-2.119999999999999,-2.289999999999999,-2.459999999999999,-2.499999999999999,-1.7399999999999993,-3.7399999999999993,-2.3999999999999995,-1.3599999999999994,-2.9099999999999993,0.7400000000000002,-2.2799999999999994,0.0,-0.2599999999999998,-0.8999999999999995,-1.3399999999999999,-0.5799999999999992,-2.8999999999999995,-3.6399999999999997,-1.129999999999999,-0.5599999999999996,0.07000000000000028,-1.2199999999999998,-2.539999999999999,-2.3199999999999994,-2.0299999999999994,-3.1499999999999995,-1.7699999999999996,-2.2199999999999998,-1.4799999999999995,-2.4499999999999993,-2.3899999999999997,0.9500000000000011,-2.9299999999999997,-1.9299999999999997,-2.5199999999999996,-2.9699999999999998,-2.539999999999999,-2.4399999999999995,0.08000000000000007,0.25,-1.3299999999999992,-2.8499999999999996,-1.5499999999999998,-0.7699999999999996,-2.0,-1.0,0.040000000000000036,-0.10999999999999943,-1.8599999999999994,-2.0299999999999994,-2.1999999999999993,-2.2399999999999993,-1.4799999999999995,-3.4799999999999995,-2.1399999999999997,-1.0999999999999996,-2.6499999999999995,1.0,-2.0199999999999996,0.2599999999999998,0.0,-0.6399999999999997,-1.08,-0.3199999999999994,-2.6399999999999997,-3.38,-0.8699999999999992,-0.2999999999999998,0.33000000000000007,-0.96,-2.2799999999999994,-2.0599999999999996,-1.7699999999999996,-2.8899999999999997,-1.5099999999999998,-1.96,-1.2199999999999998,-2.1899999999999995,-2.13,1.2100000000000009,-2.67,-1.67,-2.26,-2.71,-2.2799999999999994,-2.1799999999999997,0.33999999999999986,0.5099999999999998,-1.0699999999999994,-2.59,-1.29,-0.5099999999999998,-1.3600000000000003,-0.3600000000000003,0.6799999999999997,0.5300000000000002,-1.2199999999999998,-1.3899999999999997,-1.5599999999999996,-1.5999999999999996,-0.8399999999999999,-2.84,-1.5,-0.45999999999999996,-2.01,1.6399999999999997,-1.38,0.8999999999999995,0.6399999999999997,0.0,-0.4400000000000004,0.3200000000000003,-2.0,-2.74,-0.22999999999999954,0.33999999999999986,0.9699999999999998,-0.3200000000000003,-1.6399999999999997,-1.42,-1.13,-2.25,-0.8700000000000001,-1.3200000000000003,-0.5800000000000001,-1.5499999999999998,-1.4900000000000002,1.8500000000000005,-2.0300000000000002,-1.0300000000000002,-1.62,-2.0700000000000003,-1.6399999999999997,-1.54,0.9799999999999995,1.1499999999999995,-0.4299999999999997,-1.9500000000000002,-0.6500000000000004,0.1299999999999999,-0.9199999999999999,0.08000000000000007,1.12,0.9700000000000006,-0.7799999999999994,-0.9499999999999993,-1.1199999999999992,-1.1599999999999993,-0.39999999999999947,-2.3999999999999995,-1.0599999999999996,-0.019999999999999574,-1.5699999999999994,2.08,-0.9399999999999995,1.3399999999999999,1.08,0.4400000000000004,0.0,0.7600000000000007,-1.5599999999999996,-2.3,0.21000000000000085,0.7800000000000002,1.4100000000000001,0.1200000000000001,-1.1999999999999993,-0.9799999999999995,-0.6899999999999995,-1.8099999999999996,-0.4299999999999997,-0.8799999999999999,-0.13999999999999968,-1.1099999999999994,-1.0499999999999998,2.290000000000001,-1.5899999999999999,-0.5899999999999999,-1.1799999999999997,-1.63,-1.1999999999999993,-1.0999999999999996,1.42,1.5899999999999999,0.010000000000000675,-1.5099999999999998,-0.20999999999999996,0.5700000000000003,-1.6800000000000006,-0.6800000000000006,0.35999999999999943,0.20999999999999996,-1.54,-1.71,-1.88,-1.92,-1.1600000000000001,-3.16,-1.8200000000000003,-0.7800000000000002,-2.33,1.3199999999999994,-1.7000000000000002,0.5799999999999992,0.3199999999999994,-0.3200000000000003,-0.7600000000000007,0.0,-2.3200000000000003,-3.0600000000000005,-0.5499999999999998,0.019999999999999574,0.6499999999999995,-0.6400000000000006,-1.96,-1.7400000000000002,-1.4500000000000002,-2.5700000000000003,-1.1900000000000004,-1.6400000000000006,-0.9000000000000004,-1.87,-1.8100000000000005,1.5300000000000002,-2.3500000000000005,-1.3500000000000005,-1.9400000000000004,-2.3900000000000006,-1.96,-1.8600000000000003,0.6599999999999993,0.8299999999999992,-0.75,-2.2700000000000005,-0.9700000000000006,-0.1900000000000004,0.6399999999999997,1.6399999999999997,2.6799999999999997,2.5300000000000002,0.7800000000000002,0.6100000000000003,0.4400000000000004,0.40000000000000036,1.1600000000000001,-0.8399999999999999,0.5,1.54,-0.009999999999999787,3.6399999999999997,0.6200000000000001,2.8999999999999995,2.6399999999999997,2.0,1.5599999999999996,2.3200000000000003,0.0,-0.7400000000000002,1.7700000000000005,2.34,2.9699999999999998,1.6799999999999997,0.3600000000000003,0.5800000000000001,0.8700000000000001,-0.25,1.13,0.6799999999999997,1.42,0.4500000000000002,0.5099999999999998,3.8500000000000005,-0.03000000000000025,0.9699999999999998,0.3799999999999999,-0.07000000000000028,0.3600000000000003,0.45999999999999996,2.9799999999999995,3.1499999999999995,1.5700000000000003,0.04999999999999982,1.3499999999999996,2.13,1.38,2.38,3.42,3.2700000000000005,1.5200000000000005,1.3500000000000005,1.1800000000000006,1.1400000000000006,1.9000000000000004,-0.09999999999999964,1.2400000000000002,2.2800000000000002,0.7300000000000004,4.38,1.3600000000000003,3.6399999999999997,3.38,2.74,2.3,3.0600000000000005,0.7400000000000002,0.0,2.5100000000000007,3.08,3.71,2.42,1.1000000000000005,1.3200000000000003,1.6100000000000003,0.4900000000000002,1.87,1.42,2.16,1.1900000000000004,1.25,4.590000000000001,0.71,1.71,1.12,0.6699999999999999,1.1000000000000005,1.2000000000000002,3.7199999999999998,3.8899999999999997,2.3100000000000005,0.79,2.09,2.87,-1.1300000000000008,-0.13000000000000078,0.9099999999999993,0.7599999999999998,-0.9900000000000002,-1.1600000000000001,-1.33,-1.37,-0.6100000000000003,-2.6100000000000003,-1.2700000000000005,-0.23000000000000043,-1.7800000000000002,1.8699999999999992,-1.1500000000000004,1.129999999999999,0.8699999999999992,0.22999999999999954,-0.21000000000000085,0.5499999999999998,-1.7700000000000005,-2.5100000000000007,0.0,0.5699999999999994,1.1999999999999993,-0.09000000000000075,-1.4100000000000001,-1.1900000000000004,-0.9000000000000004,-2.0200000000000005,-0.6400000000000006,-1.0900000000000007,-0.35000000000000053,-1.3200000000000003,-1.2600000000000007,2.08,-1.8000000000000007,-0.8000000000000007,-1.3900000000000006,-1.8400000000000007,-1.4100000000000001,-1.3100000000000005,1.209999999999999,1.379999999999999,-0.20000000000000018,-1.7200000000000006,-0.4200000000000008,0.35999999999999943,-1.7000000000000002,-0.7000000000000002,0.33999999999999986,0.1900000000000004,-1.5599999999999996,-1.7299999999999995,-1.8999999999999995,-1.9399999999999995,-1.1799999999999997,-3.1799999999999997,-1.8399999999999999,-0.7999999999999998,-2.3499999999999996,1.2999999999999998,-1.7199999999999998,0.5599999999999996,0.2999999999999998,-0.33999999999999986,-0.7800000000000002,-0.019999999999999574,-2.34,-3.08,-0.5699999999999994,0.0,0.6299999999999999,-0.6600000000000001,-1.9799999999999995,-1.7599999999999998,-1.4699999999999998,-2.59,-1.21,-1.6600000000000001,-0.9199999999999999,-1.8899999999999997,-1.83,1.5100000000000007,-2.37,-1.37,-1.96,-2.41,-1.9799999999999995,-1.88,0.6399999999999997,0.8099999999999996,-0.7699999999999996,-2.29,-0.9900000000000002,-0.20999999999999996,-2.33,-1.33,-0.29000000000000004,-0.4399999999999995,-2.1899999999999995,-2.3599999999999994,-2.5299999999999994,-2.5699999999999994,-1.8099999999999996,-3.8099999999999996,-2.4699999999999998,-1.4299999999999997,-2.9799999999999995,0.6699999999999999,-2.3499999999999996,-0.07000000000000028,-0.33000000000000007,-0.9699999999999998,-1.4100000000000001,-0.6499999999999995,-2.9699999999999998,-3.71,-1.1999999999999993,-0.6299999999999999,0.0,-1.29,-2.6099999999999994,-2.3899999999999997,-2.0999999999999996,-3.2199999999999998,-1.8399999999999999,-2.29,-1.5499999999999998,-2.5199999999999996,-2.46,0.8800000000000008,-3.0,-2.0,-2.59,-3.04,-2.6099999999999994,-2.51,0.009999999999999787,0.17999999999999972,-1.3999999999999995,-2.92,-1.62,-0.8399999999999999,-1.04,-0.040000000000000036,1.0,0.8500000000000005,-0.8999999999999995,-1.0699999999999994,-1.2399999999999993,-1.2799999999999994,-0.5199999999999996,-2.5199999999999996,-1.1799999999999997,-0.13999999999999968,-1.6899999999999995,1.96,-1.0599999999999996,1.2199999999999998,0.96,0.3200000000000003,-0.1200000000000001,0.6400000000000006,-1.6799999999999997,-2.42,0.09000000000000075,0.6600000000000001,1.29,0.0,-1.3199999999999994,-1.0999999999999996,-0.8099999999999996,-1.9299999999999997,-0.5499999999999998,-1.0,-0.2599999999999998,-1.2299999999999995,-1.17,2.170000000000001,-1.71,-0.71,-1.2999999999999998,-1.75,-1.3199999999999994,-1.2199999999999998,1.2999999999999998,1.4699999999999998,-0.10999999999999943,-1.63,-0.33000000000000007,0.4500000000000002,0.27999999999999936,1.2799999999999994,2.3199999999999994,2.17,0.41999999999999993,0.25,0.08000000000000007,0.040000000000000036,0.7999999999999998,-1.2000000000000002,0.13999999999999968,1.1799999999999997,-0.3700000000000001,3.2799999999999994,0.2599999999999998,2.539999999999999,2.2799999999999994,1.6399999999999997,1.1999999999999993,1.96,-0.3600000000000003,-1.1000000000000005,1.4100000000000001,1.9799999999999995,2.6099999999999994,1.3199999999999994,0.0,0.21999999999999975,0.5099999999999998,-0.6100000000000003,0.7699999999999996,0.3199999999999994,1.0599999999999996,0.08999999999999986,0.14999999999999947,3.49,-0.39000000000000057,0.6099999999999994,0.019999999999999574,-0.4300000000000006,0.0,0.09999999999999964,2.619999999999999,2.789999999999999,1.21,-0.3100000000000005,0.9899999999999993,1.7699999999999996,0.05999999999999961,1.0599999999999996,2.0999999999999996,1.9500000000000002,0.20000000000000018,0.03000000000000025,-0.13999999999999968,-0.17999999999999972,0.5800000000000001,-1.42,-0.08000000000000007,0.96,-0.5899999999999999,3.0599999999999996,0.040000000000000036,2.3199999999999994,2.0599999999999996,1.42,0.9799999999999995,1.7400000000000002,-0.5800000000000001,-1.3200000000000003,1.1900000000000004,1.7599999999999998,2.3899999999999997,1.0999999999999996,-0.21999999999999975,0.0,0.29000000000000004,-0.8300000000000001,0.5499999999999998,0.09999999999999964,0.8399999999999999,-0.1299999999999999,-0.07000000000000028,3.2700000000000005,-0.6100000000000003,0.3899999999999997,-0.20000000000000018,-0.6500000000000004,-0.21999999999999975,-0.1200000000000001,2.3999999999999995,2.5699999999999994,0.9900000000000002,-0.5300000000000002,0.7699999999999996,1.5499999999999998,-0.23000000000000043,0.7699999999999996,1.8099999999999996,1.6600000000000001,-0.08999999999999986,-0.2599999999999998,-0.4299999999999997,-0.46999999999999975,0.29000000000000004,-1.71,-0.3700000000000001,0.6699999999999999,-0.8799999999999999,2.7699999999999996,-0.25,2.0299999999999994,1.7699999999999996,1.13,0.6899999999999995,1.4500000000000002,-0.8700000000000001,-1.6100000000000003,0.9000000000000004,1.4699999999999998,2.0999999999999996,0.8099999999999996,-0.5099999999999998,-0.29000000000000004,0.0,-1.12,0.2599999999999998,-0.1900000000000004,0.5499999999999998,-0.41999999999999993,-0.3600000000000003,2.9800000000000004,-0.9000000000000004,0.09999999999999964,-0.4900000000000002,-0.9400000000000004,-0.5099999999999998,-0.41000000000000014,2.1099999999999994,2.2799999999999994,0.7000000000000002,-0.8200000000000003,0.47999999999999954,1.2599999999999998,0.8899999999999997,1.8899999999999997,2.9299999999999997,2.7800000000000002,1.0300000000000002,0.8600000000000003,0.6900000000000004,0.6500000000000004,1.4100000000000001,-0.5899999999999999,0.75,1.79,0.2400000000000002,3.8899999999999997,0.8700000000000001,3.1499999999999995,2.8899999999999997,2.25,1.8099999999999996,2.5700000000000003,0.25,-0.4900000000000002,2.0200000000000005,2.59,3.2199999999999998,1.9299999999999997,0.6100000000000003,0.8300000000000001,1.12,0.0,1.38,0.9299999999999997,1.67,0.7000000000000002,0.7599999999999998,4.1000000000000005,0.21999999999999975,1.2199999999999998,0.6299999999999999,0.17999999999999972,0.6100000000000003,0.71,3.2299999999999995,3.3999999999999995,1.8200000000000003,0.2999999999999998,1.5999999999999996,2.38,-0.4900000000000002,0.5099999999999998,1.5499999999999998,1.4000000000000004,-0.34999999999999964,-0.5199999999999996,-0.6899999999999995,-0.7299999999999995,0.03000000000000025,-1.9699999999999998,-0.6299999999999999,0.41000000000000014,-1.1399999999999997,2.51,-0.5099999999999998,1.7699999999999996,1.5099999999999998,0.8700000000000001,0.4299999999999997,1.1900000000000004,-1.13,-1.87,0.6400000000000006,1.21,1.8399999999999999,0.5499999999999998,-0.7699999999999996,-0.5499999999999998,-0.2599999999999998,-1.38,0.0,-0.4500000000000002,0.29000000000000004,-0.6799999999999997,-0.6200000000000001,2.7200000000000006,-1.1600000000000001,-0.16000000000000014,-0.75,-1.2000000000000002,-0.7699999999999996,-0.6699999999999999,1.8499999999999996,2.0199999999999996,0.4400000000000004,-1.08,0.21999999999999975,1.0,-0.040000000000000036,0.96,2.0,1.8500000000000005,0.10000000000000053,-0.0699999999999994,-0.23999999999999932,-0.27999999999999936,0.4800000000000004,-1.5199999999999996,-0.17999999999999972,0.8600000000000003,-0.6899999999999995,2.96,-0.05999999999999961,2.2199999999999998,1.96,1.3200000000000003,0.8799999999999999,1.6400000000000006,-0.6799999999999997,-1.42,1.0900000000000007,1.6600000000000001,2.29,1.0,-0.3199999999999994,-0.09999999999999964,0.1900000000000004,-0.9299999999999997,0.4500000000000002,0.0,0.7400000000000002,-0.22999999999999954,-0.16999999999999993,3.170000000000001,-0.71,0.29000000000000004,-0.2999999999999998,-0.75,-0.3199999999999994,-0.21999999999999975,2.3,2.4699999999999998,0.8900000000000006,-0.6299999999999999,0.6699999999999999,1.4500000000000002,-0.7800000000000002,0.21999999999999975,1.2599999999999998,1.1100000000000003,-0.6399999999999997,-0.8099999999999996,-0.9799999999999995,-1.0199999999999996,-0.2599999999999998,-2.26,-0.9199999999999999,0.1200000000000001,-1.4299999999999997,2.2199999999999998,-0.7999999999999998,1.4799999999999995,1.2199999999999998,0.5800000000000001,0.13999999999999968,0.9000000000000004,-1.42,-2.16,0.35000000000000053,0.9199999999999999,1.5499999999999998,0.2599999999999998,-1.0599999999999996,-0.8399999999999999,-0.5499999999999998,-1.67,-0.29000000000000004,-0.7400000000000002,0.0,-0.9699999999999998,-0.9100000000000001,2.4300000000000006,-1.4500000000000002,-0.4500000000000002,-1.04,-1.4900000000000002,-1.0599999999999996,-0.96,1.5599999999999996,1.7299999999999995,0.15000000000000036,-1.37,-0.07000000000000028,0.71,0.1899999999999995,1.1899999999999995,2.2299999999999995,2.08,0.33000000000000007,0.16000000000000014,-0.009999999999999787,-0.04999999999999982,0.71,-1.29,0.04999999999999982,1.0899999999999999,-0.45999999999999996,3.1899999999999995,0.16999999999999993,2.4499999999999993,2.1899999999999995,1.5499999999999998,1.1099999999999994,1.87,-0.4500000000000002,-1.1900000000000004,1.3200000000000003,1.8899999999999997,2.5199999999999996,1.2299999999999995,-0.08999999999999986,0.1299999999999999,0.41999999999999993,-0.7000000000000002,0.6799999999999997,0.22999999999999954,0.9699999999999998,0.0,0.05999999999999961,3.4000000000000004,-0.4800000000000004,0.5199999999999996,-0.07000000000000028,-0.5200000000000005,-0.08999999999999986,0.009999999999999787,2.5299999999999994,2.6999999999999993,1.12,-0.40000000000000036,0.8999999999999995,1.6799999999999997,0.1299999999999999,1.13,2.17,2.0200000000000005,0.27000000000000046,0.10000000000000053,-0.0699999999999994,-0.10999999999999943,0.6500000000000004,-1.3499999999999996,-0.009999999999999787,1.0300000000000002,-0.5199999999999996,3.13,0.11000000000000032,2.3899999999999997,2.13,1.4900000000000002,1.0499999999999998,1.8100000000000005,-0.5099999999999998,-1.25,1.2600000000000007,1.83,2.46,1.17,-0.14999999999999947,0.07000000000000028,0.3600000000000003,-0.7599999999999998,0.6200000000000001,0.16999999999999993,0.9100000000000001,-0.05999999999999961,0.0,3.3400000000000007,-0.54,0.45999999999999996,-0.1299999999999999,-0.5800000000000001,-0.14999999999999947,-0.04999999999999982,2.4699999999999998,2.6399999999999997,1.0600000000000005,-0.45999999999999996,0.8399999999999999,1.62,-3.210000000000001,-2.210000000000001,-1.1700000000000008,-1.3200000000000003,-3.0700000000000003,-3.24,-3.41,-3.45,-2.6900000000000004,-4.69,-3.3500000000000005,-2.3100000000000005,-3.8600000000000003,-0.21000000000000085,-3.2300000000000004,-0.9500000000000011,-1.2100000000000009,-1.8500000000000005,-2.290000000000001,-1.5300000000000002,-3.8500000000000005,-4.590000000000001,-2.08,-1.5100000000000007,-0.8800000000000008,-2.170000000000001,-3.49,-3.2700000000000005,-2.9800000000000004,-4.1000000000000005,-2.7200000000000006,-3.170000000000001,-2.4300000000000006,-3.4000000000000004,-3.3400000000000007,0.0,-3.880000000000001,-2.880000000000001,-3.4700000000000006,-3.920000000000001,-3.49,-3.3900000000000006,-0.870000000000001,-0.7000000000000011,-2.2800000000000002,-3.8000000000000007,-2.500000000000001,-1.7200000000000006,0.6699999999999999,1.67,2.71,2.5600000000000005,0.8100000000000005,0.6400000000000006,0.47000000000000064,0.4300000000000006,1.1900000000000004,-0.8099999999999996,0.5300000000000002,1.5700000000000003,0.020000000000000462,3.67,0.6500000000000004,2.9299999999999997,2.67,2.0300000000000002,1.5899999999999999,2.3500000000000005,0.03000000000000025,-0.71,1.8000000000000007,2.37,3.0,1.71,0.39000000000000057,0.6100000000000003,0.9000000000000004,-0.21999999999999975,1.1600000000000001,0.71,1.4500000000000002,0.4800000000000004,0.54,3.880000000000001,0.0,1.0,0.41000000000000014,-0.040000000000000036,0.39000000000000057,0.4900000000000002,3.01,3.1799999999999997,1.6000000000000005,0.08000000000000007,1.38,2.16,-0.33000000000000007,0.6699999999999999,1.71,1.5600000000000005,-0.1899999999999995,-0.35999999999999943,-0.5299999999999994,-0.5699999999999994,0.1900000000000004,-1.8099999999999996,-0.46999999999999975,0.5700000000000003,-0.9799999999999995,2.67,-0.34999999999999964,1.9299999999999997,1.67,1.0300000000000002,0.5899999999999999,1.3500000000000005,-0.9699999999999998,-1.71,0.8000000000000007,1.37,2.0,0.71,-0.6099999999999994,-0.3899999999999997,-0.09999999999999964,-1.2199999999999998,0.16000000000000014,-0.29000000000000004,0.4500000000000002,-0.5199999999999996,-0.45999999999999996,2.880000000000001,-1.0,0.0,-0.5899999999999999,-1.04,-0.6099999999999994,-0.5099999999999998,2.01,2.1799999999999997,0.6000000000000005,-0.9199999999999999,0.3799999999999999,1.1600000000000001,0.2599999999999998,1.2599999999999998,2.3,2.1500000000000004,0.40000000000000036,0.23000000000000043,0.0600000000000005,0.020000000000000462,0.7800000000000002,-1.2199999999999998,0.1200000000000001,1.1600000000000001,-0.3899999999999997,3.26,0.2400000000000002,2.5199999999999996,2.26,1.62,1.1799999999999997,1.9400000000000004,-0.3799999999999999,-1.12,1.3900000000000006,1.96,2.59,1.2999999999999998,-0.019999999999999574,0.20000000000000018,0.4900000000000002,-0.6299999999999999,0.75,0.2999999999999998,1.04,0.07000000000000028,0.1299999999999999,3.4700000000000006,-0.41000000000000014,0.5899999999999999,0.0,-0.4500000000000002,-0.019999999999999574,0.08000000000000007,2.5999999999999996,2.7699999999999996,1.1900000000000004,-0.33000000000000007,0.9699999999999998,1.75,0.71,1.71,2.75,2.6000000000000005,0.8500000000000005,0.6800000000000006,0.5100000000000007,0.47000000000000064,1.2300000000000004,-0.7699999999999996,0.5700000000000003,1.6100000000000003,0.0600000000000005,3.71,0.6900000000000004,2.9699999999999998,2.71,2.0700000000000003,1.63,2.3900000000000006,0.07000000000000028,-0.6699999999999999,1.8400000000000007,2.41,3.04,1.75,0.4300000000000006,0.6500000000000004,0.9400000000000004,-0.17999999999999972,1.2000000000000002,0.75,1.4900000000000002,0.5200000000000005,0.5800000000000001,3.920000000000001,0.040000000000000036,1.04,0.4500000000000002,0.0,0.4300000000000006,0.5300000000000002,3.05,3.2199999999999998,1.6400000000000006,0.1200000000000001,1.42,2.2,0.27999999999999936,1.2799999999999994,2.3199999999999994,2.17,0.41999999999999993,0.25,0.08000000000000007,0.040000000000000036,0.7999999999999998,-1.2000000000000002,0.13999999999999968,1.1799999999999997,-0.3700000000000001,3.2799999999999994,0.2599999999999998,2.539999999999999,2.2799999999999994,1.6399999999999997,1.1999999999999993,1.96,-0.3600000000000003,-1.1000000000000005,1.4100000000000001,1.9799999999999995,2.6099999999999994,1.3199999999999994,0.0,0.21999999999999975,0.5099999999999998,-0.6100000000000003,0.7699999999999996,0.3199999999999994,1.0599999999999996,0.08999999999999986,0.14999999999999947,3.49,-0.39000000000000057,0.6099999999999994,0.019999999999999574,-0.4300000000000006,0.0,0.09999999999999964,2.619999999999999,2.789999999999999,1.21,-0.3100000000000005,0.9899999999999993,1.7699999999999996,0.17999999999999972,1.1799999999999997,2.2199999999999998,2.0700000000000003,0.3200000000000003,0.15000000000000036,-0.019999999999999574,-0.05999999999999961,0.7000000000000002,-1.2999999999999998,0.040000000000000036,1.08,-0.46999999999999975,3.1799999999999997,0.16000000000000014,2.4399999999999995,2.1799999999999997,1.54,1.0999999999999996,1.8600000000000003,-0.45999999999999996,-1.2000000000000002,1.3100000000000005,1.88,2.51,1.2199999999999998,-0.09999999999999964,0.1200000000000001,0.41000000000000014,-0.71,0.6699999999999999,0.21999999999999975,0.96,-0.009999999999999787,0.04999999999999982,3.3900000000000006,-0.4900000000000002,0.5099999999999998,-0.08000000000000007,-0.5300000000000002,-0.09999999999999964,0.0,2.5199999999999996,2.6899999999999995,1.1100000000000003,-0.41000000000000014,0.8899999999999997,1.67,-2.34,-1.3399999999999999,-0.2999999999999998,-0.4499999999999993,-2.1999999999999993,-2.369999999999999,-2.539999999999999,-2.579999999999999,-1.8199999999999994,-3.8199999999999994,-2.4799999999999995,-1.4399999999999995,-2.9899999999999993,0.6600000000000001,-2.3599999999999994,-0.08000000000000007,-0.33999999999999986,-0.9799999999999995,-1.42,-0.6599999999999993,-2.9799999999999995,-3.7199999999999998,-1.209999999999999,-0.6399999999999997,-0.009999999999999787,-1.2999999999999998,-2.619999999999999,-2.3999999999999995,-2.1099999999999994,-3.2299999999999995,-1.8499999999999996,-2.3,-1.5599999999999996,-2.5299999999999994,-2.4699999999999998,0.870000000000001,-3.01,-2.01,-2.5999999999999996,-3.05,-2.619999999999999,-2.5199999999999996,0.0,0.16999999999999993,-1.4099999999999993,-2.9299999999999997,-1.63,-0.8499999999999996,-2.51,-1.5099999999999998,-0.46999999999999975,-0.6199999999999992,-2.369999999999999,-2.539999999999999,-2.709999999999999,-2.749999999999999,-1.9899999999999993,-3.9899999999999993,-2.6499999999999995,-1.6099999999999994,-3.1599999999999993,0.4900000000000002,-2.5299999999999994,-0.25,-0.5099999999999998,-1.1499999999999995,-1.5899999999999999,-0.8299999999999992,-3.1499999999999995,-3.8899999999999997,-1.379999999999999,-0.8099999999999996,-0.17999999999999972,-1.4699999999999998,-2.789999999999999,-2.5699999999999994,-2.2799999999999994,-3.3999999999999995,-2.0199999999999996,-2.4699999999999998,-1.7299999999999995,-2.6999999999999993,-2.6399999999999997,0.7000000000000011,-3.1799999999999997,-2.1799999999999997,-2.7699999999999996,-3.2199999999999998,-2.789999999999999,-2.6899999999999995,-0.16999999999999993,0.0,-1.5799999999999992,-3.0999999999999996,-1.7999999999999998,-1.0199999999999996,-0.9300000000000006,0.0699999999999994,1.1099999999999994,0.96,-0.79,-0.96,-1.13,-1.17,-0.41000000000000014,-2.41,-1.0700000000000003,-0.03000000000000025,-1.58,2.0699999999999994,-0.9500000000000002,1.3299999999999992,1.0699999999999994,0.4299999999999997,-0.010000000000000675,0.75,-1.5700000000000003,-2.3100000000000005,0.20000000000000018,0.7699999999999996,1.3999999999999995,0.10999999999999943,-1.21,-0.9900000000000002,-0.7000000000000002,-1.8200000000000003,-0.4400000000000004,-0.8900000000000006,-0.15000000000000036,-1.12,-1.0600000000000005,2.2800000000000002,-1.6000000000000005,-0.6000000000000005,-1.1900000000000004,-1.6400000000000006,-1.21,-1.1100000000000003,1.4099999999999993,1.5799999999999992,0.0,-1.5200000000000005,-0.22000000000000064,0.5599999999999996,0.5899999999999999,1.5899999999999999,2.63,2.4800000000000004,0.7300000000000004,0.5600000000000005,0.39000000000000057,0.35000000000000053,1.1100000000000003,-0.8899999999999997,0.4500000000000002,1.4900000000000002,-0.05999999999999961,3.59,0.5700000000000003,2.8499999999999996,2.59,1.9500000000000002,1.5099999999999998,2.2700000000000005,-0.04999999999999982,-0.79,1.7200000000000006,2.29,2.92,1.63,0.3100000000000005,0.5300000000000002,0.8200000000000003,-0.2999999999999998,1.08,0.6299999999999999,1.37,0.40000000000000036,0.45999999999999996,3.8000000000000007,-0.08000000000000007,0.9199999999999999,0.33000000000000007,-0.1200000000000001,0.3100000000000005,0.41000000000000014,2.9299999999999997,3.0999999999999996,1.5200000000000005,0.0,1.2999999999999998,2.08,-0.71,0.29000000000000004,1.33,1.1800000000000006,-0.5699999999999994,-0.7399999999999993,-0.9099999999999993,-0.9499999999999993,-0.1899999999999995,-2.1899999999999995,-0.8499999999999996,0.1900000000000004,-1.3599999999999994,2.29,-0.7299999999999995,1.5499999999999998,1.29,0.6500000000000004,0.20999999999999996,0.9700000000000006,-1.3499999999999996,-2.09,0.4200000000000008,0.9900000000000002,1.62,0.33000000000000007,-0.9899999999999993,-0.7699999999999996,-0.47999999999999954,-1.5999999999999996,-0.21999999999999975,-0.6699999999999999,0.07000000000000028,-0.8999999999999995,-0.8399999999999999,2.500000000000001,-1.38,-0.3799999999999999,-0.9699999999999998,-1.42,-0.9899999999999993,-0.8899999999999997,1.63,1.7999999999999998,0.22000000000000064,-1.2999999999999998,0.0,0.7800000000000002,-1.4900000000000002,-0.4900000000000002,0.5499999999999998,0.40000000000000036,-1.3499999999999996,-1.5199999999999996,-1.6899999999999995,-1.7299999999999995,-0.9699999999999998,-2.9699999999999998,-1.63,-0.5899999999999999,-2.1399999999999997,1.5099999999999998,-1.5099999999999998,0.7699999999999996,0.5099999999999998,-0.1299999999999999,-0.5700000000000003,0.1900000000000004,-2.13,-2.87,-0.35999999999999943,0.20999999999999996,0.8399999999999999,-0.4500000000000002,-1.7699999999999996,-1.5499999999999998,-1.2599999999999998,-2.38,-1.0,-1.4500000000000002,-0.71,-1.6799999999999997,-1.62,1.7200000000000006,-2.16,-1.1600000000000001,-1.75,-2.2,-1.7699999999999996,-1.67,0.8499999999999996,1.0199999999999996,-0.5599999999999996,-2.08,-0.7800000000000002,0.0,0.0,-0.6399999999999997,-1.4900000000000002,1.46,-0.7400000000000002,0.33000000000000007,0.75,-0.9500000000000002,-0.09999999999999964,1.0499999999999998,-0.5599999999999996,-0.7699999999999996,1.4100000000000001,1.5699999999999994,0.9500000000000002,-0.7599999999999998,1.3399999999999999,-1.9699999999999998,-1.08,1.4800000000000004,0.05999999999999961,1.3399999999999999,-0.6200000000000001,1.4800000000000004,1.5599999999999996,-0.3099999999999996,-0.2599999999999998,0.05999999999999961,0.8099999999999996,-0.8399999999999999,-0.40000000000000036,1.9699999999999998,-0.8399999999999999,-2.4299999999999997,-0.040000000000000036,1.0099999999999998,0.8300000000000001,-1.0,-0.8099999999999996,0.04999999999999982,-1.08,-1.7999999999999998,-0.4400000000000004,0.7000000000000002,-0.1200000000000001,-1.2000000000000002,-0.7599999999999998,-0.8499999999999996,0.6399999999999997,0.0,-0.8500000000000005,2.0999999999999996,-0.10000000000000053,0.9699999999999998,1.3899999999999997,-0.3100000000000005,0.54,1.6899999999999995,0.08000000000000007,-0.1299999999999999,2.05,2.209999999999999,1.5899999999999999,-0.1200000000000001,1.9799999999999995,-1.33,-0.4400000000000004,2.12,0.6999999999999993,1.9799999999999995,0.019999999999999574,2.12,2.1999999999999993,0.33000000000000007,0.3799999999999999,0.6999999999999993,1.4499999999999993,-0.20000000000000018,0.23999999999999932,2.6099999999999994,-0.20000000000000018,-1.79,0.5999999999999996,1.6499999999999995,1.4699999999999998,-0.3600000000000003,-0.16999999999999993,0.6899999999999995,-0.4400000000000004,-1.1600000000000001,0.1999999999999993,1.3399999999999999,0.5199999999999996,-0.5600000000000005,-0.1200000000000001,-0.20999999999999996,1.4900000000000002,0.8500000000000005,0.0,2.95,0.75,1.8200000000000003,2.24,0.54,1.3900000000000006,2.54,0.9300000000000006,0.7200000000000006,2.9000000000000004,3.0599999999999996,2.4400000000000004,0.7300000000000004,2.83,-0.47999999999999954,0.41000000000000014,2.9700000000000006,1.5499999999999998,2.83,0.8700000000000001,2.9700000000000006,3.05,1.1800000000000006,1.2300000000000004,1.5499999999999998,2.3,0.6500000000000004,1.0899999999999999,3.46,0.6500000000000004,-0.9399999999999995,1.4500000000000002,2.5,2.3200000000000003,0.4900000000000002,0.6800000000000006,1.54,0.41000000000000014,-0.3099999999999996,1.0499999999999998,2.1900000000000004,1.37,0.29000000000000004,0.7300000000000004,0.6400000000000006,-1.46,-2.0999999999999996,-2.95,0.0,-2.2,-1.13,-0.71,-2.41,-1.5599999999999996,-0.41000000000000014,-2.0199999999999996,-2.2299999999999995,-0.04999999999999982,0.10999999999999943,-0.5099999999999998,-2.2199999999999998,-0.1200000000000001,-3.4299999999999997,-2.54,0.020000000000000462,-1.4000000000000004,-0.1200000000000001,-2.08,0.020000000000000462,0.09999999999999964,-1.7699999999999996,-1.7199999999999998,-1.4000000000000004,-0.6500000000000004,-2.3,-1.8600000000000003,0.5099999999999998,-2.3,-3.8899999999999997,-1.5,-0.4500000000000002,-0.6299999999999999,-2.46,-2.2699999999999996,-1.4100000000000001,-2.54,-3.26,-1.9000000000000004,-0.7599999999999998,-1.58,-2.66,-2.2199999999999998,-2.3099999999999996,0.7400000000000002,0.10000000000000053,-0.75,2.2,0.0,1.0700000000000003,1.4900000000000002,-0.20999999999999996,0.6400000000000006,1.79,0.1800000000000006,-0.02999999999999936,2.1500000000000004,2.3099999999999996,1.6900000000000004,-0.019999999999999574,2.08,-1.2299999999999995,-0.33999999999999986,2.2200000000000006,0.7999999999999998,2.08,0.1200000000000001,2.2200000000000006,2.3,0.4300000000000006,0.4800000000000004,0.7999999999999998,1.5499999999999998,-0.09999999999999964,0.33999999999999986,2.71,-0.09999999999999964,-1.6899999999999995,0.7000000000000002,1.75,1.5700000000000003,-0.2599999999999998,-0.0699999999999994,0.79,-0.33999999999999986,-1.0599999999999996,0.2999999999999998,1.4400000000000004,0.6200000000000001,-0.45999999999999996,-0.019999999999999574,-0.10999999999999943,-0.33000000000000007,-0.9699999999999998,-1.8200000000000003,1.13,-1.0700000000000003,0.0,0.41999999999999993,-1.2800000000000002,-0.4299999999999997,0.7199999999999998,-0.8899999999999997,-1.0999999999999996,1.08,1.2399999999999993,0.6200000000000001,-1.0899999999999999,1.0099999999999998,-2.3,-1.4100000000000001,1.1500000000000004,-0.27000000000000046,1.0099999999999998,-0.9500000000000002,1.1500000000000004,1.2299999999999995,-0.6399999999999997,-0.5899999999999999,-0.27000000000000046,0.47999999999999954,-1.17,-0.7300000000000004,1.6399999999999997,-1.17,-2.76,-0.3700000000000001,0.6799999999999997,0.5,-1.33,-1.1399999999999997,-0.28000000000000025,-1.4100000000000001,-2.13,-0.7700000000000005,0.3700000000000001,-0.4500000000000002,-1.5300000000000002,-1.0899999999999999,-1.1799999999999997,-0.75,-1.3899999999999997,-2.24,0.71,-1.4900000000000002,-0.41999999999999993,0.0,-1.7000000000000002,-0.8499999999999996,0.2999999999999998,-1.3099999999999996,-1.5199999999999996,0.6600000000000001,0.8199999999999994,0.20000000000000018,-1.5099999999999998,0.5899999999999999,-2.7199999999999998,-1.83,0.7300000000000004,-0.6900000000000004,0.5899999999999999,-1.37,0.7300000000000004,0.8099999999999996,-1.0599999999999996,-1.0099999999999998,-0.6900000000000004,0.05999999999999961,-1.5899999999999999,-1.1500000000000004,1.2199999999999998,-1.5899999999999999,-3.1799999999999997,-0.79,0.2599999999999998,0.08000000000000007,-1.75,-1.5599999999999996,-0.7000000000000002,-1.83,-2.55,-1.1900000000000004,-0.04999999999999982,-0.8700000000000001,-1.9500000000000002,-1.5099999999999998,-1.5999999999999996,0.9500000000000002,0.3100000000000005,-0.54,2.41,0.20999999999999996,1.2800000000000002,1.7000000000000002,0.0,0.8500000000000005,2.0,0.39000000000000057,0.1800000000000006,2.3600000000000003,2.5199999999999996,1.9000000000000004,0.1900000000000004,2.29,-1.0199999999999996,-0.1299999999999999,2.4300000000000006,1.0099999999999998,2.29,0.33000000000000007,2.4300000000000006,2.51,0.6400000000000006,0.6900000000000004,1.0099999999999998,1.7599999999999998,0.11000000000000032,0.5499999999999998,2.92,0.11000000000000032,-1.4799999999999995,0.9100000000000001,1.96,1.7800000000000002,-0.04999999999999982,0.14000000000000057,1.0,-0.1299999999999999,-0.8499999999999996,0.5099999999999998,1.6500000000000004,0.8300000000000001,-0.25,0.1900000000000004,0.10000000000000053,0.09999999999999964,-0.54,-1.3900000000000006,1.5599999999999996,-0.6400000000000006,0.4299999999999997,0.8499999999999996,-0.8500000000000005,0.0,1.1499999999999995,-0.45999999999999996,-0.6699999999999999,1.5099999999999998,1.669999999999999,1.0499999999999998,-0.6600000000000001,1.4399999999999995,-1.87,-0.9800000000000004,1.58,0.15999999999999925,1.4399999999999995,-0.5200000000000005,1.58,1.6599999999999993,-0.20999999999999996,-0.16000000000000014,0.15999999999999925,0.9099999999999993,-0.7400000000000002,-0.3000000000000007,2.0699999999999994,-0.7400000000000002,-2.33,0.05999999999999961,1.1099999999999994,0.9299999999999997,-0.9000000000000004,-0.71,0.14999999999999947,-0.9800000000000004,-1.7000000000000002,-0.34000000000000075,0.7999999999999998,-0.020000000000000462,-1.1000000000000005,-0.6600000000000001,-0.75,-1.0499999999999998,-1.6899999999999995,-2.54,0.41000000000000014,-1.79,-0.7199999999999998,-0.2999999999999998,-2.0,-1.1499999999999995,0.0,-1.6099999999999994,-1.8199999999999994,0.3600000000000003,0.5199999999999996,-0.09999999999999964,-1.8099999999999996,0.29000000000000004,-3.0199999999999996,-2.13,0.4300000000000006,-0.9900000000000002,0.29000000000000004,-1.67,0.4300000000000006,0.5099999999999998,-1.3599999999999994,-1.3099999999999996,-0.9900000000000002,-0.2400000000000002,-1.8899999999999997,-1.4500000000000002,0.9199999999999999,-1.8899999999999997,-3.4799999999999995,-1.0899999999999999,-0.040000000000000036,-0.21999999999999975,-2.05,-1.8599999999999994,-1.0,-2.13,-2.8499999999999996,-1.4900000000000002,-0.34999999999999964,-1.17,-2.25,-1.8099999999999996,-1.8999999999999995,0.5599999999999996,-0.08000000000000007,-0.9300000000000006,2.0199999999999996,-0.1800000000000006,0.8899999999999997,1.3099999999999996,-0.39000000000000057,0.45999999999999996,1.6099999999999994,0.0,-0.20999999999999996,1.9699999999999998,2.129999999999999,1.5099999999999998,-0.20000000000000018,1.8999999999999995,-1.4100000000000001,-0.5200000000000005,2.04,0.6199999999999992,1.8999999999999995,-0.0600000000000005,2.04,2.119999999999999,0.25,0.2999999999999998,0.6199999999999992,1.3699999999999992,-0.28000000000000025,0.15999999999999925,2.5299999999999994,-0.28000000000000025,-1.87,0.5199999999999996,1.5699999999999994,1.3899999999999997,-0.4400000000000004,-0.25,0.6099999999999994,-0.5200000000000005,-1.2400000000000002,0.11999999999999922,1.2599999999999998,0.4399999999999995,-0.6400000000000006,-0.20000000000000018,-0.29000000000000004,0.7699999999999996,0.1299999999999999,-0.7200000000000006,2.2299999999999995,0.02999999999999936,1.0999999999999996,1.5199999999999996,-0.1800000000000006,0.6699999999999999,1.8199999999999994,0.20999999999999996,0.0,2.1799999999999997,2.339999999999999,1.7199999999999998,0.009999999999999787,2.1099999999999994,-1.2000000000000002,-0.3100000000000005,2.25,0.8299999999999992,2.1099999999999994,0.14999999999999947,2.25,2.329999999999999,0.45999999999999996,0.5099999999999998,0.8299999999999992,1.5799999999999992,-0.07000000000000028,0.3699999999999992,2.7399999999999993,-0.07000000000000028,-1.6600000000000001,0.7299999999999995,1.7799999999999994,1.5999999999999996,-0.23000000000000043,-0.040000000000000036,0.8199999999999994,-0.3100000000000005,-1.0300000000000002,0.3299999999999992,1.4699999999999998,0.6499999999999995,-0.4300000000000006,0.009999999999999787,-0.08000000000000007,-1.4100000000000001,-2.05,-2.9000000000000004,0.04999999999999982,-2.1500000000000004,-1.08,-0.6600000000000001,-2.3600000000000003,-1.5099999999999998,-0.3600000000000003,-1.9699999999999998,-2.1799999999999997,0.0,0.15999999999999925,-0.45999999999999996,-2.17,-0.07000000000000028,-3.38,-2.49,0.07000000000000028,-1.3500000000000005,-0.07000000000000028,-2.0300000000000002,0.07000000000000028,0.14999999999999947,-1.7199999999999998,-1.67,-1.3500000000000005,-0.6000000000000005,-2.25,-1.8100000000000005,0.5599999999999996,-2.25,-3.84,-1.4500000000000002,-0.40000000000000036,-0.5800000000000001,-2.41,-2.2199999999999998,-1.3600000000000003,-2.49,-3.21,-1.8500000000000005,-0.71,-1.5300000000000002,-2.6100000000000003,-2.17,-2.26,-1.5699999999999994,-2.209999999999999,-3.0599999999999996,-0.10999999999999943,-2.3099999999999996,-1.2399999999999993,-0.8199999999999994,-2.5199999999999996,-1.669999999999999,-0.5199999999999996,-2.129999999999999,-2.339999999999999,-0.15999999999999925,0.0,-0.6199999999999992,-2.329999999999999,-0.22999999999999954,-3.539999999999999,-2.6499999999999995,-0.08999999999999897,-1.5099999999999998,-0.22999999999999954,-2.1899999999999995,-0.08999999999999897,-0.009999999999999787,-1.879999999999999,-1.8299999999999992,-1.5099999999999998,-0.7599999999999998,-2.4099999999999993,-1.9699999999999998,0.40000000000000036,-2.4099999999999993,-3.999999999999999,-1.6099999999999994,-0.5599999999999996,-0.7399999999999993,-2.5699999999999994,-2.379999999999999,-1.5199999999999996,-2.6499999999999995,-3.369999999999999,-2.01,-0.8699999999999992,-1.6899999999999995,-2.7699999999999996,-2.329999999999999,-2.419999999999999,-0.9500000000000002,-1.5899999999999999,-2.4400000000000004,0.5099999999999998,-1.6900000000000004,-0.6200000000000001,-0.20000000000000018,-1.9000000000000004,-1.0499999999999998,0.09999999999999964,-1.5099999999999998,-1.7199999999999998,0.45999999999999996,0.6199999999999992,0.0,-1.71,0.3899999999999997,-2.92,-2.0300000000000002,0.5300000000000002,-0.8900000000000006,0.3899999999999997,-1.5700000000000003,0.5300000000000002,0.6099999999999994,-1.2599999999999998,-1.21,-0.8900000000000006,-0.14000000000000057,-1.79,-1.3500000000000005,1.0199999999999996,-1.79,-3.38,-0.9900000000000002,0.05999999999999961,-0.1200000000000001,-1.9500000000000002,-1.7599999999999998,-0.9000000000000004,-2.0300000000000002,-2.75,-1.3900000000000006,-0.25,-1.0700000000000003,-2.1500000000000004,-1.71,-1.7999999999999998,0.7599999999999998,0.1200000000000001,-0.7300000000000004,2.2199999999999998,0.019999999999999574,1.0899999999999999,1.5099999999999998,-0.1900000000000004,0.6600000000000001,1.8099999999999996,0.20000000000000018,-0.009999999999999787,2.17,2.329999999999999,1.71,0.0,2.0999999999999996,-1.21,-0.3200000000000003,2.24,0.8199999999999994,2.0999999999999996,0.13999999999999968,2.24,2.3199999999999994,0.4500000000000002,0.5,0.8199999999999994,1.5699999999999994,-0.08000000000000007,0.35999999999999943,2.7299999999999995,-0.08000000000000007,-1.67,0.7199999999999998,1.7699999999999996,1.5899999999999999,-0.2400000000000002,-0.04999999999999982,0.8099999999999996,-0.3200000000000003,-1.04,0.3199999999999994,1.46,0.6399999999999997,-0.4400000000000004,0.0,-0.08999999999999986,-1.3399999999999999,-1.9799999999999995,-2.83,0.1200000000000001,-2.08,-1.0099999999999998,-0.5899999999999999,-2.29,-1.4399999999999995,-0.29000000000000004,-1.8999999999999995,-2.1099999999999994,0.07000000000000028,0.22999999999999954,-0.3899999999999997,-2.0999999999999996,0.0,-3.3099999999999996,-2.42,0.14000000000000057,-1.2800000000000002,0.0,-1.96,0.14000000000000057,0.21999999999999975,-1.6499999999999995,-1.5999999999999996,-1.2800000000000002,-0.5300000000000002,-2.1799999999999997,-1.7400000000000002,0.6299999999999999,-2.1799999999999997,-3.7699999999999996,-1.38,-0.33000000000000007,-0.5099999999999998,-2.34,-2.1499999999999995,-1.29,-2.42,-3.1399999999999997,-1.7800000000000002,-0.6399999999999997,-1.46,-2.54,-2.0999999999999996,-2.1899999999999995,1.9699999999999998,1.33,0.47999999999999954,3.4299999999999997,1.2299999999999995,2.3,2.7199999999999998,1.0199999999999996,1.87,3.0199999999999996,1.4100000000000001,1.2000000000000002,3.38,3.539999999999999,2.92,1.21,3.3099999999999996,0.0,0.8899999999999997,3.45,2.0299999999999994,3.3099999999999996,1.3499999999999996,3.45,3.5299999999999994,1.6600000000000001,1.71,2.0299999999999994,2.7799999999999994,1.13,1.5699999999999994,3.9399999999999995,1.13,-0.45999999999999996,1.9299999999999997,2.9799999999999995,2.8,0.9699999999999998,1.1600000000000001,2.0199999999999996,0.8899999999999997,0.16999999999999993,1.5299999999999994,2.67,1.8499999999999996,0.7699999999999996,1.21,1.12,1.08,0.4400000000000004,-0.41000000000000014,2.54,0.33999999999999986,1.4100000000000001,1.83,0.1299999999999999,0.9800000000000004,2.13,0.5200000000000005,0.3100000000000005,2.49,2.6499999999999995,2.0300000000000002,0.3200000000000003,2.42,-0.8899999999999997,0.0,2.5600000000000005,1.1399999999999997,2.42,0.45999999999999996,2.5600000000000005,2.6399999999999997,0.7700000000000005,0.8200000000000003,1.1399999999999997,1.8899999999999997,0.2400000000000002,0.6799999999999997,3.05,0.2400000000000002,-1.3499999999999996,1.04,2.09,1.9100000000000001,0.08000000000000007,0.27000000000000046,1.13,0.0,-0.7199999999999998,0.6399999999999997,1.7800000000000002,0.96,-0.1200000000000001,0.3200000000000003,0.23000000000000043,-1.4800000000000004,-2.12,-2.9700000000000006,-0.020000000000000462,-2.2200000000000006,-1.1500000000000004,-0.7300000000000004,-2.4300000000000006,-1.58,-0.4300000000000006,-2.04,-2.25,-0.07000000000000028,0.08999999999999897,-0.5300000000000002,-2.24,-0.14000000000000057,-3.45,-2.5600000000000005,0.0,-1.4200000000000008,-0.14000000000000057,-2.1000000000000005,0.0,0.07999999999999918,-1.79,-1.7400000000000002,-1.4200000000000008,-0.6700000000000008,-2.3200000000000003,-1.8800000000000008,0.4899999999999993,-2.3200000000000003,-3.91,-1.5200000000000005,-0.47000000000000064,-0.6500000000000004,-2.4800000000000004,-2.29,-1.4300000000000006,-2.5600000000000005,-3.2800000000000002,-1.9200000000000008,-0.7800000000000002,-1.6000000000000005,-2.6800000000000006,-2.24,-2.33,-0.05999999999999961,-0.6999999999999993,-1.5499999999999998,1.4000000000000004,-0.7999999999999998,0.27000000000000046,0.6900000000000004,-1.0099999999999998,-0.15999999999999925,0.9900000000000002,-0.6199999999999992,-0.8299999999999992,1.3500000000000005,1.5099999999999998,0.8900000000000006,-0.8199999999999994,1.2800000000000002,-2.0299999999999994,-1.1399999999999997,1.4200000000000008,0.0,1.2800000000000002,-0.6799999999999997,1.4200000000000008,1.5,-0.3699999999999992,-0.3199999999999994,0.0,0.75,-0.8999999999999995,-0.45999999999999996,1.9100000000000001,-0.8999999999999995,-2.4899999999999993,-0.09999999999999964,0.9500000000000002,0.7700000000000005,-1.0599999999999996,-0.8699999999999992,-0.009999999999999787,-1.1399999999999997,-1.8599999999999994,-0.5,0.6400000000000006,-0.17999999999999972,-1.2599999999999998,-0.8199999999999994,-0.9099999999999993,-1.3399999999999999,-1.9799999999999995,-2.83,0.1200000000000001,-2.08,-1.0099999999999998,-0.5899999999999999,-2.29,-1.4399999999999995,-0.29000000000000004,-1.8999999999999995,-2.1099999999999994,0.07000000000000028,0.22999999999999954,-0.3899999999999997,-2.0999999999999996,0.0,-3.3099999999999996,-2.42,0.14000000000000057,-1.2800000000000002,0.0,-1.96,0.14000000000000057,0.21999999999999975,-1.6499999999999995,-1.5999999999999996,-1.2800000000000002,-0.5300000000000002,-2.1799999999999997,-1.7400000000000002,0.6299999999999999,-2.1799999999999997,-3.7699999999999996,-1.38,-0.33000000000000007,-0.5099999999999998,-2.34,-2.1499999999999995,-1.29,-2.42,-3.1399999999999997,-1.7800000000000002,-0.6399999999999997,-1.46,-2.54,-2.0999999999999996,-2.1899999999999995,0.6200000000000001,-0.019999999999999574,-0.8700000000000001,2.08,-0.1200000000000001,0.9500000000000002,1.37,-0.33000000000000007,0.5200000000000005,1.67,0.0600000000000005,-0.14999999999999947,2.0300000000000002,2.1899999999999995,1.5700000000000003,-0.13999999999999968,1.96,-1.3499999999999996,-0.45999999999999996,2.1000000000000005,0.6799999999999997,1.96,0.0,2.1000000000000005,2.1799999999999997,0.3100000000000005,0.3600000000000003,0.6799999999999997,1.4299999999999997,-0.21999999999999975,0.21999999999999975,2.59,-0.21999999999999975,-1.8099999999999996,0.5800000000000001,1.63,1.4500000000000002,-0.3799999999999999,-0.1899999999999995,0.6699999999999999,-0.45999999999999996,-1.1799999999999997,0.17999999999999972,1.3200000000000003,0.5,-0.5800000000000001,-0.13999999999999968,-0.22999999999999954,-1.4800000000000004,-2.12,-2.9700000000000006,-0.020000000000000462,-2.2200000000000006,-1.1500000000000004,-0.7300000000000004,-2.4300000000000006,-1.58,-0.4300000000000006,-2.04,-2.25,-0.07000000000000028,0.08999999999999897,-0.5300000000000002,-2.24,-0.14000000000000057,-3.45,-2.5600000000000005,0.0,-1.4200000000000008,-0.14000000000000057,-2.1000000000000005,0.0,0.07999999999999918,-1.79,-1.7400000000000002,-1.4200000000000008,-0.6700000000000008,-2.3200000000000003,-1.8800000000000008,0.4899999999999993,-2.3200000000000003,-3.91,-1.5200000000000005,-0.47000000000000064,-0.6500000000000004,-2.4800000000000004,-2.29,-1.4300000000000006,-2.5600000000000005,-3.2800000000000002,-1.9200000000000008,-0.7800000000000002,-1.6000000000000005,-2.6800000000000006,-2.24,-2.33,-1.5599999999999996,-2.1999999999999993,-3.05,-0.09999999999999964,-2.3,-1.2299999999999995,-0.8099999999999996,-2.51,-1.6599999999999993,-0.5099999999999998,-2.119999999999999,-2.329999999999999,-0.14999999999999947,0.009999999999999787,-0.6099999999999994,-2.3199999999999994,-0.21999999999999975,-3.5299999999999994,-2.6399999999999997,-0.07999999999999918,-1.5,-0.21999999999999975,-2.1799999999999997,-0.07999999999999918,0.0,-1.8699999999999992,-1.8199999999999994,-1.5,-0.75,-2.3999999999999995,-1.96,0.41000000000000014,-2.3999999999999995,-3.9899999999999993,-1.5999999999999996,-0.5499999999999998,-0.7299999999999995,-2.5599999999999996,-2.369999999999999,-1.5099999999999998,-2.6399999999999997,-3.3599999999999994,-2.0,-0.8599999999999994,-1.6799999999999997,-2.76,-2.3199999999999994,-2.4099999999999993,0.3099999999999996,-0.33000000000000007,-1.1800000000000006,1.7699999999999996,-0.4300000000000006,0.6399999999999997,1.0599999999999996,-0.6400000000000006,0.20999999999999996,1.3599999999999994,-0.25,-0.45999999999999996,1.7199999999999998,1.879999999999999,1.2599999999999998,-0.4500000000000002,1.6499999999999995,-1.6600000000000001,-0.7700000000000005,1.79,0.3699999999999992,1.6499999999999995,-0.3100000000000005,1.79,1.8699999999999992,0.0,0.04999999999999982,0.3699999999999992,1.1199999999999992,-0.5300000000000002,-0.09000000000000075,2.2799999999999994,-0.5300000000000002,-2.12,0.2699999999999996,1.3199999999999994,1.1399999999999997,-0.6900000000000004,-0.5,0.35999999999999943,-0.7700000000000005,-1.4900000000000002,-0.13000000000000078,1.0099999999999998,0.1899999999999995,-0.8900000000000006,-0.4500000000000002,-0.54,0.2599999999999998,-0.3799999999999999,-1.2300000000000004,1.7199999999999998,-0.4800000000000004,0.5899999999999999,1.0099999999999998,-0.6900000000000004,0.16000000000000014,1.3099999999999996,-0.2999999999999998,-0.5099999999999998,1.67,1.8299999999999992,1.21,-0.5,1.5999999999999996,-1.71,-0.8200000000000003,1.7400000000000002,0.3199999999999994,1.5999999999999996,-0.3600000000000003,1.7400000000000002,1.8199999999999994,-0.04999999999999982,0.0,0.3199999999999994,1.0699999999999994,-0.5800000000000001,-0.14000000000000057,2.2299999999999995,-0.5800000000000001,-2.17,0.21999999999999975,1.2699999999999996,1.0899999999999999,-0.7400000000000002,-0.5499999999999998,0.3099999999999996,-0.8200000000000003,-1.54,-0.1800000000000006,0.96,0.13999999999999968,-0.9400000000000004,-0.5,-0.5899999999999999,-0.05999999999999961,-0.6999999999999993,-1.5499999999999998,1.4000000000000004,-0.7999999999999998,0.27000000000000046,0.6900000000000004,-1.0099999999999998,-0.15999999999999925,0.9900000000000002,-0.6199999999999992,-0.8299999999999992,1.3500000000000005,1.5099999999999998,0.8900000000000006,-0.8199999999999994,1.2800000000000002,-2.0299999999999994,-1.1399999999999997,1.4200000000000008,0.0,1.2800000000000002,-0.6799999999999997,1.4200000000000008,1.5,-0.3699999999999992,-0.3199999999999994,0.0,0.75,-0.8999999999999995,-0.45999999999999996,1.9100000000000001,-0.8999999999999995,-2.4899999999999993,-0.09999999999999964,0.9500000000000002,0.7700000000000005,-1.0599999999999996,-0.8699999999999992,-0.009999999999999787,-1.1399999999999997,-1.8599999999999994,-0.5,0.6400000000000006,-0.17999999999999972,-1.2599999999999998,-0.8199999999999994,-0.9099999999999993,-0.8099999999999996,-1.4499999999999993,-2.3,0.6500000000000004,-1.5499999999999998,-0.47999999999999954,-0.05999999999999961,-1.7599999999999998,-0.9099999999999993,0.2400000000000002,-1.3699999999999992,-1.5799999999999992,0.6000000000000005,0.7599999999999998,0.14000000000000057,-1.5699999999999994,0.5300000000000002,-2.7799999999999994,-1.8899999999999997,0.6700000000000008,-0.75,0.5300000000000002,-1.4299999999999997,0.6700000000000008,0.75,-1.1199999999999992,-1.0699999999999994,-0.75,0.0,-1.6499999999999995,-1.21,1.1600000000000001,-1.6499999999999995,-3.2399999999999993,-0.8499999999999996,0.20000000000000018,0.020000000000000462,-1.8099999999999996,-1.6199999999999992,-0.7599999999999998,-1.8899999999999997,-2.6099999999999994,-1.25,-0.10999999999999943,-0.9299999999999997,-2.01,-1.5699999999999994,-1.6599999999999993,0.8399999999999999,0.20000000000000018,-0.6500000000000004,2.3,0.09999999999999964,1.17,1.5899999999999999,-0.11000000000000032,0.7400000000000002,1.8899999999999997,0.28000000000000025,0.07000000000000028,2.25,2.4099999999999993,1.79,0.08000000000000007,2.1799999999999997,-1.13,-0.2400000000000002,2.3200000000000003,0.8999999999999995,2.1799999999999997,0.21999999999999975,2.3200000000000003,2.3999999999999995,0.5300000000000002,0.5800000000000001,0.8999999999999995,1.6499999999999995,0.0,0.4399999999999995,2.8099999999999996,0.0,-1.5899999999999999,0.7999999999999998,1.8499999999999996,1.67,-0.16000000000000014,0.03000000000000025,0.8899999999999997,-0.2400000000000002,-0.96,0.39999999999999947,1.54,0.7199999999999998,-0.3600000000000003,0.08000000000000007,-0.009999999999999787,0.40000000000000036,-0.23999999999999932,-1.0899999999999999,1.8600000000000003,-0.33999999999999986,0.7300000000000004,1.1500000000000004,-0.5499999999999998,0.3000000000000007,1.4500000000000002,-0.15999999999999925,-0.3699999999999992,1.8100000000000005,1.9699999999999998,1.3500000000000005,-0.35999999999999943,1.7400000000000002,-1.5699999999999994,-0.6799999999999997,1.8800000000000008,0.45999999999999996,1.7400000000000002,-0.21999999999999975,1.8800000000000008,1.96,0.09000000000000075,0.14000000000000057,0.45999999999999996,1.21,-0.4399999999999995,0.0,2.37,-0.4399999999999995,-2.0299999999999994,0.3600000000000003,1.4100000000000001,1.2300000000000004,-0.5999999999999996,-0.40999999999999925,0.4500000000000002,-0.6799999999999997,-1.3999999999999995,-0.040000000000000036,1.1000000000000005,0.28000000000000025,-0.7999999999999998,-0.35999999999999943,-0.4499999999999993,-1.9699999999999998,-2.6099999999999994,-3.46,-0.5099999999999998,-2.71,-1.6399999999999997,-1.2199999999999998,-2.92,-2.0699999999999994,-0.9199999999999999,-2.5299999999999994,-2.7399999999999993,-0.5599999999999996,-0.40000000000000036,-1.0199999999999996,-2.7299999999999995,-0.6299999999999999,-3.9399999999999995,-3.05,-0.4899999999999993,-1.9100000000000001,-0.6299999999999999,-2.59,-0.4899999999999993,-0.41000000000000014,-2.2799999999999994,-2.2299999999999995,-1.9100000000000001,-1.1600000000000001,-2.8099999999999996,-2.37,0.0,-2.8099999999999996,-4.3999999999999995,-2.01,-0.96,-1.1399999999999997,-2.9699999999999998,-2.7799999999999994,-1.92,-3.05,-3.7699999999999996,-2.41,-1.2699999999999996,-2.09,-3.17,-2.7299999999999995,-2.8199999999999994,0.8399999999999999,0.20000000000000018,-0.6500000000000004,2.3,0.09999999999999964,1.17,1.5899999999999999,-0.11000000000000032,0.7400000000000002,1.8899999999999997,0.28000000000000025,0.07000000000000028,2.25,2.4099999999999993,1.79,0.08000000000000007,2.1799999999999997,-1.13,-0.2400000000000002,2.3200000000000003,0.8999999999999995,2.1799999999999997,0.21999999999999975,2.3200000000000003,2.3999999999999995,0.5300000000000002,0.5800000000000001,0.8999999999999995,1.6499999999999995,0.0,0.4399999999999995,2.8099999999999996,0.0,-1.5899999999999999,0.7999999999999998,1.8499999999999996,1.67,-0.16000000000000014,0.03000000000000025,0.8899999999999997,-0.2400000000000002,-0.96,0.39999999999999947,1.54,0.7199999999999998,-0.3600000000000003,0.08000000000000007,-0.009999999999999787,2.4299999999999997,1.79,0.9399999999999995,3.8899999999999997,1.6899999999999995,2.76,3.1799999999999997,1.4799999999999995,2.33,3.4799999999999995,1.87,1.6600000000000001,3.84,3.999999999999999,3.38,1.67,3.7699999999999996,0.45999999999999996,1.3499999999999996,3.91,2.4899999999999993,3.7699999999999996,1.8099999999999996,3.91,3.9899999999999993,2.12,2.17,2.4899999999999993,3.2399999999999993,1.5899999999999999,2.0299999999999994,4.3999999999999995,1.5899999999999999,0.0,2.3899999999999997,3.4399999999999995,3.26,1.4299999999999997,1.62,2.4799999999999995,1.3499999999999996,0.6299999999999999,1.9899999999999993,3.13,2.3099999999999996,1.2299999999999995,1.67,1.58,0.040000000000000036,-0.5999999999999996,-1.4500000000000002,1.5,-0.7000000000000002,0.3700000000000001,0.79,-0.9100000000000001,-0.05999999999999961,1.0899999999999999,-0.5199999999999996,-0.7299999999999995,1.4500000000000002,1.6099999999999994,0.9900000000000002,-0.7199999999999998,1.38,-1.9299999999999997,-1.04,1.5200000000000005,0.09999999999999964,1.38,-0.5800000000000001,1.5200000000000005,1.5999999999999996,-0.2699999999999996,-0.21999999999999975,0.09999999999999964,0.8499999999999996,-0.7999999999999998,-0.3600000000000003,2.01,-0.7999999999999998,-2.3899999999999997,0.0,1.0499999999999998,0.8700000000000001,-0.96,-0.7699999999999996,0.08999999999999986,-1.04,-1.7599999999999998,-0.40000000000000036,0.7400000000000002,-0.08000000000000007,-1.1600000000000001,-0.7199999999999998,-0.8099999999999996,-1.0099999999999998,-1.6499999999999995,-2.5,0.4500000000000002,-1.75,-0.6799999999999997,-0.2599999999999998,-1.96,-1.1099999999999994,0.040000000000000036,-1.5699999999999994,-1.7799999999999994,0.40000000000000036,0.5599999999999996,-0.05999999999999961,-1.7699999999999996,0.33000000000000007,-2.9799999999999995,-2.09,0.47000000000000064,-0.9500000000000002,0.33000000000000007,-1.63,0.47000000000000064,0.5499999999999998,-1.3199999999999994,-1.2699999999999996,-0.9500000000000002,-0.20000000000000018,-1.8499999999999996,-1.4100000000000001,0.96,-1.8499999999999996,-3.4399999999999995,-1.0499999999999998,0.0,-0.17999999999999972,-2.01,-1.8199999999999994,-0.96,-2.09,-2.8099999999999996,-1.4500000000000002,-0.3099999999999996,-1.13,-2.21,-1.7699999999999996,-1.8599999999999994,-0.8300000000000001,-1.4699999999999998,-2.3200000000000003,0.6299999999999999,-1.5700000000000003,-0.5,-0.08000000000000007,-1.7800000000000002,-0.9299999999999997,0.21999999999999975,-1.3899999999999997,-1.5999999999999996,0.5800000000000001,0.7399999999999993,0.1200000000000001,-1.5899999999999999,0.5099999999999998,-2.8,-1.9100000000000001,0.6500000000000004,-0.7700000000000005,0.5099999999999998,-1.4500000000000002,0.6500000000000004,0.7299999999999995,-1.1399999999999997,-1.0899999999999999,-0.7700000000000005,-0.020000000000000462,-1.67,-1.2300000000000004,1.1399999999999997,-1.67,-3.26,-0.8700000000000001,0.17999999999999972,0.0,-1.83,-1.6399999999999997,-0.7800000000000002,-1.9100000000000001,-2.63,-1.2700000000000005,-0.1299999999999999,-0.9500000000000002,-2.0300000000000002,-1.5899999999999999,-1.6799999999999997,1.0,0.3600000000000003,-0.4900000000000002,2.46,0.2599999999999998,1.33,1.75,0.04999999999999982,0.9000000000000004,2.05,0.4400000000000004,0.23000000000000043,2.41,2.5699999999999994,1.9500000000000002,0.2400000000000002,2.34,-0.9699999999999998,-0.08000000000000007,2.4800000000000004,1.0599999999999996,2.34,0.3799999999999999,2.4800000000000004,2.5599999999999996,0.6900000000000004,0.7400000000000002,1.0599999999999996,1.8099999999999996,0.16000000000000014,0.5999999999999996,2.9699999999999998,0.16000000000000014,-1.4299999999999997,0.96,2.01,1.83,0.0,0.1900000000000004,1.0499999999999998,-0.08000000000000007,-0.7999999999999998,0.5599999999999996,1.7000000000000002,0.8799999999999999,-0.20000000000000018,0.2400000000000002,0.15000000000000036,0.8099999999999996,0.16999999999999993,-0.6800000000000006,2.2699999999999996,0.0699999999999994,1.1399999999999997,1.5599999999999996,-0.14000000000000057,0.71,1.8599999999999994,0.25,0.040000000000000036,2.2199999999999998,2.379999999999999,1.7599999999999998,0.04999999999999982,2.1499999999999995,-1.1600000000000001,-0.27000000000000046,2.29,0.8699999999999992,2.1499999999999995,0.1899999999999995,2.29,2.369999999999999,0.5,0.5499999999999998,0.8699999999999992,1.6199999999999992,-0.03000000000000025,0.40999999999999925,2.7799999999999994,-0.03000000000000025,-1.62,0.7699999999999996,1.8199999999999994,1.6399999999999997,-0.1900000000000004,0.0,0.8599999999999994,-0.27000000000000046,-0.9900000000000002,0.3699999999999992,1.5099999999999998,0.6899999999999995,-0.39000000000000057,0.04999999999999982,-0.040000000000000036,-0.04999999999999982,-0.6899999999999995,-1.54,1.4100000000000001,-0.79,0.28000000000000025,0.7000000000000002,-1.0,-0.14999999999999947,1.0,-0.6099999999999994,-0.8199999999999994,1.3600000000000003,1.5199999999999996,0.9000000000000004,-0.8099999999999996,1.29,-2.0199999999999996,-1.13,1.4300000000000006,0.009999999999999787,1.29,-0.6699999999999999,1.4300000000000006,1.5099999999999998,-0.35999999999999943,-0.3099999999999996,0.009999999999999787,0.7599999999999998,-0.8899999999999997,-0.4500000000000002,1.92,-0.8899999999999997,-2.4799999999999995,-0.08999999999999986,0.96,0.7800000000000002,-1.0499999999999998,-0.8599999999999994,0.0,-1.13,-1.8499999999999996,-0.4900000000000002,0.6500000000000004,-0.16999999999999993,-1.25,-0.8099999999999996,-0.8999999999999995,1.08,0.4400000000000004,-0.41000000000000014,2.54,0.33999999999999986,1.4100000000000001,1.83,0.1299999999999999,0.9800000000000004,2.13,0.5200000000000005,0.3100000000000005,2.49,2.6499999999999995,2.0300000000000002,0.3200000000000003,2.42,-0.8899999999999997,0.0,2.5600000000000005,1.1399999999999997,2.42,0.45999999999999996,2.5600000000000005,2.6399999999999997,0.7700000000000005,0.8200000000000003,1.1399999999999997,1.8899999999999997,0.2400000000000002,0.6799999999999997,3.05,0.2400000000000002,-1.3499999999999996,1.04,2.09,1.9100000000000001,0.08000000000000007,0.27000000000000046,1.13,0.0,-0.7199999999999998,0.6399999999999997,1.7800000000000002,0.96,-0.1200000000000001,0.3200000000000003,0.23000000000000043,1.7999999999999998,1.1600000000000001,0.3099999999999996,3.26,1.0599999999999996,2.13,2.55,0.8499999999999996,1.7000000000000002,2.8499999999999996,1.2400000000000002,1.0300000000000002,3.21,3.369999999999999,2.75,1.04,3.1399999999999997,-0.16999999999999993,0.7199999999999998,3.2800000000000002,1.8599999999999994,3.1399999999999997,1.1799999999999997,3.2800000000000002,3.3599999999999994,1.4900000000000002,1.54,1.8599999999999994,2.6099999999999994,0.96,1.3999999999999995,3.7699999999999996,0.96,-0.6299999999999999,1.7599999999999998,2.8099999999999996,2.63,0.7999999999999998,0.9900000000000002,1.8499999999999996,0.7199999999999998,0.0,1.3599999999999994,2.5,1.6799999999999997,0.5999999999999996,1.04,0.9500000000000002,0.4400000000000004,-0.1999999999999993,-1.0499999999999998,1.9000000000000004,-0.2999999999999998,0.7700000000000005,1.1900000000000004,-0.5099999999999998,0.34000000000000075,1.4900000000000002,-0.11999999999999922,-0.3299999999999992,1.8500000000000005,2.01,1.3900000000000006,-0.3199999999999994,1.7800000000000002,-1.5299999999999994,-0.6399999999999997,1.9200000000000008,0.5,1.7800000000000002,-0.17999999999999972,1.9200000000000008,2.0,0.13000000000000078,0.1800000000000006,0.5,1.25,-0.39999999999999947,0.040000000000000036,2.41,-0.39999999999999947,-1.9899999999999993,0.40000000000000036,1.4500000000000002,1.2700000000000005,-0.5599999999999996,-0.3699999999999992,0.4900000000000002,-0.6399999999999997,-1.3599999999999994,0.0,1.1400000000000006,0.3200000000000003,-0.7599999999999998,-0.3199999999999994,-0.40999999999999925,-0.7000000000000002,-1.3399999999999999,-2.1900000000000004,0.7599999999999998,-1.4400000000000004,-0.3700000000000001,0.04999999999999982,-1.6500000000000004,-0.7999999999999998,0.34999999999999964,-1.2599999999999998,-1.4699999999999998,0.71,0.8699999999999992,0.25,-1.46,0.6399999999999997,-2.67,-1.7800000000000002,0.7800000000000002,-0.6400000000000006,0.6399999999999997,-1.3200000000000003,0.7800000000000002,0.8599999999999994,-1.0099999999999998,-0.96,-0.6400000000000006,0.10999999999999943,-1.54,-1.1000000000000005,1.2699999999999996,-1.54,-3.13,-0.7400000000000002,0.3099999999999996,0.1299999999999999,-1.7000000000000002,-1.5099999999999998,-0.6500000000000004,-1.7800000000000002,-2.5,-1.1400000000000006,0.0,-0.8200000000000003,-1.9000000000000004,-1.46,-1.5499999999999998,0.1200000000000001,-0.5199999999999996,-1.37,1.58,-0.6200000000000001,0.4500000000000002,0.8700000000000001,-0.8300000000000001,0.020000000000000462,1.17,-0.4399999999999995,-0.6499999999999995,1.5300000000000002,1.6899999999999995,1.0700000000000003,-0.6399999999999997,1.46,-1.8499999999999996,-0.96,1.6000000000000005,0.17999999999999972,1.46,-0.5,1.6000000000000005,1.6799999999999997,-0.1899999999999995,-0.13999999999999968,0.17999999999999972,0.9299999999999997,-0.7199999999999998,-0.28000000000000025,2.09,-0.7199999999999998,-2.3099999999999996,0.08000000000000007,1.13,0.9500000000000002,-0.8799999999999999,-0.6899999999999995,0.16999999999999993,-0.96,-1.6799999999999997,-0.3200000000000003,0.8200000000000003,0.0,-1.08,-0.6399999999999997,-0.7299999999999995,1.2000000000000002,0.5600000000000005,-0.29000000000000004,2.66,0.45999999999999996,1.5300000000000002,1.9500000000000002,0.25,1.1000000000000005,2.25,0.6400000000000006,0.4300000000000006,2.6100000000000003,2.7699999999999996,2.1500000000000004,0.4400000000000004,2.54,-0.7699999999999996,0.1200000000000001,2.6800000000000006,1.2599999999999998,2.54,0.5800000000000001,2.6800000000000006,2.76,0.8900000000000006,0.9400000000000004,1.2599999999999998,2.01,0.3600000000000003,0.7999999999999998,3.17,0.3600000000000003,-1.2299999999999995,1.1600000000000001,2.21,2.0300000000000002,0.20000000000000018,0.39000000000000057,1.25,0.1200000000000001,-0.5999999999999996,0.7599999999999998,1.9000000000000004,1.08,0.0,0.4400000000000004,0.35000000000000053,0.7599999999999998,0.1200000000000001,-0.7300000000000004,2.2199999999999998,0.019999999999999574,1.0899999999999999,1.5099999999999998,-0.1900000000000004,0.6600000000000001,1.8099999999999996,0.20000000000000018,-0.009999999999999787,2.17,2.329999999999999,1.71,0.0,2.0999999999999996,-1.21,-0.3200000000000003,2.24,0.8199999999999994,2.0999999999999996,0.13999999999999968,2.24,2.3199999999999994,0.4500000000000002,0.5,0.8199999999999994,1.5699999999999994,-0.08000000000000007,0.35999999999999943,2.7299999999999995,-0.08000000000000007,-1.67,0.7199999999999998,1.7699999999999996,1.5899999999999999,-0.2400000000000002,-0.04999999999999982,0.8099999999999996,-0.3200000000000003,-1.04,0.3199999999999994,1.46,0.6399999999999997,-0.4400000000000004,0.0,-0.08999999999999986,0.8499999999999996,0.20999999999999996,-0.6400000000000006,2.3099999999999996,0.10999999999999943,1.1799999999999997,1.5999999999999996,-0.10000000000000053,0.75,1.8999999999999995,0.29000000000000004,0.08000000000000007,2.26,2.419999999999999,1.7999999999999998,0.08999999999999986,2.1899999999999995,-1.12,-0.23000000000000043,2.33,0.9099999999999993,2.1899999999999995,0.22999999999999954,2.33,2.4099999999999993,0.54,0.5899999999999999,0.9099999999999993,1.6599999999999993,0.009999999999999787,0.4499999999999993,2.8199999999999994,0.009999999999999787,-1.58,0.8099999999999996,1.8599999999999994,1.6799999999999997,-0.15000000000000036,0.040000000000000036,0.8999999999999995,-0.23000000000000043,-0.9500000000000002,0.40999999999999925,1.5499999999999998,0.7299999999999995,-0.35000000000000053,0.08999999999999986,0.0,0.0,0.9000000000000004,1.92,0.9500000000000002,0.009999999999999787,-0.46999999999999975,-0.5800000000000001,0.21999999999999975,-0.3099999999999996,0.6500000000000004,1.38,-0.05999999999999961,2.0,-0.08999999999999986,0.3899999999999997,0.75,1.0599999999999996,2.6599999999999993,0.8600000000000003,-0.13999999999999968,0.7199999999999998,1.3600000000000003,0.7599999999999998,2.2,2.8099999999999996,1.9000000000000004,0.16999999999999993,2.5200000000000005,1.8200000000000003,0.04999999999999982,2.8099999999999996,-0.4900000000000002,-0.6100000000000003,0.7599999999999998,2.499999999999999,-0.6200000000000001,0.2400000000000002,0.33999999999999986,1.5599999999999996,0.040000000000000036,1.67,-0.009999999999999787,-0.3600000000000003,2.0999999999999996,-0.75,2.4000000000000004,0.0,-0.20999999999999996,-0.9000000000000004,0.0,1.0199999999999996,0.04999999999999982,-0.8900000000000006,-1.37,-1.4800000000000004,-0.6800000000000006,-1.21,-0.25,0.47999999999999954,-0.96,1.0999999999999996,-0.9900000000000002,-0.5100000000000007,-0.15000000000000036,0.15999999999999925,1.759999999999999,-0.040000000000000036,-1.04,-0.1800000000000006,0.45999999999999996,-0.14000000000000057,1.2999999999999998,1.9099999999999993,1.0,-0.7300000000000004,1.62,0.9199999999999999,-0.8500000000000005,1.9099999999999993,-1.3900000000000006,-1.5100000000000007,-0.14000000000000057,1.5999999999999988,-1.5200000000000005,-0.6600000000000001,-0.5600000000000005,0.6599999999999993,-0.8600000000000003,0.7699999999999996,-0.9100000000000001,-1.2600000000000007,1.1999999999999993,-1.6500000000000004,1.5,-0.9000000000000004,-1.1100000000000003,-1.92,-1.0199999999999996,0.0,-0.9699999999999998,-1.9100000000000001,-2.3899999999999997,-2.5,-1.7000000000000002,-2.2299999999999995,-1.2699999999999996,-0.54,-1.9799999999999995,0.08000000000000007,-2.01,-1.5300000000000002,-1.17,-0.8600000000000003,0.7399999999999993,-1.0599999999999996,-2.0599999999999996,-1.2000000000000002,-0.5599999999999996,-1.1600000000000001,0.28000000000000025,0.8899999999999997,-0.019999999999999574,-1.75,0.6000000000000005,-0.09999999999999964,-1.87,0.8899999999999997,-2.41,-2.5300000000000002,-1.1600000000000001,0.5799999999999992,-2.54,-1.6799999999999997,-1.58,-0.3600000000000003,-1.88,-0.25,-1.9299999999999997,-2.2800000000000002,0.17999999999999972,-2.67,0.4800000000000004,-1.92,-2.13,-0.9500000000000002,-0.04999999999999982,0.9699999999999998,0.0,-0.9400000000000004,-1.42,-1.5300000000000002,-0.7300000000000004,-1.2599999999999998,-0.2999999999999998,0.4299999999999997,-1.0099999999999998,1.0499999999999998,-1.04,-0.5600000000000005,-0.20000000000000018,0.10999999999999943,1.709999999999999,-0.08999999999999986,-1.0899999999999999,-0.23000000000000043,0.41000000000000014,-0.1900000000000004,1.25,1.8599999999999994,0.9500000000000002,-0.7800000000000002,1.5700000000000003,0.8700000000000001,-0.9000000000000004,1.8599999999999994,-1.4400000000000004,-1.5600000000000005,-0.1900000000000004,1.549999999999999,-1.5700000000000003,-0.71,-0.6100000000000003,0.6099999999999994,-0.9100000000000001,0.7199999999999998,-0.96,-1.3100000000000005,1.1499999999999995,-1.7000000000000002,1.4500000000000002,-0.9500000000000002,-1.1600000000000001,-0.009999999999999787,0.8900000000000006,1.9100000000000001,0.9400000000000004,0.0,-0.47999999999999954,-0.5899999999999999,0.20999999999999996,-0.3199999999999994,0.6400000000000006,1.37,-0.0699999999999994,1.9900000000000002,-0.09999999999999964,0.3799999999999999,0.7400000000000002,1.0499999999999998,2.6499999999999995,0.8500000000000005,-0.14999999999999947,0.71,1.3500000000000005,0.75,2.1900000000000004,2.8,1.8900000000000006,0.16000000000000014,2.5100000000000007,1.8100000000000005,0.040000000000000036,2.8,-0.5,-0.6200000000000001,0.75,2.4899999999999993,-0.6299999999999999,0.23000000000000043,0.33000000000000007,1.5499999999999998,0.03000000000000025,1.6600000000000001,-0.019999999999999574,-0.3700000000000001,2.09,-0.7599999999999998,2.3900000000000006,-0.009999999999999787,-0.21999999999999975,0.46999999999999975,1.37,2.3899999999999997,1.42,0.47999999999999954,0.0,-0.11000000000000032,0.6899999999999995,0.16000000000000014,1.12,1.8499999999999996,0.41000000000000014,2.4699999999999998,0.3799999999999999,0.8599999999999994,1.2199999999999998,1.5299999999999994,3.129999999999999,1.33,0.33000000000000007,1.1899999999999995,1.83,1.2299999999999995,2.67,3.2799999999999994,2.37,0.6399999999999997,2.99,2.29,0.5199999999999996,3.2799999999999994,-0.020000000000000462,-0.14000000000000057,1.2299999999999995,2.969999999999999,-0.15000000000000036,0.71,0.8099999999999996,2.0299999999999994,0.5099999999999998,2.1399999999999997,0.45999999999999996,0.10999999999999943,2.5699999999999994,-0.28000000000000025,2.87,0.46999999999999975,0.2599999999999998,0.5800000000000001,1.4800000000000004,2.5,1.5300000000000002,0.5899999999999999,0.11000000000000032,0.0,0.7999999999999998,0.27000000000000046,1.2300000000000004,1.96,0.5200000000000005,2.58,0.4900000000000002,0.9699999999999998,1.33,1.6399999999999997,3.2399999999999993,1.4400000000000004,0.4400000000000004,1.2999999999999998,1.9400000000000004,1.3399999999999999,2.7800000000000002,3.3899999999999997,2.4800000000000004,0.75,3.1000000000000005,2.4000000000000004,0.6299999999999999,3.3899999999999997,0.08999999999999986,-0.03000000000000025,1.3399999999999999,3.079999999999999,-0.040000000000000036,0.8200000000000003,0.9199999999999999,2.1399999999999997,0.6200000000000001,2.25,0.5700000000000003,0.21999999999999975,2.6799999999999997,-0.16999999999999993,2.9800000000000004,0.5800000000000001,0.3700000000000001,-0.21999999999999975,0.6800000000000006,1.7000000000000002,0.7300000000000004,-0.20999999999999996,-0.6899999999999995,-0.7999999999999998,0.0,-0.5299999999999994,0.4300000000000006,1.1600000000000001,-0.27999999999999936,1.7800000000000002,-0.3099999999999996,0.16999999999999993,0.5300000000000002,0.8399999999999999,2.4399999999999995,0.6400000000000006,-0.35999999999999943,0.5,1.1400000000000006,0.54,1.9800000000000004,2.59,1.6800000000000006,-0.04999999999999982,2.3000000000000007,1.6000000000000005,-0.16999999999999993,2.59,-0.71,-0.8300000000000001,0.54,2.2799999999999994,-0.8399999999999999,0.020000000000000462,0.1200000000000001,1.3399999999999999,-0.17999999999999972,1.4500000000000002,-0.22999999999999954,-0.5800000000000001,1.88,-0.9699999999999998,2.1800000000000006,-0.21999999999999975,-0.4299999999999997,0.3099999999999996,1.21,2.2299999999999995,1.2599999999999998,0.3199999999999994,-0.16000000000000014,-0.27000000000000046,0.5299999999999994,0.0,0.96,1.6899999999999995,0.25,2.3099999999999996,0.21999999999999975,0.6999999999999993,1.0599999999999996,1.3699999999999992,2.969999999999999,1.17,0.16999999999999993,1.0299999999999994,1.67,1.0699999999999994,2.51,3.119999999999999,2.21,0.47999999999999954,2.83,2.13,0.35999999999999943,3.119999999999999,-0.1800000000000006,-0.3000000000000007,1.0699999999999994,2.8099999999999987,-0.3100000000000005,0.5499999999999998,0.6499999999999995,1.8699999999999992,0.34999999999999964,1.9799999999999995,0.2999999999999998,-0.05000000000000071,2.4099999999999993,-0.4400000000000004,2.71,0.3099999999999996,0.09999999999999964,-0.6500000000000004,0.25,1.2699999999999996,0.2999999999999998,-0.6400000000000006,-1.12,-1.2300000000000004,-0.4300000000000006,-0.96,0.0,0.7299999999999995,-0.71,1.3499999999999996,-0.7400000000000002,-0.2600000000000007,0.09999999999999964,0.40999999999999925,2.009999999999999,0.20999999999999996,-0.79,0.0699999999999994,0.71,0.10999999999999943,1.5499999999999998,2.1599999999999993,1.25,-0.4800000000000004,1.87,1.17,-0.6000000000000005,2.1599999999999993,-1.1400000000000006,-1.2600000000000007,0.10999999999999943,1.8499999999999988,-1.2700000000000005,-0.41000000000000014,-0.3100000000000005,0.9099999999999993,-0.6100000000000003,1.0199999999999996,-0.6600000000000001,-1.0100000000000007,1.4499999999999993,-1.4000000000000004,1.75,-0.6500000000000004,-0.8600000000000003,-1.38,-0.47999999999999954,0.54,-0.4299999999999997,-1.37,-1.8499999999999996,-1.96,-1.1600000000000001,-1.6899999999999995,-0.7299999999999995,0.0,-1.4399999999999995,0.6200000000000001,-1.4699999999999998,-0.9900000000000002,-0.6299999999999999,-0.3200000000000003,1.2799999999999994,-0.5199999999999996,-1.5199999999999996,-0.6600000000000001,-0.019999999999999574,-0.6200000000000001,0.8200000000000003,1.4299999999999997,0.5200000000000005,-1.21,1.1400000000000006,0.4400000000000004,-1.33,1.4299999999999997,-1.87,-1.9900000000000002,-0.6200000000000001,1.1199999999999992,-2.0,-1.1399999999999997,-1.04,0.17999999999999972,-1.3399999999999999,0.29000000000000004,-1.3899999999999997,-1.7400000000000002,0.7199999999999998,-2.13,1.0200000000000005,-1.38,-1.5899999999999999,0.05999999999999961,0.96,1.9799999999999995,1.0099999999999998,0.0699999999999994,-0.41000000000000014,-0.5200000000000005,0.27999999999999936,-0.25,0.71,1.4399999999999995,0.0,2.0599999999999996,-0.03000000000000025,0.4499999999999993,0.8099999999999996,1.1199999999999992,2.719999999999999,0.9199999999999999,-0.08000000000000007,0.7799999999999994,1.42,0.8199999999999994,2.26,2.869999999999999,1.96,0.22999999999999954,2.58,1.88,0.10999999999999943,2.869999999999999,-0.4300000000000006,-0.5500000000000007,0.8199999999999994,2.5599999999999987,-0.5600000000000005,0.2999999999999998,0.39999999999999947,1.6199999999999992,0.09999999999999964,1.7299999999999995,0.04999999999999982,-0.3000000000000007,2.1599999999999993,-0.6900000000000004,2.46,0.05999999999999961,-0.15000000000000036,-2.0,-1.0999999999999996,-0.08000000000000007,-1.0499999999999998,-1.9900000000000002,-2.4699999999999998,-2.58,-1.7800000000000002,-2.3099999999999996,-1.3499999999999996,-0.6200000000000001,-2.0599999999999996,0.0,-2.09,-1.6100000000000003,-1.25,-0.9400000000000004,0.6599999999999993,-1.1399999999999997,-2.1399999999999997,-1.2800000000000002,-0.6399999999999997,-1.2400000000000002,0.20000000000000018,0.8099999999999996,-0.09999999999999964,-1.83,0.5200000000000005,-0.17999999999999972,-1.9500000000000002,0.8099999999999996,-2.49,-2.6100000000000003,-1.2400000000000002,0.4999999999999991,-2.62,-1.7599999999999998,-1.6600000000000001,-0.4400000000000004,-1.96,-0.33000000000000007,-2.01,-2.3600000000000003,0.09999999999999964,-2.75,0.40000000000000036,-2.0,-2.21,0.08999999999999986,0.9900000000000002,2.01,1.04,0.09999999999999964,-0.3799999999999999,-0.4900000000000002,0.3099999999999996,-0.21999999999999975,0.7400000000000002,1.4699999999999998,0.03000000000000025,2.09,0.0,0.47999999999999954,0.8399999999999999,1.1499999999999995,2.749999999999999,0.9500000000000002,-0.04999999999999982,0.8099999999999996,1.4500000000000002,0.8499999999999996,2.29,2.8999999999999995,1.9900000000000002,0.2599999999999998,2.6100000000000003,1.9100000000000001,0.13999999999999968,2.8999999999999995,-0.40000000000000036,-0.5200000000000005,0.8499999999999996,2.589999999999999,-0.5300000000000002,0.33000000000000007,0.4299999999999997,1.6499999999999995,0.1299999999999999,1.7599999999999998,0.08000000000000007,-0.27000000000000046,2.1899999999999995,-0.6600000000000001,2.49,0.08999999999999986,-0.1200000000000001,-0.3899999999999997,0.5100000000000007,1.5300000000000002,0.5600000000000005,-0.3799999999999999,-0.8599999999999994,-0.9699999999999998,-0.16999999999999993,-0.6999999999999993,0.2600000000000007,0.9900000000000002,-0.4499999999999993,1.6100000000000003,-0.47999999999999954,0.0,0.3600000000000003,0.6699999999999999,2.2699999999999996,0.47000000000000064,-0.5299999999999994,0.33000000000000007,0.9700000000000006,0.3700000000000001,1.8100000000000005,2.42,1.5100000000000007,-0.21999999999999975,2.130000000000001,1.4300000000000006,-0.33999999999999986,2.42,-0.8799999999999999,-1.0,0.3700000000000001,2.1099999999999994,-1.0099999999999998,-0.14999999999999947,-0.04999999999999982,1.17,-0.34999999999999964,1.2800000000000002,-0.39999999999999947,-0.75,1.71,-1.1399999999999997,2.0100000000000007,-0.3899999999999997,-0.5999999999999996,-0.75,0.15000000000000036,1.17,0.20000000000000018,-0.7400000000000002,-1.2199999999999998,-1.33,-0.5300000000000002,-1.0599999999999996,-0.09999999999999964,0.6299999999999999,-0.8099999999999996,1.25,-0.8399999999999999,-0.3600000000000003,0.0,0.3099999999999996,1.9099999999999993,0.11000000000000032,-0.8899999999999997,-0.03000000000000025,0.6100000000000003,0.009999999999999787,1.4500000000000002,2.0599999999999996,1.1500000000000004,-0.5800000000000001,1.7700000000000005,1.0700000000000003,-0.7000000000000002,2.0599999999999996,-1.2400000000000002,-1.3600000000000003,0.009999999999999787,1.7499999999999991,-1.37,-0.5099999999999998,-0.41000000000000014,0.8099999999999996,-0.71,0.9199999999999999,-0.7599999999999998,-1.1100000000000003,1.3499999999999996,-1.5,1.6500000000000004,-0.75,-0.96,-1.0599999999999996,-0.15999999999999925,0.8600000000000003,-0.10999999999999943,-1.0499999999999998,-1.5299999999999994,-1.6399999999999997,-0.8399999999999999,-1.3699999999999992,-0.40999999999999925,0.3200000000000003,-1.1199999999999992,0.9400000000000004,-1.1499999999999995,-0.6699999999999999,-0.3099999999999996,0.0,1.5999999999999996,-0.1999999999999993,-1.1999999999999993,-0.33999999999999986,0.3000000000000007,-0.2999999999999998,1.1400000000000006,1.75,0.8400000000000007,-0.8899999999999997,1.4600000000000009,0.7600000000000007,-1.0099999999999998,1.75,-1.5499999999999998,-1.67,-0.2999999999999998,1.4399999999999995,-1.6799999999999997,-0.8199999999999994,-0.7199999999999998,0.5,-1.0199999999999996,0.6100000000000003,-1.0699999999999994,-1.42,1.04,-1.8099999999999996,1.3400000000000007,-1.0599999999999996,-1.2699999999999996,-2.6599999999999993,-1.759999999999999,-0.7399999999999993,-1.709999999999999,-2.6499999999999995,-3.129999999999999,-3.2399999999999993,-2.4399999999999995,-2.969999999999999,-2.009999999999999,-1.2799999999999994,-2.719999999999999,-0.6599999999999993,-2.749999999999999,-2.2699999999999996,-1.9099999999999993,-1.5999999999999996,0.0,-1.799999999999999,-2.799999999999999,-1.9399999999999995,-1.299999999999999,-1.8999999999999995,-0.4599999999999991,0.15000000000000036,-0.7599999999999989,-2.4899999999999993,-0.1399999999999988,-0.839999999999999,-2.6099999999999994,0.15000000000000036,-3.1499999999999995,-3.2699999999999996,-1.8999999999999995,-0.16000000000000014,-3.2799999999999994,-2.419999999999999,-2.3199999999999994,-1.0999999999999996,-2.619999999999999,-0.9899999999999993,-2.669999999999999,-3.0199999999999996,-0.5599999999999996,-3.4099999999999993,-0.2599999999999989,-2.6599999999999993,-2.869999999999999,-0.8600000000000003,0.040000000000000036,1.0599999999999996,0.08999999999999986,-0.8500000000000005,-1.33,-1.4400000000000004,-0.6400000000000006,-1.17,-0.20999999999999996,0.5199999999999996,-0.9199999999999999,1.1399999999999997,-0.9500000000000002,-0.47000000000000064,-0.11000000000000032,0.1999999999999993,1.799999999999999,0.0,-1.0,-0.14000000000000057,0.5,-0.10000000000000053,1.3399999999999999,1.9499999999999993,1.04,-0.6900000000000004,1.6600000000000001,0.96,-0.8100000000000005,1.9499999999999993,-1.3500000000000005,-1.4700000000000006,-0.10000000000000053,1.6399999999999988,-1.4800000000000004,-0.6200000000000001,-0.5200000000000005,0.6999999999999993,-0.8200000000000003,0.8099999999999996,-0.8700000000000001,-1.2200000000000006,1.2399999999999993,-1.6100000000000003,1.54,-0.8600000000000003,-1.0700000000000003,0.13999999999999968,1.04,2.0599999999999996,1.0899999999999999,0.14999999999999947,-0.33000000000000007,-0.4400000000000004,0.35999999999999943,-0.16999999999999993,0.79,1.5199999999999996,0.08000000000000007,2.1399999999999997,0.04999999999999982,0.5299999999999994,0.8899999999999997,1.1999999999999993,2.799999999999999,1.0,0.0,0.8599999999999994,1.5,0.8999999999999995,2.34,2.9499999999999993,2.04,0.3099999999999996,2.66,1.96,0.1899999999999995,2.9499999999999993,-0.35000000000000053,-0.47000000000000064,0.8999999999999995,2.639999999999999,-0.4800000000000004,0.3799999999999999,0.47999999999999954,1.6999999999999993,0.17999999999999972,1.8099999999999996,0.1299999999999999,-0.22000000000000064,2.2399999999999993,-0.6100000000000003,2.54,0.13999999999999968,-0.07000000000000028,-0.7199999999999998,0.1800000000000006,1.2000000000000002,0.23000000000000043,-0.71,-1.1899999999999995,-1.2999999999999998,-0.5,-1.0299999999999994,-0.0699999999999994,0.6600000000000001,-0.7799999999999994,1.2800000000000002,-0.8099999999999996,-0.33000000000000007,0.03000000000000025,0.33999999999999986,1.9399999999999995,0.14000000000000057,-0.8599999999999994,0.0,0.6400000000000006,0.040000000000000036,1.4800000000000004,2.09,1.1800000000000006,-0.5499999999999998,1.8000000000000007,1.1000000000000005,-0.6699999999999999,2.09,-1.21,-1.33,0.040000000000000036,1.7799999999999994,-1.3399999999999999,-0.47999999999999954,-0.3799999999999999,0.8399999999999999,-0.6799999999999997,0.9500000000000002,-0.7299999999999995,-1.08,1.38,-1.4699999999999998,1.6800000000000006,-0.7199999999999998,-0.9299999999999997,-1.3600000000000003,-0.45999999999999996,0.5599999999999996,-0.41000000000000014,-1.3500000000000005,-1.83,-1.9400000000000004,-1.1400000000000006,-1.67,-0.71,0.019999999999999574,-1.42,0.6399999999999997,-1.4500000000000002,-0.9700000000000006,-0.6100000000000003,-0.3000000000000007,1.299999999999999,-0.5,-1.5,-0.6400000000000006,0.0,-0.6000000000000005,0.8399999999999999,1.4499999999999993,0.54,-1.1900000000000004,1.1600000000000001,0.45999999999999996,-1.3100000000000005,1.4499999999999993,-1.8500000000000005,-1.9700000000000006,-0.6000000000000005,1.1399999999999988,-1.9800000000000004,-1.12,-1.0200000000000005,0.1999999999999993,-1.3200000000000003,0.3099999999999996,-1.37,-1.7200000000000006,0.7399999999999993,-2.1100000000000003,1.04,-1.3600000000000003,-1.5700000000000003,-0.7599999999999998,0.14000000000000057,1.1600000000000001,0.1900000000000004,-0.75,-1.2299999999999995,-1.3399999999999999,-0.54,-1.0699999999999994,-0.10999999999999943,0.6200000000000001,-0.8199999999999994,1.2400000000000002,-0.8499999999999996,-0.3700000000000001,-0.009999999999999787,0.2999999999999998,1.8999999999999995,0.10000000000000053,-0.8999999999999995,-0.040000000000000036,0.6000000000000005,0.0,1.4400000000000004,2.05,1.1400000000000006,-0.5899999999999999,1.7600000000000007,1.0600000000000005,-0.71,2.05,-1.25,-1.37,0.0,1.7399999999999993,-1.38,-0.5199999999999996,-0.41999999999999993,0.7999999999999998,-0.7199999999999998,0.9100000000000001,-0.7699999999999996,-1.12,1.3399999999999999,-1.5099999999999998,1.6400000000000006,-0.7599999999999998,-0.9699999999999998,-2.2,-1.2999999999999998,-0.28000000000000025,-1.25,-2.1900000000000004,-2.67,-2.7800000000000002,-1.9800000000000004,-2.51,-1.5499999999999998,-0.8200000000000003,-2.26,-0.20000000000000018,-2.29,-1.8100000000000005,-1.4500000000000002,-1.1400000000000006,0.4599999999999991,-1.3399999999999999,-2.34,-1.4800000000000004,-0.8399999999999999,-1.4400000000000004,0.0,0.6099999999999994,-0.2999999999999998,-2.0300000000000002,0.3200000000000003,-0.3799999999999999,-2.1500000000000004,0.6099999999999994,-2.6900000000000004,-2.8100000000000005,-1.4400000000000004,0.29999999999999893,-2.8200000000000003,-1.96,-1.8600000000000003,-0.6400000000000006,-2.16,-0.5300000000000002,-2.21,-2.5600000000000005,-0.10000000000000053,-2.95,0.20000000000000018,-2.2,-2.41,-2.8099999999999996,-1.9099999999999993,-0.8899999999999997,-1.8599999999999994,-2.8,-3.2799999999999994,-3.3899999999999997,-2.59,-3.119999999999999,-2.1599999999999993,-1.4299999999999997,-2.869999999999999,-0.8099999999999996,-2.8999999999999995,-2.42,-2.0599999999999996,-1.75,-0.15000000000000036,-1.9499999999999993,-2.9499999999999993,-2.09,-1.4499999999999993,-2.05,-0.6099999999999994,0.0,-0.9099999999999993,-2.6399999999999997,-0.28999999999999915,-0.9899999999999993,-2.76,0.0,-3.3,-3.42,-2.05,-0.3100000000000005,-3.4299999999999997,-2.5699999999999994,-2.4699999999999998,-1.25,-2.7699999999999996,-1.1399999999999997,-2.8199999999999994,-3.17,-0.71,-3.5599999999999996,-0.40999999999999925,-2.8099999999999996,-3.0199999999999996,-1.9000000000000004,-1.0,0.019999999999999574,-0.9500000000000002,-1.8900000000000006,-2.37,-2.4800000000000004,-1.6800000000000006,-2.21,-1.25,-0.5200000000000005,-1.96,0.09999999999999964,-1.9900000000000002,-1.5100000000000007,-1.1500000000000004,-0.8400000000000007,0.7599999999999989,-1.04,-2.04,-1.1800000000000006,-0.54,-1.1400000000000006,0.2999999999999998,0.9099999999999993,0.0,-1.7300000000000004,0.6200000000000001,-0.08000000000000007,-1.8500000000000005,0.9099999999999993,-2.3900000000000006,-2.5100000000000007,-1.1400000000000006,0.5999999999999988,-2.5200000000000005,-1.6600000000000001,-1.5600000000000005,-0.34000000000000075,-1.8600000000000003,-0.23000000000000043,-1.9100000000000001,-2.2600000000000007,0.1999999999999993,-2.6500000000000004,0.5,-1.9000000000000004,-2.1100000000000003,-0.16999999999999993,0.7300000000000004,1.75,0.7800000000000002,-0.16000000000000014,-0.6399999999999997,-0.75,0.04999999999999982,-0.47999999999999954,0.4800000000000004,1.21,-0.22999999999999954,1.83,-0.2599999999999998,0.21999999999999975,0.5800000000000001,0.8899999999999997,2.4899999999999993,0.6900000000000004,-0.3099999999999996,0.5499999999999998,1.1900000000000004,0.5899999999999999,2.0300000000000002,2.6399999999999997,1.7300000000000004,0.0,2.3500000000000005,1.6500000000000004,-0.1200000000000001,2.6399999999999997,-0.6600000000000001,-0.7800000000000002,0.5899999999999999,2.329999999999999,-0.79,0.07000000000000028,0.16999999999999993,1.3899999999999997,-0.1299999999999999,1.5,-0.17999999999999972,-0.5300000000000002,1.9299999999999997,-0.9199999999999999,2.2300000000000004,-0.16999999999999993,-0.3799999999999999,-2.5200000000000005,-1.62,-0.6000000000000005,-1.5700000000000003,-2.5100000000000007,-2.99,-3.1000000000000005,-2.3000000000000007,-2.83,-1.87,-1.1400000000000006,-2.58,-0.5200000000000005,-2.6100000000000003,-2.130000000000001,-1.7700000000000005,-1.4600000000000009,0.1399999999999988,-1.6600000000000001,-2.66,-1.8000000000000007,-1.1600000000000001,-1.7600000000000007,-0.3200000000000003,0.28999999999999915,-0.6200000000000001,-2.3500000000000005,0.0,-0.7000000000000002,-2.4700000000000006,0.28999999999999915,-3.0100000000000007,-3.130000000000001,-1.7600000000000007,-0.02000000000000135,-3.1400000000000006,-2.2800000000000002,-2.1800000000000006,-0.9600000000000009,-2.4800000000000004,-0.8500000000000005,-2.5300000000000002,-2.880000000000001,-0.4200000000000008,-3.2700000000000005,-0.1200000000000001,-2.5200000000000005,-2.7300000000000004,-1.8200000000000003,-0.9199999999999999,0.09999999999999964,-0.8700000000000001,-1.8100000000000005,-2.29,-2.4000000000000004,-1.6000000000000005,-2.13,-1.17,-0.4400000000000004,-1.88,0.17999999999999972,-1.9100000000000001,-1.4300000000000006,-1.0700000000000003,-0.7600000000000007,0.839999999999999,-0.96,-1.96,-1.1000000000000005,-0.45999999999999996,-1.0600000000000005,0.3799999999999999,0.9899999999999993,0.08000000000000007,-1.6500000000000004,0.7000000000000002,0.0,-1.7700000000000005,0.9899999999999993,-2.3100000000000005,-2.4300000000000006,-1.0600000000000005,0.6799999999999988,-2.4400000000000004,-1.58,-1.4800000000000004,-0.2600000000000007,-1.7800000000000002,-0.15000000000000036,-1.83,-2.1800000000000006,0.27999999999999936,-2.5700000000000003,0.5800000000000001,-1.8200000000000003,-2.0300000000000002,-0.04999999999999982,0.8500000000000005,1.87,0.9000000000000004,-0.040000000000000036,-0.5199999999999996,-0.6299999999999999,0.16999999999999993,-0.35999999999999943,0.6000000000000005,1.33,-0.10999999999999943,1.9500000000000002,-0.13999999999999968,0.33999999999999986,0.7000000000000002,1.0099999999999998,2.6099999999999994,0.8100000000000005,-0.1899999999999995,0.6699999999999999,1.3100000000000005,0.71,2.1500000000000004,2.76,1.8500000000000005,0.1200000000000001,2.4700000000000006,1.7700000000000005,0.0,2.76,-0.54,-0.6600000000000001,0.71,2.4499999999999993,-0.6699999999999999,0.1900000000000004,0.29000000000000004,1.5099999999999998,-0.009999999999999787,1.62,-0.05999999999999961,-0.41000000000000014,2.05,-0.7999999999999998,2.3500000000000005,-0.04999999999999982,-0.2599999999999998,-2.8099999999999996,-1.9099999999999993,-0.8899999999999997,-1.8599999999999994,-2.8,-3.2799999999999994,-3.3899999999999997,-2.59,-3.119999999999999,-2.1599999999999993,-1.4299999999999997,-2.869999999999999,-0.8099999999999996,-2.8999999999999995,-2.42,-2.0599999999999996,-1.75,-0.15000000000000036,-1.9499999999999993,-2.9499999999999993,-2.09,-1.4499999999999993,-2.05,-0.6099999999999994,0.0,-0.9099999999999993,-2.6399999999999997,-0.28999999999999915,-0.9899999999999993,-2.76,0.0,-3.3,-3.42,-2.05,-0.3100000000000005,-3.4299999999999997,-2.5699999999999994,-2.4699999999999998,-1.25,-2.7699999999999996,-1.1399999999999997,-2.8199999999999994,-3.17,-0.71,-3.5599999999999996,-0.40999999999999925,-2.8099999999999996,-3.0199999999999996,0.4900000000000002,1.3900000000000006,2.41,1.4400000000000004,0.5,0.020000000000000462,-0.08999999999999986,0.71,0.1800000000000006,1.1400000000000006,1.87,0.4300000000000006,2.49,0.40000000000000036,0.8799999999999999,1.2400000000000002,1.5499999999999998,3.1499999999999995,1.3500000000000005,0.35000000000000053,1.21,1.8500000000000005,1.25,2.6900000000000004,3.3,2.3900000000000006,0.6600000000000001,3.0100000000000007,2.3100000000000005,0.54,3.3,0.0,-0.1200000000000001,1.25,2.9899999999999993,-0.1299999999999999,0.7300000000000004,0.8300000000000001,2.05,0.5300000000000002,2.16,0.4800000000000004,0.1299999999999999,2.59,-0.2599999999999998,2.8900000000000006,0.4900000000000002,0.28000000000000025,0.6100000000000003,1.5100000000000007,2.5300000000000002,1.5600000000000005,0.6200000000000001,0.14000000000000057,0.03000000000000025,0.8300000000000001,0.3000000000000007,1.2600000000000007,1.9900000000000002,0.5500000000000007,2.6100000000000003,0.5200000000000005,1.0,1.3600000000000003,1.67,3.2699999999999996,1.4700000000000006,0.47000000000000064,1.33,1.9700000000000006,1.37,2.8100000000000005,3.42,2.5100000000000007,0.7800000000000002,3.130000000000001,2.4300000000000006,0.6600000000000001,3.42,0.1200000000000001,0.0,1.37,3.1099999999999994,-0.009999999999999787,0.8500000000000005,0.9500000000000002,2.17,0.6500000000000004,2.2800000000000002,0.6000000000000005,0.25,2.71,-0.13999999999999968,3.0100000000000007,0.6100000000000003,0.40000000000000036,-0.7599999999999998,0.14000000000000057,1.1600000000000001,0.1900000000000004,-0.75,-1.2299999999999995,-1.3399999999999999,-0.54,-1.0699999999999994,-0.10999999999999943,0.6200000000000001,-0.8199999999999994,1.2400000000000002,-0.8499999999999996,-0.3700000000000001,-0.009999999999999787,0.2999999999999998,1.8999999999999995,0.10000000000000053,-0.8999999999999995,-0.040000000000000036,0.6000000000000005,0.0,1.4400000000000004,2.05,1.1400000000000006,-0.5899999999999999,1.7600000000000007,1.0600000000000005,-0.71,2.05,-1.25,-1.37,0.0,1.7399999999999993,-1.38,-0.5199999999999996,-0.41999999999999993,0.7999999999999998,-0.7199999999999998,0.9100000000000001,-0.7699999999999996,-1.12,1.3399999999999999,-1.5099999999999998,1.6400000000000006,-0.7599999999999998,-0.9699999999999998,-2.499999999999999,-1.5999999999999988,-0.5799999999999992,-1.549999999999999,-2.4899999999999993,-2.969999999999999,-3.079999999999999,-2.2799999999999994,-2.8099999999999987,-1.8499999999999988,-1.1199999999999992,-2.5599999999999987,-0.4999999999999991,-2.589999999999999,-2.1099999999999994,-1.7499999999999991,-1.4399999999999995,0.16000000000000014,-1.6399999999999988,-2.639999999999999,-1.7799999999999994,-1.1399999999999988,-1.7399999999999993,-0.29999999999999893,0.3100000000000005,-0.5999999999999988,-2.329999999999999,0.02000000000000135,-0.6799999999999988,-2.4499999999999993,0.3100000000000005,-2.9899999999999993,-3.1099999999999994,-1.7399999999999993,0.0,-3.119999999999999,-2.259999999999999,-2.1599999999999993,-0.9399999999999995,-2.459999999999999,-0.8299999999999992,-2.509999999999999,-2.8599999999999994,-0.39999999999999947,-3.249999999999999,-0.09999999999999876,-2.499999999999999,-2.709999999999999,0.6200000000000001,1.5200000000000005,2.54,1.5700000000000003,0.6299999999999999,0.15000000000000036,0.040000000000000036,0.8399999999999999,0.3100000000000005,1.2700000000000005,2.0,0.5600000000000005,2.62,0.5300000000000002,1.0099999999999998,1.37,1.6799999999999997,3.2799999999999994,1.4800000000000004,0.4800000000000004,1.3399999999999999,1.9800000000000004,1.38,2.8200000000000003,3.4299999999999997,2.5200000000000005,0.79,3.1400000000000006,2.4400000000000004,0.6699999999999999,3.4299999999999997,0.1299999999999999,0.009999999999999787,1.38,3.119999999999999,0.0,0.8600000000000003,0.96,2.1799999999999997,0.6600000000000001,2.29,0.6100000000000003,0.2599999999999998,2.7199999999999998,-0.1299999999999999,3.0200000000000005,0.6200000000000001,0.41000000000000014,-0.2400000000000002,0.6600000000000001,1.6799999999999997,0.71,-0.23000000000000043,-0.71,-0.8200000000000003,-0.020000000000000462,-0.5499999999999998,0.41000000000000014,1.1399999999999997,-0.2999999999999998,1.7599999999999998,-0.33000000000000007,0.14999999999999947,0.5099999999999998,0.8199999999999994,2.419999999999999,0.6200000000000001,-0.3799999999999999,0.47999999999999954,1.12,0.5199999999999996,1.96,2.5699999999999994,1.6600000000000001,-0.07000000000000028,2.2800000000000002,1.58,-0.1900000000000004,2.5699999999999994,-0.7300000000000004,-0.8500000000000005,0.5199999999999996,2.259999999999999,-0.8600000000000003,0.0,0.09999999999999964,1.3199999999999994,-0.20000000000000018,1.4299999999999997,-0.25,-0.6000000000000005,1.8599999999999994,-0.9900000000000002,2.16,-0.2400000000000002,-0.4500000000000002,-0.33999999999999986,0.5600000000000005,1.58,0.6100000000000003,-0.33000000000000007,-0.8099999999999996,-0.9199999999999999,-0.1200000000000001,-0.6499999999999995,0.3100000000000005,1.04,-0.39999999999999947,1.6600000000000001,-0.4299999999999997,0.04999999999999982,0.41000000000000014,0.7199999999999998,2.3199999999999994,0.5200000000000005,-0.47999999999999954,0.3799999999999999,1.0200000000000005,0.41999999999999993,1.8600000000000003,2.4699999999999998,1.5600000000000005,-0.16999999999999993,2.1800000000000006,1.4800000000000004,-0.29000000000000004,2.4699999999999998,-0.8300000000000001,-0.9500000000000002,0.41999999999999993,2.1599999999999993,-0.96,-0.09999999999999964,0.0,1.2199999999999998,-0.2999999999999998,1.33,-0.34999999999999964,-0.7000000000000002,1.7599999999999998,-1.0899999999999999,2.0600000000000005,-0.33999999999999986,-0.5499999999999998,-1.5599999999999996,-0.6599999999999993,0.3600000000000003,-0.6099999999999994,-1.5499999999999998,-2.0299999999999994,-2.1399999999999997,-1.3399999999999999,-1.8699999999999992,-0.9099999999999993,-0.17999999999999972,-1.6199999999999992,0.4400000000000004,-1.6499999999999995,-1.17,-0.8099999999999996,-0.5,1.0999999999999996,-0.6999999999999993,-1.6999999999999993,-0.8399999999999999,-0.1999999999999993,-0.7999999999999998,0.6400000000000006,1.25,0.34000000000000075,-1.3899999999999997,0.9600000000000009,0.2600000000000007,-1.5099999999999998,1.25,-2.05,-2.17,-0.7999999999999998,0.9399999999999995,-2.1799999999999997,-1.3199999999999994,-1.2199999999999998,0.0,-1.5199999999999996,0.11000000000000032,-1.5699999999999994,-1.92,0.54,-2.3099999999999996,0.8400000000000007,-1.5599999999999996,-1.7699999999999996,-0.040000000000000036,0.8600000000000003,1.88,0.9100000000000001,-0.03000000000000025,-0.5099999999999998,-0.6200000000000001,0.17999999999999972,-0.34999999999999964,0.6100000000000003,1.3399999999999999,-0.09999999999999964,1.96,-0.1299999999999999,0.34999999999999964,0.71,1.0199999999999996,2.619999999999999,0.8200000000000003,-0.17999999999999972,0.6799999999999997,1.3200000000000003,0.7199999999999998,2.16,2.7699999999999996,1.8600000000000003,0.1299999999999999,2.4800000000000004,1.7800000000000002,0.009999999999999787,2.7699999999999996,-0.5300000000000002,-0.6500000000000004,0.7199999999999998,2.459999999999999,-0.6600000000000001,0.20000000000000018,0.2999999999999998,1.5199999999999996,0.0,1.63,-0.04999999999999982,-0.40000000000000036,2.0599999999999996,-0.79,2.3600000000000003,-0.040000000000000036,-0.25,-1.67,-0.7699999999999996,0.25,-0.7199999999999998,-1.6600000000000001,-2.1399999999999997,-2.25,-1.4500000000000002,-1.9799999999999995,-1.0199999999999996,-0.29000000000000004,-1.7299999999999995,0.33000000000000007,-1.7599999999999998,-1.2800000000000002,-0.9199999999999999,-0.6100000000000003,0.9899999999999993,-0.8099999999999996,-1.8099999999999996,-0.9500000000000002,-0.3099999999999996,-0.9100000000000001,0.5300000000000002,1.1399999999999997,0.23000000000000043,-1.5,0.8500000000000005,0.15000000000000036,-1.62,1.1399999999999997,-2.16,-2.2800000000000002,-0.9100000000000001,0.8299999999999992,-2.29,-1.4299999999999997,-1.33,-0.11000000000000032,-1.63,0.0,-1.6799999999999997,-2.0300000000000002,0.4299999999999997,-2.42,0.7300000000000004,-1.67,-1.88,0.009999999999999787,0.9100000000000001,1.9299999999999997,0.96,0.019999999999999574,-0.45999999999999996,-0.5700000000000003,0.22999999999999954,-0.2999999999999998,0.6600000000000001,1.3899999999999997,-0.04999999999999982,2.01,-0.08000000000000007,0.39999999999999947,0.7599999999999998,1.0699999999999994,2.669999999999999,0.8700000000000001,-0.1299999999999999,0.7299999999999995,1.37,0.7699999999999996,2.21,2.8199999999999994,1.9100000000000001,0.17999999999999972,2.5300000000000002,1.83,0.05999999999999961,2.8199999999999994,-0.4800000000000004,-0.6000000000000005,0.7699999999999996,2.509999999999999,-0.6100000000000003,0.25,0.34999999999999964,1.5699999999999994,0.04999999999999982,1.6799999999999997,0.0,-0.35000000000000053,2.1099999999999994,-0.7400000000000002,2.41,0.009999999999999787,-0.20000000000000018,0.3600000000000003,1.2600000000000007,2.2800000000000002,1.3100000000000005,0.3700000000000001,-0.10999999999999943,-0.21999999999999975,0.5800000000000001,0.05000000000000071,1.0100000000000007,1.7400000000000002,0.3000000000000007,2.3600000000000003,0.27000000000000046,0.75,1.1100000000000003,1.42,3.0199999999999996,1.2200000000000006,0.22000000000000064,1.08,1.7200000000000006,1.12,2.5600000000000005,3.17,2.2600000000000007,0.5300000000000002,2.880000000000001,2.1800000000000006,0.41000000000000014,3.17,-0.1299999999999999,-0.25,1.12,2.8599999999999994,-0.2599999999999998,0.6000000000000005,0.7000000000000002,1.92,0.40000000000000036,2.0300000000000002,0.35000000000000053,0.0,2.46,-0.3899999999999997,2.7600000000000007,0.3600000000000003,0.15000000000000036,-2.0999999999999996,-1.1999999999999993,-0.17999999999999972,-1.1499999999999995,-2.09,-2.5699999999999994,-2.6799999999999997,-1.88,-2.4099999999999993,-1.4499999999999993,-0.7199999999999998,-2.1599999999999993,-0.09999999999999964,-2.1899999999999995,-1.71,-1.3499999999999996,-1.04,0.5599999999999996,-1.2399999999999993,-2.2399999999999993,-1.38,-0.7399999999999993,-1.3399999999999999,0.10000000000000053,0.71,-0.1999999999999993,-1.9299999999999997,0.4200000000000008,-0.27999999999999936,-2.05,0.71,-2.59,-2.71,-1.3399999999999999,0.39999999999999947,-2.7199999999999998,-1.8599999999999994,-1.7599999999999998,-0.54,-2.0599999999999996,-0.4299999999999997,-2.1099999999999994,-2.46,0.0,-2.8499999999999996,0.3000000000000007,-2.0999999999999996,-2.3099999999999996,0.75,1.6500000000000004,2.67,1.7000000000000002,0.7599999999999998,0.28000000000000025,0.16999999999999993,0.9699999999999998,0.4400000000000004,1.4000000000000004,2.13,0.6900000000000004,2.75,0.6600000000000001,1.1399999999999997,1.5,1.8099999999999996,3.4099999999999993,1.6100000000000003,0.6100000000000003,1.4699999999999998,2.1100000000000003,1.5099999999999998,2.95,3.5599999999999996,2.6500000000000004,0.9199999999999999,3.2700000000000005,2.5700000000000003,0.7999999999999998,3.5599999999999996,0.2599999999999998,0.13999999999999968,1.5099999999999998,3.249999999999999,0.1299999999999999,0.9900000000000002,1.0899999999999999,2.3099999999999996,0.79,2.42,0.7400000000000002,0.3899999999999997,2.8499999999999996,0.0,3.1500000000000004,0.75,0.54,-2.4000000000000004,-1.5,-0.4800000000000004,-1.4500000000000002,-2.3900000000000006,-2.87,-2.9800000000000004,-2.1800000000000006,-2.71,-1.75,-1.0200000000000005,-2.46,-0.40000000000000036,-2.49,-2.0100000000000007,-1.6500000000000004,-1.3400000000000007,0.2599999999999989,-1.54,-2.54,-1.6800000000000006,-1.04,-1.6400000000000006,-0.20000000000000018,0.40999999999999925,-0.5,-2.2300000000000004,0.1200000000000001,-0.5800000000000001,-2.3500000000000005,0.40999999999999925,-2.8900000000000006,-3.0100000000000007,-1.6400000000000006,0.09999999999999876,-3.0200000000000005,-2.16,-2.0600000000000005,-0.8400000000000007,-2.3600000000000003,-0.7300000000000004,-2.41,-2.7600000000000007,-0.3000000000000007,-3.1500000000000004,0.0,-2.4000000000000004,-2.6100000000000003,0.0,0.9000000000000004,1.92,0.9500000000000002,0.009999999999999787,-0.46999999999999975,-0.5800000000000001,0.21999999999999975,-0.3099999999999996,0.6500000000000004,1.38,-0.05999999999999961,2.0,-0.08999999999999986,0.3899999999999997,0.75,1.0599999999999996,2.6599999999999993,0.8600000000000003,-0.13999999999999968,0.7199999999999998,1.3600000000000003,0.7599999999999998,2.2,2.8099999999999996,1.9000000000000004,0.16999999999999993,2.5200000000000005,1.8200000000000003,0.04999999999999982,2.8099999999999996,-0.4900000000000002,-0.6100000000000003,0.7599999999999998,2.499999999999999,-0.6200000000000001,0.2400000000000002,0.33999999999999986,1.5599999999999996,0.040000000000000036,1.67,-0.009999999999999787,-0.3600000000000003,2.0999999999999996,-0.75,2.4000000000000004,0.0,-0.20999999999999996,0.20999999999999996,1.1100000000000003,2.13,1.1600000000000001,0.21999999999999975,-0.2599999999999998,-0.3700000000000001,0.4299999999999997,-0.09999999999999964,0.8600000000000003,1.5899999999999999,0.15000000000000036,2.21,0.1200000000000001,0.5999999999999996,0.96,1.2699999999999996,2.869999999999999,1.0700000000000003,0.07000000000000028,0.9299999999999997,1.5700000000000003,0.9699999999999998,2.41,3.0199999999999996,2.1100000000000003,0.3799999999999999,2.7300000000000004,2.0300000000000002,0.2599999999999998,3.0199999999999996,-0.28000000000000025,-0.40000000000000036,0.9699999999999998,2.709999999999999,-0.41000000000000014,0.4500000000000002,0.5499999999999998,1.7699999999999996,0.25,1.88,0.20000000000000018,-0.15000000000000036,2.3099999999999996,-0.54,2.6100000000000003,0.20999999999999996,0.0,0.0,-2.92,0.33000000000000007,-0.6200000000000001,0.6199999999999992,-2.91,-0.6399999999999997,-1.5700000000000003,-2.1500000000000004,-1.5499999999999998,-2.41,-2.2700000000000005,-2.0200000000000005,-1.9100000000000001,-1.6399999999999997,-1.0899999999999999,-2.24,0.5199999999999996,0.5399999999999991,0.7599999999999998,-1.7700000000000005,-1.2800000000000002,-1.9400000000000004,-2.33,-1.3200000000000003,-0.7400000000000002,-0.040000000000000036,-1.2800000000000002,-1.88,-0.29000000000000004,-0.29000000000000004,-1.96,-2.0,-0.25,-3.5700000000000003,-2.33,-1.7199999999999998,-2.16,-0.25,-1.9000000000000004,-0.5800000000000001,-1.12,-2.83,-0.03000000000000025,0.040000000000000036,0.9499999999999993,-1.0200000000000005,2.92,0.0,3.25,2.3,3.539999999999999,0.009999999999999787,2.2800000000000002,1.3499999999999996,0.7699999999999996,1.37,0.5099999999999998,0.6499999999999995,0.8999999999999995,1.0099999999999998,1.2800000000000002,1.83,0.6799999999999997,3.4399999999999995,3.459999999999999,3.6799999999999997,1.1499999999999995,1.6399999999999997,0.9799999999999995,0.5899999999999999,1.5999999999999996,2.1799999999999997,2.88,1.6399999999999997,1.04,2.63,2.63,0.96,0.9199999999999999,2.67,-0.6500000000000004,0.5899999999999999,1.2000000000000002,0.7599999999999998,2.67,1.0199999999999996,2.34,1.7999999999999998,0.08999999999999986,2.8899999999999997,2.96,3.869999999999999,1.8999999999999995,-0.33000000000000007,-3.25,0.0,-0.9500000000000002,0.28999999999999915,-3.24,-0.9699999999999998,-1.9000000000000004,-2.4800000000000004,-1.88,-2.74,-2.6000000000000005,-2.3500000000000005,-2.24,-1.9699999999999998,-1.42,-2.5700000000000003,0.1899999999999995,0.20999999999999908,0.4299999999999997,-2.1000000000000005,-1.6100000000000003,-2.2700000000000005,-2.66,-1.6500000000000004,-1.0700000000000003,-0.3700000000000001,-1.6100000000000003,-2.21,-0.6200000000000001,-0.6200000000000001,-2.29,-2.33,-0.5800000000000001,-3.9000000000000004,-2.66,-2.05,-2.49,-0.5800000000000001,-2.2300000000000004,-0.9100000000000001,-1.4500000000000002,-3.16,-0.3600000000000003,-0.29000000000000004,0.6199999999999992,-1.3500000000000005,0.6200000000000001,-2.3,0.9500000000000002,0.0,1.2399999999999993,-2.29,-0.019999999999999574,-0.9500000000000002,-1.5300000000000002,-0.9299999999999997,-1.79,-1.6500000000000004,-1.4000000000000004,-1.29,-1.0199999999999996,-0.46999999999999975,-1.62,1.1399999999999997,1.1599999999999993,1.38,-1.1500000000000004,-0.6600000000000001,-1.3200000000000003,-1.71,-0.7000000000000002,-0.1200000000000001,0.5800000000000001,-0.6600000000000001,-1.2599999999999998,0.33000000000000007,0.33000000000000007,-1.3399999999999999,-1.38,0.3700000000000001,-2.95,-1.71,-1.0999999999999996,-1.54,0.3700000000000001,-1.2800000000000002,0.040000000000000036,-0.5,-2.21,0.5899999999999999,0.6600000000000001,1.5699999999999994,-0.40000000000000036,-0.6199999999999992,-3.539999999999999,-0.28999999999999915,-1.2399999999999993,0.0,-3.5299999999999994,-1.259999999999999,-2.1899999999999995,-2.7699999999999996,-2.169999999999999,-3.0299999999999994,-2.8899999999999997,-2.6399999999999997,-2.5299999999999994,-2.259999999999999,-1.709999999999999,-2.8599999999999994,-0.09999999999999964,-0.08000000000000007,0.14000000000000057,-2.3899999999999997,-1.8999999999999995,-2.5599999999999996,-2.9499999999999993,-1.9399999999999995,-1.3599999999999994,-0.6599999999999993,-1.8999999999999995,-2.499999999999999,-0.9099999999999993,-0.9099999999999993,-2.579999999999999,-2.619999999999999,-0.8699999999999992,-4.1899999999999995,-2.9499999999999993,-2.339999999999999,-2.7799999999999994,-0.8699999999999992,-2.5199999999999996,-1.1999999999999993,-1.7399999999999993,-3.4499999999999993,-0.6499999999999995,-0.5799999999999992,0.33000000000000007,-1.6399999999999997,2.91,-0.009999999999999787,3.24,2.29,3.5299999999999994,0.0,2.2700000000000005,1.3399999999999999,0.7599999999999998,1.3600000000000003,0.5,0.6399999999999997,0.8899999999999997,1.0,1.2700000000000005,1.8200000000000003,0.6699999999999999,3.4299999999999997,3.4499999999999993,3.67,1.1399999999999997,1.63,0.9699999999999998,0.5800000000000001,1.5899999999999999,2.17,2.87,1.63,1.0300000000000002,2.62,2.62,0.9500000000000002,0.9100000000000001,2.66,-0.6600000000000001,0.5800000000000001,1.1900000000000004,0.75,2.66,1.0099999999999998,2.33,1.79,0.08000000000000007,2.88,2.95,3.8599999999999994,1.8899999999999997,0.6399999999999997,-2.2800000000000002,0.9699999999999998,0.019999999999999574,1.259999999999999,-2.2700000000000005,0.0,-0.9300000000000006,-1.5100000000000007,-0.9100000000000001,-1.7700000000000005,-1.6300000000000008,-1.3800000000000008,-1.2700000000000005,-1.0,-0.4500000000000002,-1.6000000000000005,1.1599999999999993,1.1799999999999988,1.3999999999999995,-1.1300000000000008,-0.6400000000000006,-1.3000000000000007,-1.6900000000000004,-0.6800000000000006,-0.10000000000000053,0.5999999999999996,-0.6400000000000006,-1.2400000000000002,0.34999999999999964,0.34999999999999964,-1.3200000000000003,-1.3600000000000003,0.3899999999999997,-2.9300000000000006,-1.6900000000000004,-1.08,-1.5200000000000005,0.3899999999999997,-1.2600000000000007,0.05999999999999961,-0.4800000000000004,-2.1900000000000004,0.6099999999999994,0.6799999999999997,1.589999999999999,-0.3800000000000008,1.5700000000000003,-1.3499999999999996,1.9000000000000004,0.9500000000000002,2.1899999999999995,-1.3399999999999999,0.9300000000000006,0.0,-0.5800000000000001,0.020000000000000462,-0.8399999999999999,-0.7000000000000002,-0.4500000000000002,-0.33999999999999986,-0.0699999999999994,0.4800000000000004,-0.6699999999999999,2.09,2.1099999999999994,2.33,-0.20000000000000018,0.29000000000000004,-0.3700000000000001,-0.7599999999999998,0.25,0.8300000000000001,1.5300000000000002,0.29000000000000004,-0.3099999999999996,1.2800000000000002,1.2800000000000002,-0.3899999999999997,-0.4299999999999997,1.3200000000000003,-2.0,-0.7599999999999998,-0.14999999999999947,-0.5899999999999999,1.3200000000000003,-0.33000000000000007,0.9900000000000002,0.4500000000000002,-1.2599999999999998,1.54,1.6100000000000003,2.5199999999999996,0.5499999999999998,2.1500000000000004,-0.7699999999999996,2.4800000000000004,1.5300000000000002,2.7699999999999996,-0.7599999999999998,1.5100000000000007,0.5800000000000001,0.0,0.6000000000000005,-0.2599999999999998,-0.1200000000000001,0.1299999999999999,0.2400000000000002,0.5100000000000007,1.0600000000000005,-0.08999999999999986,2.67,2.6899999999999995,2.91,0.3799999999999999,0.8700000000000001,0.20999999999999996,-0.17999999999999972,0.8300000000000001,1.4100000000000001,2.1100000000000003,0.8700000000000001,0.27000000000000046,1.8600000000000003,1.8600000000000003,0.1900000000000004,0.15000000000000036,1.9000000000000004,-1.42,-0.17999999999999972,0.4300000000000006,-0.009999999999999787,1.9000000000000004,0.25,1.5700000000000003,1.0300000000000002,-0.6799999999999997,2.12,2.1900000000000004,3.0999999999999996,1.13,1.5499999999999998,-1.37,1.88,0.9299999999999997,2.169999999999999,-1.3600000000000003,0.9100000000000001,-0.020000000000000462,-0.6000000000000005,0.0,-0.8600000000000003,-0.7200000000000006,-0.47000000000000064,-0.3600000000000003,-0.08999999999999986,0.45999999999999996,-0.6900000000000004,2.0699999999999994,2.089999999999999,2.3099999999999996,-0.22000000000000064,0.2699999999999996,-0.39000000000000057,-0.7800000000000002,0.22999999999999954,0.8099999999999996,1.5099999999999998,0.2699999999999996,-0.33000000000000007,1.2599999999999998,1.2599999999999998,-0.41000000000000014,-0.4500000000000002,1.2999999999999998,-2.0200000000000005,-0.7800000000000002,-0.16999999999999993,-0.6100000000000003,1.2999999999999998,-0.35000000000000053,0.9699999999999998,0.4299999999999997,-1.2800000000000002,1.5199999999999996,1.5899999999999999,2.499999999999999,0.5299999999999994,2.41,-0.5099999999999998,2.74,1.79,3.0299999999999994,-0.5,1.7700000000000005,0.8399999999999999,0.2599999999999998,0.8600000000000003,0.0,0.13999999999999968,0.3899999999999997,0.5,0.7700000000000005,1.3200000000000003,0.16999999999999993,2.9299999999999997,2.9499999999999993,3.17,0.6399999999999997,1.13,0.46999999999999975,0.08000000000000007,1.0899999999999999,1.67,2.37,1.13,0.5300000000000002,2.12,2.12,0.4500000000000002,0.41000000000000014,2.16,-1.1600000000000001,0.08000000000000007,0.6900000000000004,0.25,2.16,0.5099999999999998,1.83,1.29,-0.41999999999999993,2.38,2.45,3.3599999999999994,1.3899999999999997,2.2700000000000005,-0.6499999999999995,2.6000000000000005,1.6500000000000004,2.8899999999999997,-0.6399999999999997,1.6300000000000008,0.7000000000000002,0.1200000000000001,0.7200000000000006,-0.13999999999999968,0.0,0.25,0.3600000000000003,0.6300000000000008,1.1800000000000006,0.03000000000000025,2.79,2.8099999999999996,3.0300000000000002,0.5,0.9900000000000002,0.33000000000000007,-0.05999999999999961,0.9500000000000002,1.5300000000000002,2.2300000000000004,0.9900000000000002,0.39000000000000057,1.9800000000000004,1.9800000000000004,0.3100000000000005,0.27000000000000046,2.0200000000000005,-1.2999999999999998,-0.05999999999999961,0.5500000000000007,0.11000000000000032,2.0200000000000005,0.3700000000000001,1.6900000000000004,1.1500000000000004,-0.5599999999999996,2.24,2.3100000000000005,3.2199999999999998,1.25,2.0200000000000005,-0.8999999999999995,2.3500000000000005,1.4000000000000004,2.6399999999999997,-0.8899999999999997,1.3800000000000008,0.4500000000000002,-0.1299999999999999,0.47000000000000064,-0.3899999999999997,-0.25,0.0,0.11000000000000032,0.3800000000000008,0.9300000000000006,-0.21999999999999975,2.54,2.5599999999999996,2.7800000000000002,0.25,0.7400000000000002,0.08000000000000007,-0.3099999999999996,0.7000000000000002,1.2800000000000002,1.9800000000000004,0.7400000000000002,0.14000000000000057,1.7300000000000004,1.7300000000000004,0.0600000000000005,0.020000000000000462,1.7700000000000005,-1.5499999999999998,-0.3099999999999996,0.3000000000000007,-0.13999999999999968,1.7700000000000005,0.1200000000000001,1.4400000000000004,0.9000000000000004,-0.8099999999999996,1.9900000000000002,2.0600000000000005,2.9699999999999998,1.0,1.9100000000000001,-1.0099999999999998,2.24,1.29,2.5299999999999994,-1.0,1.2700000000000005,0.33999999999999986,-0.2400000000000002,0.3600000000000003,-0.5,-0.3600000000000003,-0.11000000000000032,0.0,0.27000000000000046,0.8200000000000003,-0.33000000000000007,2.4299999999999997,2.4499999999999993,2.67,0.13999999999999968,0.6299999999999999,-0.03000000000000025,-0.41999999999999993,0.5899999999999999,1.17,1.87,0.6299999999999999,0.03000000000000025,1.62,1.62,-0.04999999999999982,-0.08999999999999986,1.6600000000000001,-1.6600000000000001,-0.41999999999999993,0.1900000000000004,-0.25,1.6600000000000001,0.009999999999999787,1.33,0.79,-0.9199999999999999,1.88,1.9500000000000002,2.8599999999999994,0.8899999999999997,1.6399999999999997,-1.2800000000000002,1.9699999999999998,1.0199999999999996,2.259999999999999,-1.2700000000000005,1.0,0.0699999999999994,-0.5100000000000007,0.08999999999999986,-0.7700000000000005,-0.6300000000000008,-0.3800000000000008,-0.27000000000000046,0.0,0.5499999999999998,-0.6000000000000005,2.1599999999999993,2.179999999999999,2.3999999999999995,-0.13000000000000078,0.35999999999999943,-0.3000000000000007,-0.6900000000000004,0.3199999999999994,0.8999999999999995,1.5999999999999996,0.35999999999999943,-0.2400000000000002,1.3499999999999996,1.3499999999999996,-0.3200000000000003,-0.3600000000000003,1.3899999999999997,-1.9300000000000006,-0.6900000000000004,-0.08000000000000007,-0.5200000000000005,1.3899999999999997,-0.2600000000000007,1.0599999999999996,0.5199999999999996,-1.1900000000000004,1.6099999999999994,1.6799999999999997,2.589999999999999,0.6199999999999992,1.0899999999999999,-1.83,1.42,0.46999999999999975,1.709999999999999,-1.8200000000000003,0.4500000000000002,-0.4800000000000004,-1.0600000000000005,-0.45999999999999996,-1.3200000000000003,-1.1800000000000006,-0.9300000000000006,-0.8200000000000003,-0.5499999999999998,0.0,-1.1500000000000004,1.6099999999999994,1.629999999999999,1.8499999999999996,-0.6800000000000006,-0.1900000000000004,-0.8500000000000005,-1.2400000000000002,-0.23000000000000043,0.34999999999999964,1.0499999999999998,-0.1900000000000004,-0.79,0.7999999999999998,0.7999999999999998,-0.8700000000000001,-0.9100000000000001,0.8399999999999999,-2.4800000000000004,-1.2400000000000002,-0.6299999999999999,-1.0700000000000003,0.8399999999999999,-0.8100000000000005,0.5099999999999998,-0.03000000000000025,-1.7400000000000002,1.0599999999999996,1.13,2.039999999999999,0.0699999999999994,2.24,-0.6799999999999997,2.5700000000000003,1.62,2.8599999999999994,-0.6699999999999999,1.6000000000000005,0.6699999999999999,0.08999999999999986,0.6900000000000004,-0.16999999999999993,-0.03000000000000025,0.21999999999999975,0.33000000000000007,0.6000000000000005,1.1500000000000004,0.0,2.76,2.7799999999999994,3.0,0.46999999999999975,0.96,0.2999999999999998,-0.08999999999999986,0.9199999999999999,1.5,2.2,0.96,0.3600000000000003,1.9500000000000002,1.9500000000000002,0.28000000000000025,0.2400000000000002,1.9900000000000002,-1.33,-0.08999999999999986,0.5200000000000005,0.08000000000000007,1.9900000000000002,0.33999999999999986,1.6600000000000001,1.12,-0.5899999999999999,2.21,2.2800000000000002,3.1899999999999995,1.2199999999999998,-0.5199999999999996,-3.4399999999999995,-0.1899999999999995,-1.1399999999999997,0.09999999999999964,-3.4299999999999997,-1.1599999999999993,-2.09,-2.67,-2.0699999999999994,-2.9299999999999997,-2.79,-2.54,-2.4299999999999997,-2.1599999999999993,-1.6099999999999994,-2.76,0.0,0.019999999999999574,0.2400000000000002,-2.29,-1.7999999999999998,-2.46,-2.8499999999999996,-1.8399999999999999,-1.2599999999999998,-0.5599999999999996,-1.7999999999999998,-2.3999999999999995,-0.8099999999999996,-0.8099999999999996,-2.4799999999999995,-2.5199999999999996,-0.7699999999999996,-4.09,-2.8499999999999996,-2.2399999999999993,-2.6799999999999997,-0.7699999999999996,-2.42,-1.0999999999999996,-1.6399999999999997,-3.3499999999999996,-0.5499999999999998,-0.47999999999999954,0.4299999999999997,-1.54,-0.5399999999999991,-3.459999999999999,-0.20999999999999908,-1.1599999999999993,0.08000000000000007,-3.4499999999999993,-1.1799999999999988,-2.1099999999999994,-2.6899999999999995,-2.089999999999999,-2.9499999999999993,-2.8099999999999996,-2.5599999999999996,-2.4499999999999993,-2.179999999999999,-1.629999999999999,-2.7799999999999994,-0.019999999999999574,0.0,0.22000000000000064,-2.3099999999999996,-1.8199999999999994,-2.4799999999999995,-2.869999999999999,-1.8599999999999994,-1.2799999999999994,-0.5799999999999992,-1.8199999999999994,-2.419999999999999,-0.8299999999999992,-0.8299999999999992,-2.499999999999999,-2.539999999999999,-0.7899999999999991,-4.109999999999999,-2.869999999999999,-2.259999999999999,-2.6999999999999993,-0.7899999999999991,-2.4399999999999995,-1.1199999999999992,-1.6599999999999993,-3.369999999999999,-0.5699999999999994,-0.4999999999999991,0.41000000000000014,-1.5599999999999996,-0.7599999999999998,-3.6799999999999997,-0.4299999999999997,-1.38,-0.14000000000000057,-3.67,-1.3999999999999995,-2.33,-2.91,-2.3099999999999996,-3.17,-3.0300000000000002,-2.7800000000000002,-2.67,-2.3999999999999995,-1.8499999999999996,-3.0,-0.2400000000000002,-0.22000000000000064,0.0,-2.5300000000000002,-2.04,-2.7,-3.09,-2.08,-1.5,-0.7999999999999998,-2.04,-2.6399999999999997,-1.0499999999999998,-1.0499999999999998,-2.7199999999999998,-2.76,-1.0099999999999998,-4.33,-3.09,-2.4799999999999995,-2.92,-1.0099999999999998,-2.66,-1.3399999999999999,-1.88,-3.59,-0.79,-0.7199999999999998,0.1899999999999995,-1.7800000000000002,1.7700000000000005,-1.1499999999999995,2.1000000000000005,1.1500000000000004,2.3899999999999997,-1.1399999999999997,1.1300000000000008,0.20000000000000018,-0.3799999999999999,0.22000000000000064,-0.6399999999999997,-0.5,-0.25,-0.13999999999999968,0.13000000000000078,0.6800000000000006,-0.46999999999999975,2.29,2.3099999999999996,2.5300000000000002,0.0,0.4900000000000002,-0.16999999999999993,-0.5599999999999996,0.4500000000000002,1.0300000000000002,1.7300000000000004,0.4900000000000002,-0.10999999999999943,1.4800000000000004,1.4800000000000004,-0.1899999999999995,-0.22999999999999954,1.5200000000000005,-1.7999999999999998,-0.5599999999999996,0.05000000000000071,-0.3899999999999997,1.5200000000000005,-0.1299999999999999,1.1900000000000004,0.6500000000000004,-1.0599999999999996,1.7400000000000002,1.8100000000000005,2.7199999999999998,0.75,1.2800000000000002,-1.6399999999999997,1.6100000000000003,0.6600000000000001,1.8999999999999995,-1.63,0.6400000000000006,-0.29000000000000004,-0.8700000000000001,-0.2699999999999996,-1.13,-0.9900000000000002,-0.7400000000000002,-0.6299999999999999,-0.35999999999999943,0.1900000000000004,-0.96,1.7999999999999998,1.8199999999999994,2.04,-0.4900000000000002,0.0,-0.6600000000000001,-1.0499999999999998,-0.040000000000000036,0.54,1.2400000000000002,0.0,-0.5999999999999996,0.9900000000000002,0.9900000000000002,-0.6799999999999997,-0.7199999999999998,1.0300000000000002,-2.29,-1.0499999999999998,-0.4399999999999995,-0.8799999999999999,1.0300000000000002,-0.6200000000000001,0.7000000000000002,0.16000000000000014,-1.5499999999999998,1.25,1.3200000000000003,2.2299999999999995,0.2599999999999998,1.9400000000000004,-0.9799999999999995,2.2700000000000005,1.3200000000000003,2.5599999999999996,-0.9699999999999998,1.3000000000000007,0.3700000000000001,-0.20999999999999996,0.39000000000000057,-0.46999999999999975,-0.33000000000000007,-0.08000000000000007,0.03000000000000025,0.3000000000000007,0.8500000000000005,-0.2999999999999998,2.46,2.4799999999999995,2.7,0.16999999999999993,0.6600000000000001,0.0,-0.3899999999999997,0.6200000000000001,1.2000000000000002,1.9000000000000004,0.6600000000000001,0.0600000000000005,1.6500000000000004,1.6500000000000004,-0.019999999999999574,-0.05999999999999961,1.6900000000000004,-1.63,-0.3899999999999997,0.22000000000000064,-0.21999999999999975,1.6900000000000004,0.040000000000000036,1.3600000000000003,0.8200000000000003,-0.8899999999999997,1.9100000000000001,1.9800000000000004,2.8899999999999997,0.9199999999999999,2.33,-0.5899999999999999,2.66,1.71,2.9499999999999993,-0.5800000000000001,1.6900000000000004,0.7599999999999998,0.17999999999999972,0.7800000000000002,-0.08000000000000007,0.05999999999999961,0.3099999999999996,0.41999999999999993,0.6900000000000004,1.2400000000000002,0.08999999999999986,2.8499999999999996,2.869999999999999,3.09,0.5599999999999996,1.0499999999999998,0.3899999999999997,0.0,1.0099999999999998,1.5899999999999999,2.29,1.0499999999999998,0.4500000000000002,2.04,2.04,0.3700000000000001,0.33000000000000007,2.08,-1.2400000000000002,0.0,0.6100000000000003,0.16999999999999993,2.08,0.4299999999999997,1.75,1.21,-0.5,2.3,2.37,3.2799999999999994,1.3099999999999996,1.3200000000000003,-1.5999999999999996,1.6500000000000004,0.7000000000000002,1.9399999999999995,-1.5899999999999999,0.6800000000000006,-0.25,-0.8300000000000001,-0.22999999999999954,-1.0899999999999999,-0.9500000000000002,-0.7000000000000002,-0.5899999999999999,-0.3199999999999994,0.23000000000000043,-0.9199999999999999,1.8399999999999999,1.8599999999999994,2.08,-0.4500000000000002,0.040000000000000036,-0.6200000000000001,-1.0099999999999998,0.0,0.5800000000000001,1.2800000000000002,0.040000000000000036,-0.5599999999999996,1.0300000000000002,1.0300000000000002,-0.6399999999999997,-0.6799999999999997,1.0700000000000003,-2.25,-1.0099999999999998,-0.39999999999999947,-0.8399999999999999,1.0700000000000003,-0.5800000000000001,0.7400000000000002,0.20000000000000018,-1.5099999999999998,1.29,1.3600000000000003,2.2699999999999996,0.2999999999999998,0.7400000000000002,-2.1799999999999997,1.0700000000000003,0.1200000000000001,1.3599999999999994,-2.17,0.10000000000000053,-0.8300000000000001,-1.4100000000000001,-0.8099999999999996,-1.67,-1.5300000000000002,-1.2800000000000002,-1.17,-0.8999999999999995,-0.34999999999999964,-1.5,1.2599999999999998,1.2799999999999994,1.5,-1.0300000000000002,-0.54,-1.2000000000000002,-1.5899999999999999,-0.5800000000000001,0.0,0.7000000000000002,-0.54,-1.1399999999999997,0.4500000000000002,0.4500000000000002,-1.2199999999999998,-1.2599999999999998,0.4900000000000002,-2.83,-1.5899999999999999,-0.9799999999999995,-1.42,0.4900000000000002,-1.1600000000000001,0.16000000000000014,-0.3799999999999999,-2.09,0.71,0.7800000000000002,1.6899999999999995,-0.28000000000000025,0.040000000000000036,-2.88,0.3700000000000001,-0.5800000000000001,0.6599999999999993,-2.87,-0.5999999999999996,-1.5300000000000002,-2.1100000000000003,-1.5099999999999998,-2.37,-2.2300000000000004,-1.9800000000000004,-1.87,-1.5999999999999996,-1.0499999999999998,-2.2,0.5599999999999996,0.5799999999999992,0.7999999999999998,-1.7300000000000004,-1.2400000000000002,-1.9000000000000004,-2.29,-1.2800000000000002,-0.7000000000000002,0.0,-1.2400000000000002,-1.8399999999999999,-0.25,-0.25,-1.92,-1.96,-0.20999999999999996,-3.5300000000000002,-2.29,-1.6799999999999997,-2.12,-0.20999999999999996,-1.8600000000000003,-0.54,-1.08,-2.79,0.009999999999999787,0.08000000000000007,0.9899999999999993,-0.9800000000000004,1.2800000000000002,-1.6399999999999997,1.6100000000000003,0.6600000000000001,1.8999999999999995,-1.63,0.6400000000000006,-0.29000000000000004,-0.8700000000000001,-0.2699999999999996,-1.13,-0.9900000000000002,-0.7400000000000002,-0.6299999999999999,-0.35999999999999943,0.1900000000000004,-0.96,1.7999999999999998,1.8199999999999994,2.04,-0.4900000000000002,0.0,-0.6600000000000001,-1.0499999999999998,-0.040000000000000036,0.54,1.2400000000000002,0.0,-0.5999999999999996,0.9900000000000002,0.9900000000000002,-0.6799999999999997,-0.7199999999999998,1.0300000000000002,-2.29,-1.0499999999999998,-0.4399999999999995,-0.8799999999999999,1.0300000000000002,-0.6200000000000001,0.7000000000000002,0.16000000000000014,-1.5499999999999998,1.25,1.3200000000000003,2.2299999999999995,0.2599999999999998,1.88,-1.04,2.21,1.2599999999999998,2.499999999999999,-1.0300000000000002,1.2400000000000002,0.3099999999999996,-0.27000000000000046,0.33000000000000007,-0.5300000000000002,-0.39000000000000057,-0.14000000000000057,-0.03000000000000025,0.2400000000000002,0.79,-0.3600000000000003,2.3999999999999995,2.419999999999999,2.6399999999999997,0.10999999999999943,0.5999999999999996,-0.0600000000000005,-0.4500000000000002,0.5599999999999996,1.1399999999999997,1.8399999999999999,0.5999999999999996,0.0,1.5899999999999999,1.5899999999999999,-0.08000000000000007,-0.1200000000000001,1.63,-1.6900000000000004,-0.4500000000000002,0.16000000000000014,-0.28000000000000025,1.63,-0.020000000000000462,1.2999999999999998,0.7599999999999998,-0.9500000000000002,1.8499999999999996,1.92,2.829999999999999,0.8599999999999994,0.29000000000000004,-2.63,0.6200000000000001,-0.33000000000000007,0.9099999999999993,-2.62,-0.34999999999999964,-1.2800000000000002,-1.8600000000000003,-1.2599999999999998,-2.12,-1.9800000000000004,-1.7300000000000004,-1.62,-1.3499999999999996,-0.7999999999999998,-1.9500000000000002,0.8099999999999996,0.8299999999999992,1.0499999999999998,-1.4800000000000004,-0.9900000000000002,-1.6500000000000004,-2.04,-1.0300000000000002,-0.4500000000000002,0.25,-0.9900000000000002,-1.5899999999999999,0.0,0.0,-1.67,-1.71,0.040000000000000036,-3.2800000000000002,-2.04,-1.4299999999999997,-1.87,0.040000000000000036,-1.6100000000000003,-0.29000000000000004,-0.8300000000000001,-2.54,0.2599999999999998,0.33000000000000007,1.2399999999999993,-0.7300000000000004,0.29000000000000004,-2.63,0.6200000000000001,-0.33000000000000007,0.9099999999999993,-2.62,-0.34999999999999964,-1.2800000000000002,-1.8600000000000003,-1.2599999999999998,-2.12,-1.9800000000000004,-1.7300000000000004,-1.62,-1.3499999999999996,-0.7999999999999998,-1.9500000000000002,0.8099999999999996,0.8299999999999992,1.0499999999999998,-1.4800000000000004,-0.9900000000000002,-1.6500000000000004,-2.04,-1.0300000000000002,-0.4500000000000002,0.25,-0.9900000000000002,-1.5899999999999999,0.0,0.0,-1.67,-1.71,0.040000000000000036,-3.2800000000000002,-2.04,-1.4299999999999997,-1.87,0.040000000000000036,-1.6100000000000003,-0.29000000000000004,-0.8300000000000001,-2.54,0.2599999999999998,0.33000000000000007,1.2399999999999993,-0.7300000000000004,1.96,-0.96,2.29,1.3399999999999999,2.579999999999999,-0.9500000000000002,1.3200000000000003,0.3899999999999997,-0.1900000000000004,0.41000000000000014,-0.4500000000000002,-0.3100000000000005,-0.0600000000000005,0.04999999999999982,0.3200000000000003,0.8700000000000001,-0.28000000000000025,2.4799999999999995,2.499999999999999,2.7199999999999998,0.1899999999999995,0.6799999999999997,0.019999999999999574,-0.3700000000000001,0.6399999999999997,1.2199999999999998,1.92,0.6799999999999997,0.08000000000000007,1.67,1.67,0.0,-0.040000000000000036,1.71,-1.6100000000000003,-0.3700000000000001,0.2400000000000002,-0.20000000000000018,1.71,0.05999999999999961,1.38,0.8399999999999999,-0.8700000000000001,1.9299999999999997,2.0,2.9099999999999993,0.9399999999999995,2.0,-0.9199999999999999,2.33,1.38,2.619999999999999,-0.9100000000000001,1.3600000000000003,0.4299999999999997,-0.15000000000000036,0.4500000000000002,-0.41000000000000014,-0.27000000000000046,-0.020000000000000462,0.08999999999999986,0.3600000000000003,0.9100000000000001,-0.2400000000000002,2.5199999999999996,2.539999999999999,2.76,0.22999999999999954,0.7199999999999998,0.05999999999999961,-0.33000000000000007,0.6799999999999997,1.2599999999999998,1.96,0.7199999999999998,0.1200000000000001,1.71,1.71,0.040000000000000036,0.0,1.75,-1.5700000000000003,-0.33000000000000007,0.28000000000000025,-0.16000000000000014,1.75,0.09999999999999964,1.42,0.8799999999999999,-0.8300000000000001,1.9699999999999998,2.04,2.9499999999999993,0.9799999999999995,0.25,-2.67,0.5800000000000001,-0.3700000000000001,0.8699999999999992,-2.66,-0.3899999999999997,-1.3200000000000003,-1.9000000000000004,-1.2999999999999998,-2.16,-2.0200000000000005,-1.7700000000000005,-1.6600000000000001,-1.3899999999999997,-0.8399999999999999,-1.9900000000000002,0.7699999999999996,0.7899999999999991,1.0099999999999998,-1.5200000000000005,-1.0300000000000002,-1.6900000000000004,-2.08,-1.0700000000000003,-0.4900000000000002,0.20999999999999996,-1.0300000000000002,-1.63,-0.040000000000000036,-0.040000000000000036,-1.71,-1.75,0.0,-3.3200000000000003,-2.08,-1.4699999999999998,-1.9100000000000001,0.0,-1.6500000000000004,-0.33000000000000007,-0.8700000000000001,-2.58,0.21999999999999975,0.29000000000000004,1.1999999999999993,-0.7700000000000005,3.5700000000000003,0.6500000000000004,3.9000000000000004,2.95,4.1899999999999995,0.6600000000000001,2.9300000000000006,2.0,1.42,2.0200000000000005,1.1600000000000001,1.2999999999999998,1.5499999999999998,1.6600000000000001,1.9300000000000006,2.4800000000000004,1.33,4.09,4.109999999999999,4.33,1.7999999999999998,2.29,1.63,1.2400000000000002,2.25,2.83,3.5300000000000002,2.29,1.6900000000000004,3.2800000000000002,3.2800000000000002,1.6100000000000003,1.5700000000000003,3.3200000000000003,0.0,1.2400000000000002,1.8500000000000005,1.4100000000000001,3.3200000000000003,1.67,2.99,2.45,0.7400000000000002,3.54,3.6100000000000003,4.52,2.55,2.33,-0.5899999999999999,2.66,1.71,2.9499999999999993,-0.5800000000000001,1.6900000000000004,0.7599999999999998,0.17999999999999972,0.7800000000000002,-0.08000000000000007,0.05999999999999961,0.3099999999999996,0.41999999999999993,0.6900000000000004,1.2400000000000002,0.08999999999999986,2.8499999999999996,2.869999999999999,3.09,0.5599999999999996,1.0499999999999998,0.3899999999999997,0.0,1.0099999999999998,1.5899999999999999,2.29,1.0499999999999998,0.4500000000000002,2.04,2.04,0.3700000000000001,0.33000000000000007,2.08,-1.2400000000000002,0.0,0.6100000000000003,0.16999999999999993,2.08,0.4299999999999997,1.75,1.21,-0.5,2.3,2.37,3.2799999999999994,1.3099999999999996,1.7199999999999998,-1.2000000000000002,2.05,1.0999999999999996,2.339999999999999,-1.1900000000000004,1.08,0.14999999999999947,-0.4300000000000006,0.16999999999999993,-0.6900000000000004,-0.5500000000000007,-0.3000000000000007,-0.1900000000000004,0.08000000000000007,0.6299999999999999,-0.5200000000000005,2.2399999999999993,2.259999999999999,2.4799999999999995,-0.05000000000000071,0.4399999999999995,-0.22000000000000064,-0.6100000000000003,0.39999999999999947,0.9799999999999995,1.6799999999999997,0.4399999999999995,-0.16000000000000014,1.4299999999999997,1.4299999999999997,-0.2400000000000002,-0.28000000000000025,1.4699999999999998,-1.8500000000000005,-0.6100000000000003,0.0,-0.4400000000000004,1.4699999999999998,-0.1800000000000006,1.1399999999999997,0.5999999999999996,-1.1100000000000003,1.6899999999999995,1.7599999999999998,2.669999999999999,0.6999999999999993,2.16,-0.7599999999999998,2.49,1.54,2.7799999999999994,-0.75,1.5200000000000005,0.5899999999999999,0.009999999999999787,0.6100000000000003,-0.25,-0.11000000000000032,0.13999999999999968,0.25,0.5200000000000005,1.0700000000000003,-0.08000000000000007,2.6799999999999997,2.6999999999999993,2.92,0.3899999999999997,0.8799999999999999,0.21999999999999975,-0.16999999999999993,0.8399999999999999,1.42,2.12,0.8799999999999999,0.28000000000000025,1.87,1.87,0.20000000000000018,0.16000000000000014,1.9100000000000001,-1.4100000000000001,-0.16999999999999993,0.4400000000000004,0.0,1.9100000000000001,0.2599999999999998,1.58,1.04,-0.6699999999999999,2.13,2.2,3.1099999999999994,1.1399999999999997,0.25,-2.67,0.5800000000000001,-0.3700000000000001,0.8699999999999992,-2.66,-0.3899999999999997,-1.3200000000000003,-1.9000000000000004,-1.2999999999999998,-2.16,-2.0200000000000005,-1.7700000000000005,-1.6600000000000001,-1.3899999999999997,-0.8399999999999999,-1.9900000000000002,0.7699999999999996,0.7899999999999991,1.0099999999999998,-1.5200000000000005,-1.0300000000000002,-1.6900000000000004,-2.08,-1.0700000000000003,-0.4900000000000002,0.20999999999999996,-1.0300000000000002,-1.63,-0.040000000000000036,-0.040000000000000036,-1.71,-1.75,0.0,-3.3200000000000003,-2.08,-1.4699999999999998,-1.9100000000000001,0.0,-1.6500000000000004,-0.33000000000000007,-0.8700000000000001,-2.58,0.21999999999999975,0.29000000000000004,1.1999999999999993,-0.7700000000000005,1.9000000000000004,-1.0199999999999996,2.2300000000000004,1.2800000000000002,2.5199999999999996,-1.0099999999999998,1.2600000000000007,0.33000000000000007,-0.25,0.35000000000000053,-0.5099999999999998,-0.3700000000000001,-0.1200000000000001,-0.009999999999999787,0.2600000000000007,0.8100000000000005,-0.33999999999999986,2.42,2.4399999999999995,2.66,0.1299999999999999,0.6200000000000001,-0.040000000000000036,-0.4299999999999997,0.5800000000000001,1.1600000000000001,1.8600000000000003,0.6200000000000001,0.020000000000000462,1.6100000000000003,1.6100000000000003,-0.05999999999999961,-0.09999999999999964,1.6500000000000004,-1.67,-0.4299999999999997,0.1800000000000006,-0.2599999999999998,1.6500000000000004,0.0,1.3200000000000003,0.7800000000000002,-0.9299999999999997,1.87,1.9400000000000004,2.8499999999999996,0.8799999999999999,0.5800000000000001,-2.34,0.9100000000000001,-0.040000000000000036,1.1999999999999993,-2.33,-0.05999999999999961,-0.9900000000000002,-1.5700000000000003,-0.9699999999999998,-1.83,-1.6900000000000004,-1.4400000000000004,-1.33,-1.0599999999999996,-0.5099999999999998,-1.6600000000000001,1.0999999999999996,1.1199999999999992,1.3399999999999999,-1.1900000000000004,-0.7000000000000002,-1.3600000000000003,-1.75,-0.7400000000000002,-0.16000000000000014,0.54,-0.7000000000000002,-1.2999999999999998,0.29000000000000004,0.29000000000000004,-1.38,-1.42,0.33000000000000007,-2.99,-1.75,-1.1399999999999997,-1.58,0.33000000000000007,-1.3200000000000003,0.0,-0.54,-2.25,0.5499999999999998,0.6200000000000001,1.5299999999999994,-0.4400000000000004,1.12,-1.7999999999999998,1.4500000000000002,0.5,1.7399999999999993,-1.79,0.4800000000000004,-0.4500000000000002,-1.0300000000000002,-0.4299999999999997,-1.29,-1.1500000000000004,-0.9000000000000004,-0.79,-0.5199999999999996,0.03000000000000025,-1.12,1.6399999999999997,1.6599999999999993,1.88,-0.6500000000000004,-0.16000000000000014,-0.8200000000000003,-1.21,-0.20000000000000018,0.3799999999999999,1.08,-0.16000000000000014,-0.7599999999999998,0.8300000000000001,0.8300000000000001,-0.8399999999999999,-0.8799999999999999,0.8700000000000001,-2.45,-1.21,-0.5999999999999996,-1.04,0.8700000000000001,-0.7800000000000002,0.54,0.0,-1.71,1.0899999999999999,1.1600000000000001,2.0699999999999994,0.09999999999999964,2.83,-0.08999999999999986,3.16,2.21,3.4499999999999993,-0.08000000000000007,2.1900000000000004,1.2599999999999998,0.6799999999999997,1.2800000000000002,0.41999999999999993,0.5599999999999996,0.8099999999999996,0.9199999999999999,1.1900000000000004,1.7400000000000002,0.5899999999999999,3.3499999999999996,3.369999999999999,3.59,1.0599999999999996,1.5499999999999998,0.8899999999999997,0.5,1.5099999999999998,2.09,2.79,1.5499999999999998,0.9500000000000002,2.54,2.54,0.8700000000000001,0.8300000000000001,2.58,-0.7400000000000002,0.5,1.1100000000000003,0.6699999999999999,2.58,0.9299999999999997,2.25,1.71,0.0,2.8,2.87,3.7799999999999994,1.8099999999999996,0.03000000000000025,-2.8899999999999997,0.3600000000000003,-0.5899999999999999,0.6499999999999995,-2.88,-0.6099999999999994,-1.54,-2.12,-1.5199999999999996,-2.38,-2.24,-1.9900000000000002,-1.88,-1.6099999999999994,-1.0599999999999996,-2.21,0.5499999999999998,0.5699999999999994,0.79,-1.7400000000000002,-1.25,-1.9100000000000001,-2.3,-1.29,-0.71,-0.009999999999999787,-1.25,-1.8499999999999996,-0.2599999999999998,-0.2599999999999998,-1.9299999999999997,-1.9699999999999998,-0.21999999999999975,-3.54,-2.3,-1.6899999999999995,-2.13,-0.21999999999999975,-1.87,-0.5499999999999998,-1.0899999999999999,-2.8,0.0,0.07000000000000028,0.9799999999999995,-0.9900000000000002,-0.040000000000000036,-2.96,0.29000000000000004,-0.6600000000000001,0.5799999999999992,-2.95,-0.6799999999999997,-1.6100000000000003,-2.1900000000000004,-1.5899999999999999,-2.45,-2.3100000000000005,-2.0600000000000005,-1.9500000000000002,-1.6799999999999997,-1.13,-2.2800000000000002,0.47999999999999954,0.4999999999999991,0.7199999999999998,-1.8100000000000005,-1.3200000000000003,-1.9800000000000004,-2.37,-1.3600000000000003,-0.7800000000000002,-0.08000000000000007,-1.3200000000000003,-1.92,-0.33000000000000007,-0.33000000000000007,-2.0,-2.04,-0.29000000000000004,-3.6100000000000003,-2.37,-1.7599999999999998,-2.2,-0.29000000000000004,-1.9400000000000004,-0.6200000000000001,-1.1600000000000001,-2.87,-0.07000000000000028,0.0,0.9099999999999993,-1.0600000000000005,-0.9499999999999993,-3.869999999999999,-0.6199999999999992,-1.5699999999999994,-0.33000000000000007,-3.8599999999999994,-1.589999999999999,-2.5199999999999996,-3.0999999999999996,-2.499999999999999,-3.3599999999999994,-3.2199999999999998,-2.9699999999999998,-2.8599999999999994,-2.589999999999999,-2.039999999999999,-3.1899999999999995,-0.4299999999999997,-0.41000000000000014,-0.1899999999999995,-2.7199999999999998,-2.2299999999999995,-2.8899999999999997,-3.2799999999999994,-2.2699999999999996,-1.6899999999999995,-0.9899999999999993,-2.2299999999999995,-2.829999999999999,-1.2399999999999993,-1.2399999999999993,-2.9099999999999993,-2.9499999999999993,-1.1999999999999993,-4.52,-3.2799999999999994,-2.669999999999999,-3.1099999999999994,-1.1999999999999993,-2.8499999999999996,-1.5299999999999994,-2.0699999999999994,-3.7799999999999994,-0.9799999999999995,-0.9099999999999993,0.0,-1.9699999999999998,1.0200000000000005,-1.8999999999999995,1.3500000000000005,0.40000000000000036,1.6399999999999997,-1.8899999999999997,0.3800000000000008,-0.5499999999999998,-1.13,-0.5299999999999994,-1.3899999999999997,-1.25,-1.0,-0.8899999999999997,-0.6199999999999992,-0.0699999999999994,-1.2199999999999998,1.54,1.5599999999999996,1.7800000000000002,-0.75,-0.2599999999999998,-0.9199999999999999,-1.3099999999999996,-0.2999999999999998,0.28000000000000025,0.9800000000000004,-0.2599999999999998,-0.8599999999999994,0.7300000000000004,0.7300000000000004,-0.9399999999999995,-0.9799999999999995,0.7700000000000005,-2.55,-1.3099999999999996,-0.6999999999999993,-1.1399999999999997,0.7700000000000005,-0.8799999999999999,0.4400000000000004,-0.09999999999999964,-1.8099999999999996,0.9900000000000002,1.0600000000000005,1.9699999999999998,0.0,0.0,-1.0099999999999998,0.4800000000000004,0.27000000000000046,0.5899999999999999,1.38,1.7700000000000005,-0.009999999999999787,0.4900000000000002,1.0600000000000005,1.9100000000000001,2.8900000000000006,2.2200000000000006,3.99,1.0899999999999999,1.29,0.96,1.38,0.8000000000000007,1.1600000000000001,0.41000000000000014,0.0600000000000005,2.59,0.10000000000000053,0.7600000000000007,2.6900000000000004,3.8000000000000007,0.6100000000000003,-0.6099999999999994,0.16000000000000014,2.37,3.460000000000001,0.8300000000000001,0.14000000000000057,0.28000000000000025,1.29,2.2200000000000006,-0.71,1.2800000000000002,0.20999999999999996,0.5300000000000002,0.7600000000000007,0.6699999999999999,0.8200000000000003,2.0,0.010000000000000675,2.2600000000000007,1.0099999999999998,0.0,1.4900000000000002,1.2800000000000002,1.5999999999999996,2.3899999999999997,2.7800000000000002,1.0,1.5,2.0700000000000003,2.92,3.9000000000000004,3.2300000000000004,5.0,2.0999999999999996,2.3,1.9699999999999998,2.3899999999999997,1.8100000000000005,2.17,1.42,1.0700000000000003,3.5999999999999996,1.1100000000000003,1.7700000000000005,3.7,4.8100000000000005,1.62,0.40000000000000036,1.17,3.38,4.470000000000001,1.8399999999999999,1.1500000000000004,1.29,2.3,3.2300000000000004,0.2999999999999998,2.29,1.2199999999999998,1.54,1.7700000000000005,1.6799999999999997,1.83,3.01,1.0200000000000005,3.2700000000000005,-0.4800000000000004,-1.4900000000000002,0.0,-0.20999999999999996,0.10999999999999943,0.8999999999999995,1.29,-0.4900000000000002,0.009999999999999787,0.5800000000000001,1.4299999999999997,2.41,1.7400000000000002,3.51,0.6099999999999994,0.8099999999999996,0.47999999999999954,0.8999999999999995,0.3200000000000003,0.6799999999999997,-0.07000000000000028,-0.41999999999999993,2.1099999999999994,-0.3799999999999999,0.28000000000000025,2.21,3.3200000000000003,0.1299999999999999,-1.0899999999999999,-0.3200000000000003,1.8899999999999997,2.9800000000000004,0.34999999999999964,-0.33999999999999986,-0.20000000000000018,0.8099999999999996,1.7400000000000002,-1.1900000000000004,0.7999999999999998,-0.27000000000000046,0.04999999999999982,0.28000000000000025,0.1899999999999995,0.33999999999999986,1.5199999999999996,-0.46999999999999975,1.7800000000000002,-0.27000000000000046,-1.2800000000000002,0.20999999999999996,0.0,0.3199999999999994,1.1099999999999994,1.5,-0.28000000000000025,0.21999999999999975,0.79,1.6399999999999997,2.62,1.9500000000000002,3.7199999999999998,0.8199999999999994,1.0199999999999996,0.6899999999999995,1.1099999999999994,0.5300000000000002,0.8899999999999997,0.13999999999999968,-0.20999999999999996,2.3199999999999994,-0.16999999999999993,0.4900000000000002,2.42,3.5300000000000002,0.33999999999999986,-0.8799999999999999,-0.11000000000000032,2.0999999999999996,3.1900000000000004,0.5599999999999996,-0.1299999999999999,0.009999999999999787,1.0199999999999996,1.9500000000000002,-0.9800000000000004,1.0099999999999998,-0.0600000000000005,0.2599999999999998,0.4900000000000002,0.39999999999999947,0.5499999999999998,1.7299999999999995,-0.2599999999999998,1.9900000000000002,-0.5899999999999999,-1.5999999999999996,-0.10999999999999943,-0.3199999999999994,0.0,0.79,1.1800000000000006,-0.5999999999999996,-0.09999999999999964,0.47000000000000064,1.3200000000000003,2.3000000000000007,1.6300000000000008,3.4000000000000004,0.5,0.7000000000000002,0.3700000000000001,0.79,0.21000000000000085,0.5700000000000003,-0.17999999999999972,-0.5299999999999994,2.0,-0.4899999999999993,0.17000000000000082,2.1000000000000005,3.210000000000001,0.020000000000000462,-1.1999999999999993,-0.4299999999999997,1.7800000000000002,2.870000000000001,0.2400000000000002,-0.4499999999999993,-0.3099999999999996,0.7000000000000002,1.6300000000000008,-1.2999999999999998,0.6900000000000004,-0.3799999999999999,-0.05999999999999961,0.17000000000000082,0.08000000000000007,0.23000000000000043,1.4100000000000001,-0.5799999999999992,1.6700000000000008,-1.38,-2.3899999999999997,-0.8999999999999995,-1.1099999999999994,-0.79,0.0,0.39000000000000057,-1.3899999999999997,-0.8899999999999997,-0.3199999999999994,0.5300000000000002,1.5100000000000007,0.8400000000000007,2.6100000000000003,-0.29000000000000004,-0.08999999999999986,-0.41999999999999993,0.0,-0.5799999999999992,-0.21999999999999975,-0.9699999999999998,-1.3199999999999994,1.21,-1.2799999999999994,-0.6199999999999992,1.3100000000000005,2.420000000000001,-0.7699999999999996,-1.9899999999999993,-1.2199999999999998,0.9900000000000002,2.080000000000001,-0.5499999999999998,-1.2399999999999993,-1.0999999999999996,-0.08999999999999986,0.8400000000000007,-2.09,-0.09999999999999964,-1.17,-0.8499999999999996,-0.6199999999999992,-0.71,-0.5599999999999996,0.6200000000000001,-1.3699999999999992,0.8800000000000008,-1.7700000000000005,-2.7800000000000002,-1.29,-1.5,-1.1800000000000006,-0.39000000000000057,0.0,-1.7800000000000002,-1.2800000000000002,-0.71,0.13999999999999968,1.12,0.4500000000000002,2.2199999999999998,-0.6800000000000006,-0.4800000000000004,-0.8100000000000005,-0.39000000000000057,-0.9699999999999998,-0.6100000000000003,-1.3600000000000003,-1.71,0.8199999999999994,-1.67,-1.0099999999999998,0.9199999999999999,2.0300000000000002,-1.1600000000000001,-2.38,-1.6100000000000003,0.5999999999999996,1.6900000000000004,-0.9400000000000004,-1.63,-1.4900000000000002,-0.4800000000000004,0.4500000000000002,-2.4800000000000004,-0.4900000000000002,-1.5600000000000005,-1.2400000000000002,-1.0099999999999998,-1.1000000000000005,-0.9500000000000002,0.22999999999999954,-1.7599999999999998,0.4900000000000002,0.009999999999999787,-1.0,0.4900000000000002,0.28000000000000025,0.5999999999999996,1.3899999999999997,1.7800000000000002,0.0,0.5,1.0700000000000003,1.92,2.9000000000000004,2.2300000000000004,4.0,1.0999999999999996,1.2999999999999998,0.9699999999999998,1.3899999999999997,0.8100000000000005,1.17,0.41999999999999993,0.07000000000000028,2.5999999999999996,0.11000000000000032,0.7700000000000005,2.7,3.8100000000000005,0.6200000000000001,-0.5999999999999996,0.16999999999999993,2.38,3.4700000000000006,0.8399999999999999,0.15000000000000036,0.29000000000000004,1.2999999999999998,2.2300000000000004,-0.7000000000000002,1.29,0.21999999999999975,0.54,0.7700000000000005,0.6799999999999997,0.8300000000000001,2.01,0.020000000000000462,2.2700000000000005,-0.4900000000000002,-1.5,-0.009999999999999787,-0.21999999999999975,0.09999999999999964,0.8899999999999997,1.2800000000000002,-0.5,0.0,0.5700000000000003,1.42,2.4000000000000004,1.7300000000000004,3.5,0.5999999999999996,0.7999999999999998,0.46999999999999975,0.8899999999999997,0.3100000000000005,0.6699999999999999,-0.08000000000000007,-0.4299999999999997,2.0999999999999996,-0.3899999999999997,0.27000000000000046,2.2,3.3100000000000005,0.1200000000000001,-1.0999999999999996,-0.33000000000000007,1.88,2.9700000000000006,0.33999999999999986,-0.34999999999999964,-0.20999999999999996,0.7999999999999998,1.7300000000000004,-1.2000000000000002,0.79,-0.28000000000000025,0.040000000000000036,0.27000000000000046,0.17999999999999972,0.33000000000000007,1.5099999999999998,-0.47999999999999954,1.7700000000000005,-1.0600000000000005,-2.0700000000000003,-0.5800000000000001,-0.79,-0.47000000000000064,0.3199999999999994,0.71,-1.0700000000000003,-0.5700000000000003,0.0,0.8499999999999996,1.83,1.1600000000000001,2.9299999999999997,0.02999999999999936,0.22999999999999954,-0.10000000000000053,0.3199999999999994,-0.2599999999999998,0.09999999999999964,-0.6500000000000004,-1.0,1.5299999999999994,-0.96,-0.2999999999999998,1.63,2.74,-0.4500000000000002,-1.67,-0.9000000000000004,1.3099999999999996,2.4000000000000004,-0.23000000000000043,-0.9199999999999999,-0.7800000000000002,0.22999999999999954,1.1600000000000001,-1.7700000000000005,0.21999999999999975,-0.8500000000000005,-0.5300000000000002,-0.2999999999999998,-0.39000000000000057,-0.2400000000000002,0.9399999999999995,-1.0499999999999998,1.2000000000000002,-1.9100000000000001,-2.92,-1.4299999999999997,-1.6399999999999997,-1.3200000000000003,-0.5300000000000002,-0.13999999999999968,-1.92,-1.42,-0.8499999999999996,0.0,0.9800000000000004,0.3100000000000005,2.08,-0.8200000000000003,-0.6200000000000001,-0.9500000000000002,-0.5300000000000002,-1.1099999999999994,-0.75,-1.5,-1.8499999999999996,0.6799999999999997,-1.8099999999999996,-1.1499999999999995,0.7800000000000002,1.8900000000000006,-1.2999999999999998,-2.5199999999999996,-1.75,0.45999999999999996,1.5500000000000007,-1.08,-1.7699999999999996,-1.63,-0.6200000000000001,0.3100000000000005,-2.62,-0.6299999999999999,-1.7000000000000002,-1.38,-1.1499999999999995,-1.2400000000000002,-1.0899999999999999,0.08999999999999986,-1.8999999999999995,0.35000000000000053,-2.8900000000000006,-3.9000000000000004,-2.41,-2.62,-2.3000000000000007,-1.5100000000000007,-1.12,-2.9000000000000004,-2.4000000000000004,-1.83,-0.9800000000000004,0.0,-0.6699999999999999,1.0999999999999996,-1.8000000000000007,-1.6000000000000005,-1.9300000000000006,-1.5100000000000007,-2.09,-1.7300000000000004,-2.4800000000000004,-2.83,-0.3000000000000007,-2.79,-2.13,-0.20000000000000018,0.9100000000000001,-2.2800000000000002,-3.5,-2.7300000000000004,-0.5200000000000005,0.5700000000000003,-2.0600000000000005,-2.75,-2.6100000000000003,-1.6000000000000005,-0.6699999999999999,-3.6000000000000005,-1.6100000000000003,-2.6800000000000006,-2.3600000000000003,-2.13,-2.2200000000000006,-2.0700000000000003,-0.8900000000000006,-2.88,-0.6299999999999999,-2.2200000000000006,-3.2300000000000004,-1.7400000000000002,-1.9500000000000002,-1.6300000000000008,-0.8400000000000007,-0.4500000000000002,-2.2300000000000004,-1.7300000000000004,-1.1600000000000001,-0.3100000000000005,0.6699999999999999,0.0,1.7699999999999996,-1.1300000000000008,-0.9300000000000006,-1.2600000000000007,-0.8400000000000007,-1.42,-1.0600000000000005,-1.8100000000000005,-2.16,0.3699999999999992,-2.12,-1.46,0.46999999999999975,1.58,-1.6100000000000003,-2.83,-2.0600000000000005,0.14999999999999947,1.2400000000000002,-1.3900000000000006,-2.08,-1.9400000000000004,-0.9300000000000006,0.0,-2.9300000000000006,-0.9400000000000004,-2.0100000000000007,-1.6900000000000004,-1.46,-1.5500000000000007,-1.4000000000000004,-0.22000000000000064,-2.21,0.040000000000000036,-3.99,-5.0,-3.51,-3.7199999999999998,-3.4000000000000004,-2.6100000000000003,-2.2199999999999998,-4.0,-3.5,-2.9299999999999997,-2.08,-1.0999999999999996,-1.7699999999999996,0.0,-2.9000000000000004,-2.7,-3.0300000000000002,-2.6100000000000003,-3.1899999999999995,-2.83,-3.58,-3.9299999999999997,-1.4000000000000004,-3.8899999999999997,-3.2299999999999995,-1.2999999999999998,-0.1899999999999995,-3.38,-4.6,-3.83,-1.62,-0.5299999999999994,-3.16,-3.8499999999999996,-3.71,-2.7,-1.7699999999999996,-4.7,-2.71,-3.7800000000000002,-3.46,-3.2299999999999995,-3.3200000000000003,-3.17,-1.9900000000000002,-3.9799999999999995,-1.7299999999999995,-1.0899999999999999,-2.0999999999999996,-0.6099999999999994,-0.8199999999999994,-0.5,0.29000000000000004,0.6800000000000006,-1.0999999999999996,-0.5999999999999996,-0.02999999999999936,0.8200000000000003,1.8000000000000007,1.1300000000000008,2.9000000000000004,0.0,0.20000000000000018,-0.1299999999999999,0.29000000000000004,-0.28999999999999915,0.07000000000000028,-0.6799999999999997,-1.0299999999999994,1.5,-0.9899999999999993,-0.3299999999999992,1.6000000000000005,2.710000000000001,-0.47999999999999954,-1.6999999999999993,-0.9299999999999997,1.2800000000000002,2.370000000000001,-0.2599999999999998,-0.9499999999999993,-0.8099999999999996,0.20000000000000018,1.1300000000000008,-1.7999999999999998,0.1900000000000004,-0.8799999999999999,-0.5599999999999996,-0.3299999999999992,-0.41999999999999993,-0.2699999999999996,0.9100000000000001,-1.0799999999999992,1.1700000000000008,-1.29,-2.3,-0.8099999999999996,-1.0199999999999996,-0.7000000000000002,0.08999999999999986,0.4800000000000004,-1.2999999999999998,-0.7999999999999998,-0.22999999999999954,0.6200000000000001,1.6000000000000005,0.9300000000000006,2.7,-0.20000000000000018,0.0,-0.33000000000000007,0.08999999999999986,-0.4899999999999993,-0.1299999999999999,-0.8799999999999999,-1.2299999999999995,1.2999999999999998,-1.1899999999999995,-0.5299999999999994,1.4000000000000004,2.5100000000000007,-0.6799999999999997,-1.8999999999999995,-1.13,1.08,2.170000000000001,-0.45999999999999996,-1.1499999999999995,-1.0099999999999998,0.0,0.9300000000000006,-2.0,-0.009999999999999787,-1.08,-0.7599999999999998,-0.5299999999999994,-0.6200000000000001,-0.46999999999999975,0.71,-1.2799999999999994,0.9700000000000006,-0.96,-1.9699999999999998,-0.47999999999999954,-0.6899999999999995,-0.3700000000000001,0.41999999999999993,0.8100000000000005,-0.9699999999999998,-0.46999999999999975,0.10000000000000053,0.9500000000000002,1.9300000000000006,1.2600000000000007,3.0300000000000002,0.1299999999999999,0.33000000000000007,0.0,0.41999999999999993,-0.15999999999999925,0.20000000000000018,-0.5499999999999998,-0.8999999999999995,1.63,-0.8599999999999994,-0.1999999999999993,1.7300000000000004,2.8400000000000007,-0.34999999999999964,-1.5699999999999994,-0.7999999999999998,1.4100000000000001,2.500000000000001,-0.1299999999999999,-0.8199999999999994,-0.6799999999999997,0.33000000000000007,1.2600000000000007,-1.67,0.3200000000000003,-0.75,-0.4299999999999997,-0.1999999999999993,-0.29000000000000004,-0.13999999999999968,1.04,-0.9499999999999993,1.3000000000000007,-1.38,-2.3899999999999997,-0.8999999999999995,-1.1099999999999994,-0.79,0.0,0.39000000000000057,-1.3899999999999997,-0.8899999999999997,-0.3199999999999994,0.5300000000000002,1.5100000000000007,0.8400000000000007,2.6100000000000003,-0.29000000000000004,-0.08999999999999986,-0.41999999999999993,0.0,-0.5799999999999992,-0.21999999999999975,-0.9699999999999998,-1.3199999999999994,1.21,-1.2799999999999994,-0.6199999999999992,1.3100000000000005,2.420000000000001,-0.7699999999999996,-1.9899999999999993,-1.2199999999999998,0.9900000000000002,2.080000000000001,-0.5499999999999998,-1.2399999999999993,-1.0999999999999996,-0.08999999999999986,0.8400000000000007,-2.09,-0.09999999999999964,-1.17,-0.8499999999999996,-0.6199999999999992,-0.71,-0.5599999999999996,0.6200000000000001,-1.3699999999999992,0.8800000000000008,-0.8000000000000007,-1.8100000000000005,-0.3200000000000003,-0.5300000000000002,-0.21000000000000085,0.5799999999999992,0.9699999999999998,-0.8100000000000005,-0.3100000000000005,0.2599999999999998,1.1099999999999994,2.09,1.42,3.1899999999999995,0.28999999999999915,0.4899999999999993,0.15999999999999925,0.5799999999999992,0.0,0.35999999999999943,-0.39000000000000057,-0.7400000000000002,1.7899999999999991,-0.7000000000000002,-0.040000000000000036,1.8899999999999997,3.0,-0.1900000000000004,-1.4100000000000001,-0.6400000000000006,1.5699999999999994,2.66,0.02999999999999936,-0.6600000000000001,-0.5200000000000005,0.4899999999999993,1.42,-1.5100000000000007,0.47999999999999954,-0.5900000000000007,-0.27000000000000046,-0.040000000000000036,-0.13000000000000078,0.019999999999999574,1.1999999999999993,-0.79,1.46,-1.1600000000000001,-2.17,-0.6799999999999997,-0.8899999999999997,-0.5700000000000003,0.21999999999999975,0.6100000000000003,-1.17,-0.6699999999999999,-0.09999999999999964,0.75,1.7300000000000004,1.0600000000000005,2.83,-0.07000000000000028,0.1299999999999999,-0.20000000000000018,0.21999999999999975,-0.35999999999999943,0.0,-0.75,-1.0999999999999996,1.4299999999999997,-1.0599999999999996,-0.39999999999999947,1.5300000000000002,2.6400000000000006,-0.5499999999999998,-1.7699999999999996,-1.0,1.21,2.3000000000000007,-0.33000000000000007,-1.0199999999999996,-0.8799999999999999,0.1299999999999999,1.0600000000000005,-1.87,0.1200000000000001,-0.9500000000000002,-0.6299999999999999,-0.39999999999999947,-0.4900000000000002,-0.33999999999999986,0.8399999999999999,-1.1499999999999995,1.1000000000000005,-0.41000000000000014,-1.42,0.07000000000000028,-0.13999999999999968,0.17999999999999972,0.9699999999999998,1.3600000000000003,-0.41999999999999993,0.08000000000000007,0.6500000000000004,1.5,2.4800000000000004,1.8100000000000005,3.58,0.6799999999999997,0.8799999999999999,0.5499999999999998,0.9699999999999998,0.39000000000000057,0.75,0.0,-0.34999999999999964,2.1799999999999997,-0.3099999999999996,0.35000000000000053,2.2800000000000002,3.3900000000000006,0.20000000000000018,-1.0199999999999996,-0.25,1.96,3.0500000000000007,0.41999999999999993,-0.2699999999999996,-0.1299999999999999,0.8799999999999999,1.8100000000000005,-1.12,0.8700000000000001,-0.20000000000000018,0.1200000000000001,0.35000000000000053,0.2599999999999998,0.41000000000000014,1.5899999999999999,-0.39999999999999947,1.8500000000000005,-0.0600000000000005,-1.0700000000000003,0.41999999999999993,0.20999999999999996,0.5299999999999994,1.3199999999999994,1.71,-0.07000000000000028,0.4299999999999997,1.0,1.8499999999999996,2.83,2.16,3.9299999999999997,1.0299999999999994,1.2299999999999995,0.8999999999999995,1.3199999999999994,0.7400000000000002,1.0999999999999996,0.34999999999999964,0.0,2.5299999999999994,0.040000000000000036,0.7000000000000002,2.63,3.74,0.5499999999999998,-0.6699999999999999,0.09999999999999964,2.3099999999999996,3.4000000000000004,0.7699999999999996,0.08000000000000007,0.21999999999999975,1.2299999999999995,2.16,-0.7700000000000005,1.2199999999999998,0.14999999999999947,0.46999999999999975,0.7000000000000002,0.6099999999999994,0.7599999999999998,1.9399999999999995,-0.04999999999999982,2.2,-2.59,-3.5999999999999996,-2.1099999999999994,-2.3199999999999994,-2.0,-1.21,-0.8199999999999994,-2.5999999999999996,-2.0999999999999996,-1.5299999999999994,-0.6799999999999997,0.3000000000000007,-0.3699999999999992,1.4000000000000004,-1.5,-1.2999999999999998,-1.63,-1.21,-1.7899999999999991,-1.4299999999999997,-2.1799999999999997,-2.5299999999999994,0.0,-2.4899999999999993,-1.8299999999999992,0.10000000000000053,1.2100000000000009,-1.9799999999999995,-3.1999999999999993,-2.4299999999999997,-0.21999999999999975,0.870000000000001,-1.7599999999999998,-2.4499999999999993,-2.3099999999999996,-1.2999999999999998,-0.3699999999999992,-3.3,-1.3099999999999996,-2.38,-2.0599999999999996,-1.8299999999999992,-1.92,-1.7699999999999996,-0.5899999999999999,-2.579999999999999,-0.3299999999999992,-0.10000000000000053,-1.1100000000000003,0.3799999999999999,0.16999999999999993,0.4899999999999993,1.2799999999999994,1.67,-0.11000000000000032,0.3899999999999997,0.96,1.8099999999999996,2.79,2.12,3.8899999999999997,0.9899999999999993,1.1899999999999995,0.8599999999999994,1.2799999999999994,0.7000000000000002,1.0599999999999996,0.3099999999999996,-0.040000000000000036,2.4899999999999993,0.0,0.6600000000000001,2.59,3.7,0.5099999999999998,-0.71,0.05999999999999961,2.2699999999999996,3.3600000000000003,0.7299999999999995,0.040000000000000036,0.17999999999999972,1.1899999999999995,2.12,-0.8100000000000005,1.1799999999999997,0.10999999999999943,0.4299999999999997,0.6600000000000001,0.5699999999999994,0.7199999999999998,1.8999999999999995,-0.08999999999999986,2.16,-0.7600000000000007,-1.7700000000000005,-0.28000000000000025,-0.4900000000000002,-0.17000000000000082,0.6199999999999992,1.0099999999999998,-0.7700000000000005,-0.27000000000000046,0.2999999999999998,1.1499999999999995,2.13,1.46,3.2299999999999995,0.3299999999999992,0.5299999999999994,0.1999999999999993,0.6199999999999992,0.040000000000000036,0.39999999999999947,-0.35000000000000053,-0.7000000000000002,1.8299999999999992,-0.6600000000000001,0.0,1.9299999999999997,3.04,-0.15000000000000036,-1.37,-0.6000000000000005,1.6099999999999994,2.7,0.0699999999999994,-0.6200000000000001,-0.4800000000000004,0.5299999999999994,1.46,-1.4700000000000006,0.5199999999999996,-0.5500000000000007,-0.23000000000000043,0.0,-0.09000000000000075,0.05999999999999961,1.2399999999999993,-0.75,1.5,-2.6900000000000004,-3.7,-2.21,-2.42,-2.1000000000000005,-1.3100000000000005,-0.9199999999999999,-2.7,-2.2,-1.63,-0.7800000000000002,0.20000000000000018,-0.46999999999999975,1.2999999999999998,-1.6000000000000005,-1.4000000000000004,-1.7300000000000004,-1.3100000000000005,-1.8899999999999997,-1.5300000000000002,-2.2800000000000002,-2.63,-0.10000000000000053,-2.59,-1.9299999999999997,0.0,1.1100000000000003,-2.08,-3.3,-2.5300000000000002,-0.3200000000000003,0.7700000000000005,-1.8600000000000003,-2.55,-2.41,-1.4000000000000004,-0.46999999999999975,-3.4000000000000004,-1.4100000000000001,-2.4800000000000004,-2.16,-1.9299999999999997,-2.0200000000000005,-1.87,-0.6900000000000004,-2.6799999999999997,-0.4299999999999997,-3.8000000000000007,-4.8100000000000005,-3.3200000000000003,-3.5300000000000002,-3.210000000000001,-2.420000000000001,-2.0300000000000002,-3.8100000000000005,-3.3100000000000005,-2.74,-1.8900000000000006,-0.9100000000000001,-1.58,0.1899999999999995,-2.710000000000001,-2.5100000000000007,-2.8400000000000007,-2.420000000000001,-3.0,-2.6400000000000006,-3.3900000000000006,-3.74,-1.2100000000000009,-3.7,-3.04,-1.1100000000000003,0.0,-3.1900000000000004,-4.41,-3.6400000000000006,-1.4300000000000006,-0.33999999999999986,-2.9700000000000006,-3.66,-3.5200000000000005,-2.5100000000000007,-1.58,-4.510000000000001,-2.5200000000000005,-3.5900000000000007,-3.2700000000000005,-3.04,-3.130000000000001,-2.9800000000000004,-1.8000000000000007,-3.79,-1.54,-0.6100000000000003,-1.62,-0.1299999999999999,-0.33999999999999986,-0.020000000000000462,0.7699999999999996,1.1600000000000001,-0.6200000000000001,-0.1200000000000001,0.4500000000000002,1.2999999999999998,2.2800000000000002,1.6100000000000003,3.38,0.47999999999999954,0.6799999999999997,0.34999999999999964,0.7699999999999996,0.1900000000000004,0.5499999999999998,-0.20000000000000018,-0.5499999999999998,1.9799999999999995,-0.5099999999999998,0.15000000000000036,2.08,3.1900000000000004,0.0,-1.2199999999999998,-0.4500000000000002,1.7599999999999998,2.8500000000000005,0.21999999999999975,-0.46999999999999975,-0.33000000000000007,0.6799999999999997,1.6100000000000003,-1.3200000000000003,0.6699999999999999,-0.40000000000000036,-0.08000000000000007,0.15000000000000036,0.05999999999999961,0.20999999999999996,1.3899999999999997,-0.5999999999999996,1.6500000000000004,0.6099999999999994,-0.40000000000000036,1.0899999999999999,0.8799999999999999,1.1999999999999993,1.9899999999999993,2.38,0.5999999999999996,1.0999999999999996,1.67,2.5199999999999996,3.5,2.83,4.6,1.6999999999999993,1.8999999999999995,1.5699999999999994,1.9899999999999993,1.4100000000000001,1.7699999999999996,1.0199999999999996,0.6699999999999999,3.1999999999999993,0.71,1.37,3.3,4.41,1.2199999999999998,0.0,0.7699999999999996,2.9799999999999995,4.07,1.4399999999999995,0.75,0.8899999999999997,1.8999999999999995,2.83,-0.10000000000000053,1.8899999999999997,0.8199999999999994,1.1399999999999997,1.37,1.2799999999999994,1.4299999999999997,2.6099999999999994,0.6200000000000001,2.87,-0.16000000000000014,-1.17,0.3200000000000003,0.11000000000000032,0.4299999999999997,1.2199999999999998,1.6100000000000003,-0.16999999999999993,0.33000000000000007,0.9000000000000004,1.75,2.7300000000000004,2.0600000000000005,3.83,0.9299999999999997,1.13,0.7999999999999998,1.2199999999999998,0.6400000000000006,1.0,0.25,-0.09999999999999964,2.4299999999999997,-0.05999999999999961,0.6000000000000005,2.5300000000000002,3.6400000000000006,0.4500000000000002,-0.7699999999999996,0.0,2.21,3.3000000000000007,0.6699999999999999,-0.019999999999999574,0.1200000000000001,1.13,2.0600000000000005,-0.8700000000000001,1.12,0.04999999999999982,0.3700000000000001,0.6000000000000005,0.5099999999999998,0.6600000000000001,1.8399999999999999,-0.14999999999999947,2.1000000000000005,-2.37,-3.38,-1.8899999999999997,-2.0999999999999996,-1.7800000000000002,-0.9900000000000002,-0.5999999999999996,-2.38,-1.88,-1.3099999999999996,-0.45999999999999996,0.5200000000000005,-0.14999999999999947,1.62,-1.2800000000000002,-1.08,-1.4100000000000001,-0.9900000000000002,-1.5699999999999994,-1.21,-1.96,-2.3099999999999996,0.21999999999999975,-2.2699999999999996,-1.6099999999999994,0.3200000000000003,1.4300000000000006,-1.7599999999999998,-2.9799999999999995,-2.21,0.0,1.0900000000000007,-1.54,-2.2299999999999995,-2.09,-1.08,-0.14999999999999947,-3.08,-1.0899999999999999,-2.16,-1.8399999999999999,-1.6099999999999994,-1.7000000000000002,-1.5499999999999998,-0.3700000000000001,-2.3599999999999994,-0.10999999999999943,-3.460000000000001,-4.470000000000001,-2.9800000000000004,-3.1900000000000004,-2.870000000000001,-2.080000000000001,-1.6900000000000004,-3.4700000000000006,-2.9700000000000006,-2.4000000000000004,-1.5500000000000007,-0.5700000000000003,-1.2400000000000002,0.5299999999999994,-2.370000000000001,-2.170000000000001,-2.500000000000001,-2.080000000000001,-2.66,-2.3000000000000007,-3.0500000000000007,-3.4000000000000004,-0.870000000000001,-3.3600000000000003,-2.7,-0.7700000000000005,0.33999999999999986,-2.8500000000000005,-4.07,-3.3000000000000007,-1.0900000000000007,0.0,-2.630000000000001,-3.3200000000000003,-3.1800000000000006,-2.170000000000001,-1.2400000000000002,-4.170000000000001,-2.1800000000000006,-3.250000000000001,-2.9300000000000006,-2.7,-2.790000000000001,-2.6400000000000006,-1.4600000000000009,-3.45,-1.2000000000000002,-0.8300000000000001,-1.8399999999999999,-0.34999999999999964,-0.5599999999999996,-0.2400000000000002,0.5499999999999998,0.9400000000000004,-0.8399999999999999,-0.33999999999999986,0.23000000000000043,1.08,2.0600000000000005,1.3900000000000006,3.16,0.2599999999999998,0.45999999999999996,0.1299999999999999,0.5499999999999998,-0.02999999999999936,0.33000000000000007,-0.41999999999999993,-0.7699999999999996,1.7599999999999998,-0.7299999999999995,-0.0699999999999994,1.8600000000000003,2.9700000000000006,-0.21999999999999975,-1.4399999999999995,-0.6699999999999999,1.54,2.630000000000001,0.0,-0.6899999999999995,-0.5499999999999998,0.45999999999999996,1.3900000000000006,-1.54,0.4500000000000002,-0.6200000000000001,-0.2999999999999998,-0.0699999999999994,-0.16000000000000014,-0.009999999999999787,1.17,-0.8199999999999994,1.4300000000000006,-0.14000000000000057,-1.1500000000000004,0.33999999999999986,0.1299999999999999,0.4499999999999993,1.2399999999999993,1.63,-0.15000000000000036,0.34999999999999964,0.9199999999999999,1.7699999999999996,2.75,2.08,3.8499999999999996,0.9499999999999993,1.1499999999999995,0.8199999999999994,1.2399999999999993,0.6600000000000001,1.0199999999999996,0.2699999999999996,-0.08000000000000007,2.4499999999999993,-0.040000000000000036,0.6200000000000001,2.55,3.66,0.46999999999999975,-0.75,0.019999999999999574,2.2299999999999995,3.3200000000000003,0.6899999999999995,0.0,0.13999999999999968,1.1499999999999995,2.08,-0.8500000000000005,1.1399999999999997,0.0699999999999994,0.3899999999999997,0.6200000000000001,0.5299999999999994,0.6799999999999997,1.8599999999999994,-0.1299999999999999,2.12,-0.28000000000000025,-1.29,0.20000000000000018,-0.009999999999999787,0.3099999999999996,1.0999999999999996,1.4900000000000002,-0.29000000000000004,0.20999999999999996,0.7800000000000002,1.63,2.6100000000000003,1.9400000000000004,3.71,0.8099999999999996,1.0099999999999998,0.6799999999999997,1.0999999999999996,0.5200000000000005,0.8799999999999999,0.1299999999999999,-0.21999999999999975,2.3099999999999996,-0.17999999999999972,0.4800000000000004,2.41,3.5200000000000005,0.33000000000000007,-0.8899999999999997,-0.1200000000000001,2.09,3.1800000000000006,0.5499999999999998,-0.13999999999999968,0.0,1.0099999999999998,1.9400000000000004,-0.9900000000000002,1.0,-0.07000000000000028,0.25,0.4800000000000004,0.3899999999999997,0.54,1.7199999999999998,-0.2699999999999996,1.9800000000000004,-1.29,-2.3,-0.8099999999999996,-1.0199999999999996,-0.7000000000000002,0.08999999999999986,0.4800000000000004,-1.2999999999999998,-0.7999999999999998,-0.22999999999999954,0.6200000000000001,1.6000000000000005,0.9300000000000006,2.7,-0.20000000000000018,0.0,-0.33000000000000007,0.08999999999999986,-0.4899999999999993,-0.1299999999999999,-0.8799999999999999,-1.2299999999999995,1.2999999999999998,-1.1899999999999995,-0.5299999999999994,1.4000000000000004,2.5100000000000007,-0.6799999999999997,-1.8999999999999995,-1.13,1.08,2.170000000000001,-0.45999999999999996,-1.1499999999999995,-1.0099999999999998,0.0,0.9300000000000006,-2.0,-0.009999999999999787,-1.08,-0.7599999999999998,-0.5299999999999994,-0.6200000000000001,-0.46999999999999975,0.71,-1.2799999999999994,0.9700000000000006,-2.2200000000000006,-3.2300000000000004,-1.7400000000000002,-1.9500000000000002,-1.6300000000000008,-0.8400000000000007,-0.4500000000000002,-2.2300000000000004,-1.7300000000000004,-1.1600000000000001,-0.3100000000000005,0.6699999999999999,0.0,1.7699999999999996,-1.1300000000000008,-0.9300000000000006,-1.2600000000000007,-0.8400000000000007,-1.42,-1.0600000000000005,-1.8100000000000005,-2.16,0.3699999999999992,-2.12,-1.46,0.46999999999999975,1.58,-1.6100000000000003,-2.83,-2.0600000000000005,0.14999999999999947,1.2400000000000002,-1.3900000000000006,-2.08,-1.9400000000000004,-0.9300000000000006,0.0,-2.9300000000000006,-0.9400000000000004,-2.0100000000000007,-1.6900000000000004,-1.46,-1.5500000000000007,-1.4000000000000004,-0.22000000000000064,-2.21,0.040000000000000036,0.71,-0.2999999999999998,1.1900000000000004,0.9800000000000004,1.2999999999999998,2.09,2.4800000000000004,0.7000000000000002,1.2000000000000002,1.7700000000000005,2.62,3.6000000000000005,2.9300000000000006,4.7,1.7999999999999998,2.0,1.67,2.09,1.5100000000000007,1.87,1.12,0.7700000000000005,3.3,0.8100000000000005,1.4700000000000006,3.4000000000000004,4.510000000000001,1.3200000000000003,0.10000000000000053,0.8700000000000001,3.08,4.170000000000001,1.54,0.8500000000000005,0.9900000000000002,2.0,2.9300000000000006,0.0,1.9900000000000002,0.9199999999999999,1.2400000000000002,1.4700000000000006,1.38,1.5300000000000002,2.71,0.7200000000000006,2.9700000000000006,-1.2800000000000002,-2.29,-0.7999999999999998,-1.0099999999999998,-0.6900000000000004,0.09999999999999964,0.4900000000000002,-1.29,-0.79,-0.21999999999999975,0.6299999999999999,1.6100000000000003,0.9400000000000004,2.71,-0.1900000000000004,0.009999999999999787,-0.3200000000000003,0.09999999999999964,-0.47999999999999954,-0.1200000000000001,-0.8700000000000001,-1.2199999999999998,1.3099999999999996,-1.1799999999999997,-0.5199999999999996,1.4100000000000001,2.5200000000000005,-0.6699999999999999,-1.8899999999999997,-1.12,1.0899999999999999,2.1800000000000006,-0.4500000000000002,-1.1399999999999997,-1.0,0.009999999999999787,0.9400000000000004,-1.9900000000000002,0.0,-1.0700000000000003,-0.75,-0.5199999999999996,-0.6100000000000003,-0.45999999999999996,0.7199999999999998,-1.2699999999999996,0.9800000000000004,-0.20999999999999996,-1.2199999999999998,0.27000000000000046,0.0600000000000005,0.3799999999999999,1.17,1.5600000000000005,-0.21999999999999975,0.28000000000000025,0.8500000000000005,1.7000000000000002,2.6800000000000006,2.0100000000000007,3.7800000000000002,0.8799999999999999,1.08,0.75,1.17,0.5900000000000007,0.9500000000000002,0.20000000000000018,-0.14999999999999947,2.38,-0.10999999999999943,0.5500000000000007,2.4800000000000004,3.5900000000000007,0.40000000000000036,-0.8199999999999994,-0.04999999999999982,2.16,3.250000000000001,0.6200000000000001,-0.0699999999999994,0.07000000000000028,1.08,2.0100000000000007,-0.9199999999999999,1.0700000000000003,0.0,0.3200000000000003,0.5500000000000007,0.45999999999999996,0.6100000000000003,1.79,-0.1999999999999993,2.0500000000000007,-0.5300000000000002,-1.54,-0.04999999999999982,-0.2599999999999998,0.05999999999999961,0.8499999999999996,1.2400000000000002,-0.54,-0.040000000000000036,0.5300000000000002,1.38,2.3600000000000003,1.6900000000000004,3.46,0.5599999999999996,0.7599999999999998,0.4299999999999997,0.8499999999999996,0.27000000000000046,0.6299999999999999,-0.1200000000000001,-0.46999999999999975,2.0599999999999996,-0.4299999999999997,0.23000000000000043,2.16,3.2700000000000005,0.08000000000000007,-1.1399999999999997,-0.3700000000000001,1.8399999999999999,2.9300000000000006,0.2999999999999998,-0.3899999999999997,-0.25,0.7599999999999998,1.6900000000000004,-1.2400000000000002,0.75,-0.3200000000000003,0.0,0.23000000000000043,0.13999999999999968,0.29000000000000004,1.4699999999999998,-0.5199999999999996,1.7300000000000004,-0.7600000000000007,-1.7700000000000005,-0.28000000000000025,-0.4900000000000002,-0.17000000000000082,0.6199999999999992,1.0099999999999998,-0.7700000000000005,-0.27000000000000046,0.2999999999999998,1.1499999999999995,2.13,1.46,3.2299999999999995,0.3299999999999992,0.5299999999999994,0.1999999999999993,0.6199999999999992,0.040000000000000036,0.39999999999999947,-0.35000000000000053,-0.7000000000000002,1.8299999999999992,-0.6600000000000001,0.0,1.9299999999999997,3.04,-0.15000000000000036,-1.37,-0.6000000000000005,1.6099999999999994,2.7,0.0699999999999994,-0.6200000000000001,-0.4800000000000004,0.5299999999999994,1.46,-1.4700000000000006,0.5199999999999996,-0.5500000000000007,-0.23000000000000043,0.0,-0.09000000000000075,0.05999999999999961,1.2399999999999993,-0.75,1.5,-0.6699999999999999,-1.6799999999999997,-0.1899999999999995,-0.39999999999999947,-0.08000000000000007,0.71,1.1000000000000005,-0.6799999999999997,-0.17999999999999972,0.39000000000000057,1.2400000000000002,2.2200000000000006,1.5500000000000007,3.3200000000000003,0.41999999999999993,0.6200000000000001,0.29000000000000004,0.71,0.13000000000000078,0.4900000000000002,-0.2599999999999998,-0.6099999999999994,1.92,-0.5699999999999994,0.09000000000000075,2.0200000000000005,3.130000000000001,-0.05999999999999961,-1.2799999999999994,-0.5099999999999998,1.7000000000000002,2.790000000000001,0.16000000000000014,-0.5299999999999994,-0.3899999999999997,0.6200000000000001,1.5500000000000007,-1.38,0.6100000000000003,-0.45999999999999996,-0.13999999999999968,0.09000000000000075,0.0,0.15000000000000036,1.33,-0.6599999999999993,1.5900000000000007,-0.8200000000000003,-1.83,-0.33999999999999986,-0.5499999999999998,-0.23000000000000043,0.5599999999999996,0.9500000000000002,-0.8300000000000001,-0.33000000000000007,0.2400000000000002,1.0899999999999999,2.0700000000000003,1.4000000000000004,3.17,0.2699999999999996,0.46999999999999975,0.13999999999999968,0.5599999999999996,-0.019999999999999574,0.33999999999999986,-0.41000000000000014,-0.7599999999999998,1.7699999999999996,-0.7199999999999998,-0.05999999999999961,1.87,2.9800000000000004,-0.20999999999999996,-1.4299999999999997,-0.6600000000000001,1.5499999999999998,2.6400000000000006,0.009999999999999787,-0.6799999999999997,-0.54,0.46999999999999975,1.4000000000000004,-1.5300000000000002,0.45999999999999996,-0.6100000000000003,-0.29000000000000004,-0.05999999999999961,-0.15000000000000036,0.0,1.1799999999999997,-0.8099999999999996,1.4400000000000004,-2.0,-3.01,-1.5199999999999996,-1.7299999999999995,-1.4100000000000001,-0.6200000000000001,-0.22999999999999954,-2.01,-1.5099999999999998,-0.9399999999999995,-0.08999999999999986,0.8900000000000006,0.22000000000000064,1.9900000000000002,-0.9100000000000001,-0.71,-1.04,-0.6200000000000001,-1.1999999999999993,-0.8399999999999999,-1.5899999999999999,-1.9399999999999995,0.5899999999999999,-1.8999999999999995,-1.2399999999999993,0.6900000000000004,1.8000000000000007,-1.3899999999999997,-2.6099999999999994,-1.8399999999999999,0.3700000000000001,1.4600000000000009,-1.17,-1.8599999999999994,-1.7199999999999998,-0.71,0.22000000000000064,-2.71,-0.7199999999999998,-1.79,-1.4699999999999998,-1.2399999999999993,-1.33,-1.1799999999999997,0.0,-1.9899999999999993,0.2600000000000007,-0.010000000000000675,-1.0200000000000005,0.46999999999999975,0.2599999999999998,0.5799999999999992,1.3699999999999992,1.7599999999999998,-0.020000000000000462,0.47999999999999954,1.0499999999999998,1.8999999999999995,2.88,2.21,3.9799999999999995,1.0799999999999992,1.2799999999999994,0.9499999999999993,1.3699999999999992,0.79,1.1499999999999995,0.39999999999999947,0.04999999999999982,2.579999999999999,0.08999999999999986,0.75,2.6799999999999997,3.79,0.5999999999999996,-0.6200000000000001,0.14999999999999947,2.3599999999999994,3.45,0.8199999999999994,0.1299999999999999,0.2699999999999996,1.2799999999999994,2.21,-0.7200000000000006,1.2699999999999996,0.1999999999999993,0.5199999999999996,0.75,0.6599999999999993,0.8099999999999996,1.9899999999999993,0.0,2.25,-2.2600000000000007,-3.2700000000000005,-1.7800000000000002,-1.9900000000000002,-1.6700000000000008,-0.8800000000000008,-0.4900000000000002,-2.2700000000000005,-1.7700000000000005,-1.2000000000000002,-0.35000000000000053,0.6299999999999999,-0.040000000000000036,1.7299999999999995,-1.1700000000000008,-0.9700000000000006,-1.3000000000000007,-0.8800000000000008,-1.46,-1.1000000000000005,-1.8500000000000005,-2.2,0.3299999999999992,-2.16,-1.5,0.4299999999999997,1.54,-1.6500000000000004,-2.87,-2.1000000000000005,0.10999999999999943,1.2000000000000002,-1.4300000000000006,-2.12,-1.9800000000000004,-0.9700000000000006,-0.040000000000000036,-2.9700000000000006,-0.9800000000000004,-2.0500000000000007,-1.7300000000000004,-1.5,-1.5900000000000007,-1.4400000000000004,-0.2600000000000007,-2.25,0.0,0.0,0.33000000000000007,0.23000000000000043,0.6100000000000003,0.08000000000000007,2.17,1.6100000000000003,2.84,-1.2799999999999994,0.33000000000000007,-0.6599999999999993,2.54,0.40000000000000036,0.16000000000000014,-1.0999999999999996,0.5900000000000007,3.870000000000001,0.3100000000000005,0.5200000000000005,0.6000000000000005,3.0,2.0600000000000005,0.03000000000000025,0.3100000000000005,0.7300000000000004,0.16000000000000014,2.29,1.3200000000000003,0.9500000000000002,0.1800000000000006,-0.08999999999999986,1.8600000000000003,0.1800000000000006,1.5900000000000007,1.08,-0.1899999999999995,-1.0599999999999996,0.23000000000000043,0.8300000000000001,1.0100000000000007,1.0600000000000005,0.9900000000000002,1.7600000000000007,0.9500000000000002,-0.2699999999999996,2.3500000000000005,1.1100000000000003,-0.33000000000000007,0.0,-0.09999999999999964,0.28000000000000025,-0.25,1.8399999999999999,1.2800000000000002,2.51,-1.6099999999999994,0.0,-0.9899999999999993,2.21,0.07000000000000028,-0.16999999999999993,-1.4299999999999997,0.2600000000000007,3.540000000000001,-0.019999999999999574,0.1900000000000004,0.27000000000000046,2.67,1.7300000000000004,-0.2999999999999998,-0.019999999999999574,0.40000000000000036,-0.16999999999999993,1.96,0.9900000000000002,0.6200000000000001,-0.14999999999999947,-0.41999999999999993,1.5300000000000002,-0.14999999999999947,1.2600000000000007,0.75,-0.5199999999999996,-1.3899999999999997,-0.09999999999999964,0.5,0.6800000000000006,0.7300000000000004,0.6600000000000001,1.4300000000000006,0.6200000000000001,-0.5999999999999996,2.0200000000000005,0.7800000000000002,-0.23000000000000043,0.09999999999999964,0.0,0.3799999999999999,-0.15000000000000036,1.9399999999999995,1.38,2.6099999999999994,-1.5099999999999998,0.09999999999999964,-0.8899999999999997,2.3099999999999996,0.16999999999999993,-0.07000000000000028,-1.33,0.3600000000000003,3.6400000000000006,0.08000000000000007,0.29000000000000004,0.3700000000000001,2.7699999999999996,1.83,-0.20000000000000018,0.08000000000000007,0.5,-0.07000000000000028,2.0599999999999996,1.0899999999999999,0.7199999999999998,-0.04999999999999982,-0.3200000000000003,1.63,-0.04999999999999982,1.3600000000000003,0.8499999999999996,-0.41999999999999993,-1.29,0.0,0.5999999999999996,0.7800000000000002,0.8300000000000001,0.7599999999999998,1.5300000000000002,0.7199999999999998,-0.5,2.12,0.8799999999999999,-0.6100000000000003,-0.28000000000000025,-0.3799999999999999,0.0,-0.5300000000000002,1.5599999999999996,1.0,2.2299999999999995,-1.8899999999999997,-0.28000000000000025,-1.2699999999999996,1.9299999999999997,-0.20999999999999996,-0.4500000000000002,-1.71,-0.019999999999999574,3.2600000000000007,-0.2999999999999998,-0.08999999999999986,-0.009999999999999787,2.3899999999999997,1.4500000000000002,-0.5800000000000001,-0.2999999999999998,0.1200000000000001,-0.4500000000000002,1.6799999999999997,0.71,0.33999999999999986,-0.4299999999999997,-0.7000000000000002,1.25,-0.4299999999999997,0.9800000000000004,0.46999999999999975,-0.7999999999999998,-1.67,-0.3799999999999999,0.21999999999999975,0.40000000000000036,0.4500000000000002,0.3799999999999999,1.1500000000000004,0.33999999999999986,-0.8799999999999999,1.7400000000000002,0.5,-0.08000000000000007,0.25,0.15000000000000036,0.5300000000000002,0.0,2.09,1.5300000000000002,2.76,-1.3599999999999994,0.25,-0.7399999999999993,2.46,0.3200000000000003,0.08000000000000007,-1.1799999999999997,0.5100000000000007,3.790000000000001,0.23000000000000043,0.4400000000000004,0.5200000000000005,2.92,1.9800000000000004,-0.04999999999999982,0.23000000000000043,0.6500000000000004,0.08000000000000007,2.21,1.2400000000000002,0.8700000000000001,0.10000000000000053,-0.16999999999999993,1.7800000000000002,0.10000000000000053,1.5100000000000007,1.0,-0.2699999999999996,-1.1399999999999997,0.15000000000000036,0.75,0.9300000000000006,0.9800000000000004,0.9100000000000001,1.6800000000000006,0.8700000000000001,-0.34999999999999964,2.2700000000000005,1.0300000000000002,-2.17,-1.8399999999999999,-1.9399999999999995,-1.5599999999999996,-2.09,0.0,-0.5599999999999996,0.6699999999999999,-3.4499999999999993,-1.8399999999999999,-2.829999999999999,0.3700000000000001,-1.7699999999999996,-2.01,-3.2699999999999996,-1.5799999999999992,1.700000000000001,-1.8599999999999994,-1.6499999999999995,-1.5699999999999994,0.8300000000000001,-0.10999999999999943,-2.1399999999999997,-1.8599999999999994,-1.4399999999999995,-2.01,0.1200000000000001,-0.8499999999999996,-1.2199999999999998,-1.9899999999999993,-2.26,-0.3099999999999996,-1.9899999999999993,-0.5799999999999992,-1.0899999999999999,-2.3599999999999994,-3.2299999999999995,-1.9399999999999995,-1.3399999999999999,-1.1599999999999993,-1.1099999999999994,-1.1799999999999997,-0.40999999999999925,-1.2199999999999998,-2.4399999999999995,0.1800000000000006,-1.0599999999999996,-1.6100000000000003,-1.2800000000000002,-1.38,-1.0,-1.5300000000000002,0.5599999999999996,0.0,1.2299999999999995,-2.8899999999999997,-1.2800000000000002,-2.2699999999999996,0.9299999999999997,-1.21,-1.4500000000000002,-2.71,-1.0199999999999996,2.2600000000000007,-1.2999999999999998,-1.0899999999999999,-1.0099999999999998,1.3899999999999997,0.4500000000000002,-1.58,-1.2999999999999998,-0.8799999999999999,-1.4500000000000002,0.6799999999999997,-0.29000000000000004,-0.6600000000000001,-1.4299999999999997,-1.7000000000000002,0.25,-1.4299999999999997,-0.019999999999999574,-0.5300000000000002,-1.7999999999999998,-2.67,-1.38,-0.7800000000000002,-0.5999999999999996,-0.5499999999999998,-0.6200000000000001,0.15000000000000036,-0.6600000000000001,-1.88,0.7400000000000002,-0.5,-2.84,-2.51,-2.6099999999999994,-2.2299999999999995,-2.76,-0.6699999999999999,-1.2299999999999995,0.0,-4.119999999999999,-2.51,-3.499999999999999,-0.2999999999999998,-2.4399999999999995,-2.6799999999999997,-3.9399999999999995,-2.249999999999999,1.0300000000000011,-2.5299999999999994,-2.3199999999999994,-2.2399999999999993,0.16000000000000014,-0.7799999999999994,-2.8099999999999996,-2.5299999999999994,-2.1099999999999994,-2.6799999999999997,-0.5499999999999998,-1.5199999999999996,-1.8899999999999997,-2.6599999999999993,-2.9299999999999997,-0.9799999999999995,-2.6599999999999993,-1.2499999999999991,-1.7599999999999998,-3.0299999999999994,-3.8999999999999995,-2.6099999999999994,-2.01,-1.8299999999999992,-1.7799999999999994,-1.8499999999999996,-1.0799999999999992,-1.8899999999999997,-3.1099999999999994,-0.4899999999999993,-1.7299999999999995,1.2799999999999994,1.6099999999999994,1.5099999999999998,1.8899999999999997,1.3599999999999994,3.4499999999999993,2.8899999999999997,4.119999999999999,0.0,1.6099999999999994,0.6200000000000001,3.8199999999999994,1.6799999999999997,1.4399999999999995,0.17999999999999972,1.87,5.15,1.5899999999999999,1.7999999999999998,1.88,4.279999999999999,3.34,1.3099999999999996,1.5899999999999999,2.01,1.4399999999999995,3.5699999999999994,2.5999999999999996,2.2299999999999995,1.46,1.1899999999999995,3.1399999999999997,1.46,2.87,2.3599999999999994,1.0899999999999999,0.21999999999999975,1.5099999999999998,2.1099999999999994,2.29,2.34,2.2699999999999996,3.04,2.2299999999999995,1.0099999999999998,3.63,2.3899999999999997,-0.33000000000000007,0.0,-0.09999999999999964,0.28000000000000025,-0.25,1.8399999999999999,1.2800000000000002,2.51,-1.6099999999999994,0.0,-0.9899999999999993,2.21,0.07000000000000028,-0.16999999999999993,-1.4299999999999997,0.2600000000000007,3.540000000000001,-0.019999999999999574,0.1900000000000004,0.27000000000000046,2.67,1.7300000000000004,-0.2999999999999998,-0.019999999999999574,0.40000000000000036,-0.16999999999999993,1.96,0.9900000000000002,0.6200000000000001,-0.14999999999999947,-0.41999999999999993,1.5300000000000002,-0.14999999999999947,1.2600000000000007,0.75,-0.5199999999999996,-1.3899999999999997,-0.09999999999999964,0.5,0.6800000000000006,0.7300000000000004,0.6600000000000001,1.4300000000000006,0.6200000000000001,-0.5999999999999996,2.0200000000000005,0.7800000000000002,0.6599999999999993,0.9899999999999993,0.8899999999999997,1.2699999999999996,0.7399999999999993,2.829999999999999,2.2699999999999996,3.499999999999999,-0.6200000000000001,0.9899999999999993,0.0,3.1999999999999993,1.0599999999999996,0.8199999999999994,-0.4400000000000004,1.25,4.53,0.9699999999999998,1.1799999999999997,1.2599999999999998,3.6599999999999993,2.7199999999999998,0.6899999999999995,0.9699999999999998,1.3899999999999997,0.8199999999999994,2.9499999999999993,1.9799999999999995,1.6099999999999994,0.8399999999999999,0.5699999999999994,2.5199999999999996,0.8399999999999999,2.25,1.7399999999999993,0.46999999999999975,-0.40000000000000036,0.8899999999999997,1.4899999999999993,1.67,1.7199999999999998,1.6499999999999995,2.42,1.6099999999999994,0.3899999999999997,3.01,1.7699999999999996,-2.54,-2.21,-2.3099999999999996,-1.9299999999999997,-2.46,-0.3700000000000001,-0.9299999999999997,0.2999999999999998,-3.8199999999999994,-2.21,-3.1999999999999993,0.0,-2.1399999999999997,-2.38,-3.6399999999999997,-1.9499999999999993,1.330000000000001,-2.2299999999999995,-2.0199999999999996,-1.9399999999999995,0.45999999999999996,-0.47999999999999954,-2.51,-2.2299999999999995,-1.8099999999999996,-2.38,-0.25,-1.2199999999999998,-1.5899999999999999,-2.3599999999999994,-2.63,-0.6799999999999997,-2.3599999999999994,-0.9499999999999993,-1.46,-2.7299999999999995,-3.5999999999999996,-2.3099999999999996,-1.71,-1.5299999999999994,-1.4799999999999995,-1.5499999999999998,-0.7799999999999994,-1.5899999999999999,-2.8099999999999996,-0.1899999999999995,-1.4299999999999997,-0.40000000000000036,-0.07000000000000028,-0.16999999999999993,0.20999999999999996,-0.3200000000000003,1.7699999999999996,1.21,2.4399999999999995,-1.6799999999999997,-0.07000000000000028,-1.0599999999999996,2.1399999999999997,0.0,-0.2400000000000002,-1.5,0.1900000000000004,3.4700000000000006,-0.08999999999999986,0.1200000000000001,0.20000000000000018,2.5999999999999996,1.6600000000000001,-0.3700000000000001,-0.08999999999999986,0.33000000000000007,-0.2400000000000002,1.8899999999999997,0.9199999999999999,0.5499999999999998,-0.21999999999999975,-0.4900000000000002,1.46,-0.21999999999999975,1.1900000000000004,0.6799999999999997,-0.5899999999999999,-1.46,-0.16999999999999993,0.4299999999999997,0.6100000000000003,0.6600000000000001,0.5899999999999999,1.3600000000000003,0.5499999999999998,-0.6699999999999999,1.9500000000000002,0.71,-0.16000000000000014,0.16999999999999993,0.07000000000000028,0.4500000000000002,-0.08000000000000007,2.01,1.4500000000000002,2.6799999999999997,-1.4399999999999995,0.16999999999999993,-0.8199999999999994,2.38,0.2400000000000002,0.0,-1.2599999999999998,0.4300000000000006,3.710000000000001,0.15000000000000036,0.3600000000000003,0.4400000000000004,2.84,1.9000000000000004,-0.1299999999999999,0.15000000000000036,0.5700000000000003,0.0,2.13,1.1600000000000001,0.79,0.020000000000000462,-0.25,1.7000000000000002,0.020000000000000462,1.4300000000000006,0.9199999999999999,-0.34999999999999964,-1.2199999999999998,0.07000000000000028,0.6699999999999999,0.8500000000000005,0.9000000000000004,0.8300000000000001,1.6000000000000005,0.79,-0.4299999999999997,2.1900000000000004,0.9500000000000002,1.0999999999999996,1.4299999999999997,1.33,1.71,1.1799999999999997,3.2699999999999996,2.71,3.9399999999999995,-0.17999999999999972,1.4299999999999997,0.4400000000000004,3.6399999999999997,1.5,1.2599999999999998,0.0,1.6900000000000004,4.970000000000001,1.4100000000000001,1.62,1.7000000000000002,4.1,3.16,1.13,1.4100000000000001,1.83,1.2599999999999998,3.3899999999999997,2.42,2.05,1.2800000000000002,1.0099999999999998,2.96,1.2800000000000002,2.6900000000000004,2.1799999999999997,0.9100000000000001,0.040000000000000036,1.33,1.9299999999999997,2.1100000000000003,2.16,2.09,2.8600000000000003,2.05,0.8300000000000001,3.45,2.21,-0.5900000000000007,-0.2600000000000007,-0.3600000000000003,0.019999999999999574,-0.5100000000000007,1.5799999999999992,1.0199999999999996,2.249999999999999,-1.87,-0.2600000000000007,-1.25,1.9499999999999993,-0.1900000000000004,-0.4300000000000006,-1.6900000000000004,0.0,3.2800000000000002,-0.28000000000000025,-0.07000000000000028,0.009999999999999787,2.4099999999999993,1.4699999999999998,-0.5600000000000005,-0.28000000000000025,0.13999999999999968,-0.4300000000000006,1.6999999999999993,0.7299999999999995,0.35999999999999943,-0.41000000000000014,-0.6800000000000006,1.2699999999999996,-0.41000000000000014,1.0,0.4899999999999993,-0.7800000000000002,-1.6500000000000004,-0.3600000000000003,0.23999999999999932,0.41999999999999993,0.46999999999999975,0.39999999999999947,1.17,0.35999999999999943,-0.8600000000000003,1.7599999999999998,0.5199999999999996,-3.870000000000001,-3.540000000000001,-3.6400000000000006,-3.2600000000000007,-3.790000000000001,-1.700000000000001,-2.2600000000000007,-1.0300000000000011,-5.15,-3.540000000000001,-4.53,-1.330000000000001,-3.4700000000000006,-3.710000000000001,-4.970000000000001,-3.2800000000000002,0.0,-3.5600000000000005,-3.3500000000000005,-3.2700000000000005,-0.870000000000001,-1.8100000000000005,-3.8400000000000007,-3.5600000000000005,-3.1400000000000006,-3.710000000000001,-1.580000000000001,-2.5500000000000007,-2.920000000000001,-3.6900000000000004,-3.960000000000001,-2.0100000000000007,-3.6900000000000004,-2.2800000000000002,-2.790000000000001,-4.0600000000000005,-4.930000000000001,-3.6400000000000006,-3.040000000000001,-2.8600000000000003,-2.8100000000000005,-2.880000000000001,-2.1100000000000003,-2.920000000000001,-4.140000000000001,-1.5200000000000005,-2.7600000000000007,-0.3100000000000005,0.019999999999999574,-0.08000000000000007,0.2999999999999998,-0.23000000000000043,1.8599999999999994,1.2999999999999998,2.5299999999999994,-1.5899999999999999,0.019999999999999574,-0.9699999999999998,2.2299999999999995,0.08999999999999986,-0.15000000000000036,-1.4100000000000001,0.28000000000000025,3.5600000000000005,0.0,0.20999999999999996,0.29000000000000004,2.6899999999999995,1.75,-0.28000000000000025,0.0,0.41999999999999993,-0.15000000000000036,1.9799999999999995,1.0099999999999998,0.6399999999999997,-0.1299999999999999,-0.40000000000000036,1.5499999999999998,-0.1299999999999999,1.2800000000000002,0.7699999999999996,-0.5,-1.37,-0.08000000000000007,0.5199999999999996,0.7000000000000002,0.75,0.6799999999999997,1.4500000000000002,0.6399999999999997,-0.5800000000000001,2.04,0.7999999999999998,-0.5200000000000005,-0.1900000000000004,-0.29000000000000004,0.08999999999999986,-0.4400000000000004,1.6499999999999995,1.0899999999999999,2.3199999999999994,-1.7999999999999998,-0.1900000000000004,-1.1799999999999997,2.0199999999999996,-0.1200000000000001,-0.3600000000000003,-1.62,0.07000000000000028,3.3500000000000005,-0.20999999999999996,0.0,0.08000000000000007,2.4799999999999995,1.54,-0.4900000000000002,-0.20999999999999996,0.20999999999999996,-0.3600000000000003,1.7699999999999996,0.7999999999999998,0.4299999999999997,-0.33999999999999986,-0.6100000000000003,1.3399999999999999,-0.33999999999999986,1.0700000000000003,0.5599999999999996,-0.71,-1.58,-0.29000000000000004,0.3099999999999996,0.4900000000000002,0.54,0.46999999999999975,1.2400000000000002,0.4299999999999997,-0.79,1.83,0.5899999999999999,-0.6000000000000005,-0.27000000000000046,-0.3700000000000001,0.009999999999999787,-0.5200000000000005,1.5699999999999994,1.0099999999999998,2.2399999999999993,-1.88,-0.27000000000000046,-1.2599999999999998,1.9399999999999995,-0.20000000000000018,-0.4400000000000004,-1.7000000000000002,-0.009999999999999787,3.2700000000000005,-0.29000000000000004,-0.08000000000000007,0.0,2.3999999999999995,1.46,-0.5700000000000003,-0.29000000000000004,0.1299999999999999,-0.4400000000000004,1.6899999999999995,0.7199999999999998,0.34999999999999964,-0.41999999999999993,-0.6900000000000004,1.2599999999999998,-0.41999999999999993,0.9900000000000002,0.47999999999999954,-0.79,-1.6600000000000001,-0.3700000000000001,0.22999999999999954,0.41000000000000014,0.45999999999999996,0.3899999999999997,1.1600000000000001,0.34999999999999964,-0.8700000000000001,1.75,0.5099999999999998,-3.0,-2.67,-2.7699999999999996,-2.3899999999999997,-2.92,-0.8300000000000001,-1.3899999999999997,-0.16000000000000014,-4.279999999999999,-2.67,-3.6599999999999993,-0.45999999999999996,-2.5999999999999996,-2.84,-4.1,-2.4099999999999993,0.870000000000001,-2.6899999999999995,-2.4799999999999995,-2.3999999999999995,0.0,-0.9399999999999995,-2.9699999999999998,-2.6899999999999995,-2.2699999999999996,-2.84,-0.71,-1.6799999999999997,-2.05,-2.8199999999999994,-3.09,-1.1399999999999997,-2.8199999999999994,-1.4099999999999993,-1.92,-3.1899999999999995,-4.06,-2.7699999999999996,-2.17,-1.9899999999999993,-1.9399999999999995,-2.01,-1.2399999999999993,-2.05,-3.2699999999999996,-0.6499999999999995,-1.8899999999999997,-2.0600000000000005,-1.7300000000000004,-1.83,-1.4500000000000002,-1.9800000000000004,0.10999999999999943,-0.4500000000000002,0.7799999999999994,-3.34,-1.7300000000000004,-2.7199999999999998,0.47999999999999954,-1.6600000000000001,-1.9000000000000004,-3.16,-1.4699999999999998,1.8100000000000005,-1.75,-1.54,-1.46,0.9399999999999995,0.0,-2.0300000000000002,-1.75,-1.33,-1.9000000000000004,0.22999999999999954,-0.7400000000000002,-1.1100000000000003,-1.88,-2.1500000000000004,-0.20000000000000018,-1.88,-0.46999999999999975,-0.9800000000000004,-2.25,-3.12,-1.83,-1.2300000000000004,-1.0499999999999998,-1.0,-1.0700000000000003,-0.2999999999999998,-1.1100000000000003,-2.33,0.29000000000000004,-0.9500000000000002,-0.03000000000000025,0.2999999999999998,0.20000000000000018,0.5800000000000001,0.04999999999999982,2.1399999999999997,1.58,2.8099999999999996,-1.3099999999999996,0.2999999999999998,-0.6899999999999995,2.51,0.3700000000000001,0.1299999999999999,-1.13,0.5600000000000005,3.8400000000000007,0.28000000000000025,0.4900000000000002,0.5700000000000003,2.9699999999999998,2.0300000000000002,0.0,0.28000000000000025,0.7000000000000002,0.1299999999999999,2.26,1.29,0.9199999999999999,0.15000000000000036,-0.1200000000000001,1.83,0.15000000000000036,1.5600000000000005,1.0499999999999998,-0.21999999999999975,-1.0899999999999999,0.20000000000000018,0.7999999999999998,0.9800000000000004,1.0300000000000002,0.96,1.7300000000000004,0.9199999999999999,-0.2999999999999998,2.3200000000000003,1.08,-0.3100000000000005,0.019999999999999574,-0.08000000000000007,0.2999999999999998,-0.23000000000000043,1.8599999999999994,1.2999999999999998,2.5299999999999994,-1.5899999999999999,0.019999999999999574,-0.9699999999999998,2.2299999999999995,0.08999999999999986,-0.15000000000000036,-1.4100000000000001,0.28000000000000025,3.5600000000000005,0.0,0.20999999999999996,0.29000000000000004,2.6899999999999995,1.75,-0.28000000000000025,0.0,0.41999999999999993,-0.15000000000000036,1.9799999999999995,1.0099999999999998,0.6399999999999997,-0.1299999999999999,-0.40000000000000036,1.5499999999999998,-0.1299999999999999,1.2800000000000002,0.7699999999999996,-0.5,-1.37,-0.08000000000000007,0.5199999999999996,0.7000000000000002,0.75,0.6799999999999997,1.4500000000000002,0.6399999999999997,-0.5800000000000001,2.04,0.7999999999999998,-0.7300000000000004,-0.40000000000000036,-0.5,-0.1200000000000001,-0.6500000000000004,1.4399999999999995,0.8799999999999999,2.1099999999999994,-2.01,-0.40000000000000036,-1.3899999999999997,1.8099999999999996,-0.33000000000000007,-0.5700000000000003,-1.83,-0.13999999999999968,3.1400000000000006,-0.41999999999999993,-0.20999999999999996,-0.1299999999999999,2.2699999999999996,1.33,-0.7000000000000002,-0.41999999999999993,0.0,-0.5700000000000003,1.5599999999999996,0.5899999999999999,0.21999999999999975,-0.5499999999999998,-0.8200000000000003,1.13,-0.5499999999999998,0.8600000000000003,0.34999999999999964,-0.9199999999999999,-1.79,-0.5,0.09999999999999964,0.28000000000000025,0.33000000000000007,0.2599999999999998,1.0300000000000002,0.21999999999999975,-1.0,1.62,0.3799999999999999,-0.16000000000000014,0.16999999999999993,0.07000000000000028,0.4500000000000002,-0.08000000000000007,2.01,1.4500000000000002,2.6799999999999997,-1.4399999999999995,0.16999999999999993,-0.8199999999999994,2.38,0.2400000000000002,0.0,-1.2599999999999998,0.4300000000000006,3.710000000000001,0.15000000000000036,0.3600000000000003,0.4400000000000004,2.84,1.9000000000000004,-0.1299999999999999,0.15000000000000036,0.5700000000000003,0.0,2.13,1.1600000000000001,0.79,0.020000000000000462,-0.25,1.7000000000000002,0.020000000000000462,1.4300000000000006,0.9199999999999999,-0.34999999999999964,-1.2199999999999998,0.07000000000000028,0.6699999999999999,0.8500000000000005,0.9000000000000004,0.8300000000000001,1.6000000000000005,0.79,-0.4299999999999997,2.1900000000000004,0.9500000000000002,-2.29,-1.96,-2.0599999999999996,-1.6799999999999997,-2.21,-0.1200000000000001,-0.6799999999999997,0.5499999999999998,-3.5699999999999994,-1.96,-2.9499999999999993,0.25,-1.8899999999999997,-2.13,-3.3899999999999997,-1.6999999999999993,1.580000000000001,-1.9799999999999995,-1.7699999999999996,-1.6899999999999995,0.71,-0.22999999999999954,-2.26,-1.9799999999999995,-1.5599999999999996,-2.13,0.0,-0.9699999999999998,-1.3399999999999999,-2.1099999999999994,-2.38,-0.4299999999999997,-2.1099999999999994,-0.6999999999999993,-1.21,-2.4799999999999995,-3.3499999999999996,-2.0599999999999996,-1.46,-1.2799999999999994,-1.2299999999999995,-1.2999999999999998,-0.5299999999999994,-1.3399999999999999,-2.5599999999999996,0.0600000000000005,-1.1799999999999997,-1.3200000000000003,-0.9900000000000002,-1.0899999999999999,-0.71,-1.2400000000000002,0.8499999999999996,0.29000000000000004,1.5199999999999996,-2.5999999999999996,-0.9900000000000002,-1.9799999999999995,1.2199999999999998,-0.9199999999999999,-1.1600000000000001,-2.42,-0.7299999999999995,2.5500000000000007,-1.0099999999999998,-0.7999999999999998,-0.7199999999999998,1.6799999999999997,0.7400000000000002,-1.29,-1.0099999999999998,-0.5899999999999999,-1.1600000000000001,0.9699999999999998,0.0,-0.3700000000000001,-1.1399999999999997,-1.4100000000000001,0.54,-1.1399999999999997,0.27000000000000046,-0.2400000000000002,-1.5099999999999998,-2.38,-1.0899999999999999,-0.4900000000000002,-0.3099999999999996,-0.2599999999999998,-0.33000000000000007,0.4400000000000004,-0.3700000000000001,-1.5899999999999999,1.0300000000000002,-0.20999999999999996,-0.9500000000000002,-0.6200000000000001,-0.7199999999999998,-0.33999999999999986,-0.8700000000000001,1.2199999999999998,0.6600000000000001,1.8899999999999997,-2.2299999999999995,-0.6200000000000001,-1.6099999999999994,1.5899999999999999,-0.5499999999999998,-0.79,-2.05,-0.35999999999999943,2.920000000000001,-0.6399999999999997,-0.4299999999999997,-0.34999999999999964,2.05,1.1100000000000003,-0.9199999999999999,-0.6399999999999997,-0.21999999999999975,-0.79,1.3399999999999999,0.3700000000000001,0.0,-0.7699999999999996,-1.04,0.9100000000000001,-0.7699999999999996,0.6400000000000006,0.1299999999999999,-1.1399999999999997,-2.01,-0.7199999999999998,-0.1200000000000001,0.0600000000000005,0.11000000000000032,0.040000000000000036,0.8100000000000005,0.0,-1.2199999999999998,1.4000000000000004,0.16000000000000014,-0.1800000000000006,0.14999999999999947,0.04999999999999982,0.4299999999999997,-0.10000000000000053,1.9899999999999993,1.4299999999999997,2.6599999999999993,-1.46,0.14999999999999947,-0.8399999999999999,2.3599999999999994,0.21999999999999975,-0.020000000000000462,-1.2800000000000002,0.41000000000000014,3.6900000000000004,0.1299999999999999,0.33999999999999986,0.41999999999999993,2.8199999999999994,1.88,-0.15000000000000036,0.1299999999999999,0.5499999999999998,-0.020000000000000462,2.1099999999999994,1.1399999999999997,0.7699999999999996,0.0,-0.27000000000000046,1.6799999999999997,0.0,1.4100000000000001,0.8999999999999995,-0.3700000000000001,-1.2400000000000002,0.04999999999999982,0.6499999999999995,0.8300000000000001,0.8799999999999999,0.8099999999999996,1.58,0.7699999999999996,-0.4500000000000002,2.17,0.9299999999999997,0.08999999999999986,0.41999999999999993,0.3200000000000003,0.7000000000000002,0.16999999999999993,2.26,1.7000000000000002,2.9299999999999997,-1.1899999999999995,0.41999999999999993,-0.5699999999999994,2.63,0.4900000000000002,0.25,-1.0099999999999998,0.6800000000000006,3.960000000000001,0.40000000000000036,0.6100000000000003,0.6900000000000004,3.09,2.1500000000000004,0.1200000000000001,0.40000000000000036,0.8200000000000003,0.25,2.38,1.4100000000000001,1.04,0.27000000000000046,0.0,1.9500000000000002,0.27000000000000046,1.6800000000000006,1.17,-0.09999999999999964,-0.9699999999999998,0.3200000000000003,0.9199999999999999,1.1000000000000005,1.1500000000000004,1.08,1.8500000000000005,1.04,-0.17999999999999972,2.4400000000000004,1.2000000000000002,-1.8600000000000003,-1.5300000000000002,-1.63,-1.25,-1.7800000000000002,0.3099999999999996,-0.25,0.9799999999999995,-3.1399999999999997,-1.5300000000000002,-2.5199999999999996,0.6799999999999997,-1.46,-1.7000000000000002,-2.96,-1.2699999999999996,2.0100000000000007,-1.5499999999999998,-1.3399999999999999,-1.2599999999999998,1.1399999999999997,0.20000000000000018,-1.83,-1.5499999999999998,-1.13,-1.7000000000000002,0.4299999999999997,-0.54,-0.9100000000000001,-1.6799999999999997,-1.9500000000000002,0.0,-1.6799999999999997,-0.2699999999999996,-0.7800000000000002,-2.05,-2.92,-1.63,-1.0300000000000002,-0.8499999999999996,-0.7999999999999998,-0.8700000000000001,-0.09999999999999964,-0.9100000000000001,-2.13,0.4900000000000002,-0.75,-0.1800000000000006,0.14999999999999947,0.04999999999999982,0.4299999999999997,-0.10000000000000053,1.9899999999999993,1.4299999999999997,2.6599999999999993,-1.46,0.14999999999999947,-0.8399999999999999,2.3599999999999994,0.21999999999999975,-0.020000000000000462,-1.2800000000000002,0.41000000000000014,3.6900000000000004,0.1299999999999999,0.33999999999999986,0.41999999999999993,2.8199999999999994,1.88,-0.15000000000000036,0.1299999999999999,0.5499999999999998,-0.020000000000000462,2.1099999999999994,1.1399999999999997,0.7699999999999996,0.0,-0.27000000000000046,1.6799999999999997,0.0,1.4100000000000001,0.8999999999999995,-0.3700000000000001,-1.2400000000000002,0.04999999999999982,0.6499999999999995,0.8300000000000001,0.8799999999999999,0.8099999999999996,1.58,0.7699999999999996,-0.4500000000000002,2.17,0.9299999999999997,-1.5900000000000007,-1.2600000000000007,-1.3600000000000003,-0.9800000000000004,-1.5100000000000007,0.5799999999999992,0.019999999999999574,1.2499999999999991,-2.87,-1.2600000000000007,-2.25,0.9499999999999993,-1.1900000000000004,-1.4300000000000006,-2.6900000000000004,-1.0,2.2800000000000002,-1.2800000000000002,-1.0700000000000003,-0.9900000000000002,1.4099999999999993,0.46999999999999975,-1.5600000000000005,-1.2800000000000002,-0.8600000000000003,-1.4300000000000006,0.6999999999999993,-0.27000000000000046,-0.6400000000000006,-1.4100000000000001,-1.6800000000000006,0.2699999999999996,-1.4100000000000001,0.0,-0.5100000000000007,-1.7800000000000002,-2.6500000000000004,-1.3600000000000003,-0.7600000000000007,-0.5800000000000001,-0.5300000000000002,-0.6000000000000005,0.16999999999999993,-0.6400000000000006,-1.8600000000000003,0.7599999999999998,-0.4800000000000004,-1.08,-0.75,-0.8499999999999996,-0.46999999999999975,-1.0,1.0899999999999999,0.5300000000000002,1.7599999999999998,-2.3599999999999994,-0.75,-1.7399999999999993,1.46,-0.6799999999999997,-0.9199999999999999,-2.1799999999999997,-0.4899999999999993,2.790000000000001,-0.7699999999999996,-0.5599999999999996,-0.47999999999999954,1.92,0.9800000000000004,-1.0499999999999998,-0.7699999999999996,-0.34999999999999964,-0.9199999999999999,1.21,0.2400000000000002,-0.1299999999999999,-0.8999999999999995,-1.17,0.7800000000000002,-0.8999999999999995,0.5100000000000007,0.0,-1.2699999999999996,-2.1399999999999997,-0.8499999999999996,-0.25,-0.0699999999999994,-0.019999999999999574,-0.08999999999999986,0.6800000000000006,-0.1299999999999999,-1.3499999999999996,1.2700000000000005,0.03000000000000025,0.1899999999999995,0.5199999999999996,0.41999999999999993,0.7999999999999998,0.2699999999999996,2.3599999999999994,1.7999999999999998,3.0299999999999994,-1.0899999999999999,0.5199999999999996,-0.46999999999999975,2.7299999999999995,0.5899999999999999,0.34999999999999964,-0.9100000000000001,0.7800000000000002,4.0600000000000005,0.5,0.71,0.79,3.1899999999999995,2.25,0.21999999999999975,0.5,0.9199999999999999,0.34999999999999964,2.4799999999999995,1.5099999999999998,1.1399999999999997,0.3700000000000001,0.09999999999999964,2.05,0.3700000000000001,1.7800000000000002,1.2699999999999996,0.0,-0.8700000000000001,0.41999999999999993,1.0199999999999996,1.2000000000000002,1.25,1.1799999999999997,1.9500000000000002,1.1399999999999997,-0.08000000000000007,2.54,1.2999999999999998,1.0599999999999996,1.3899999999999997,1.29,1.67,1.1399999999999997,3.2299999999999995,2.67,3.8999999999999995,-0.21999999999999975,1.3899999999999997,0.40000000000000036,3.5999999999999996,1.46,1.2199999999999998,-0.040000000000000036,1.6500000000000004,4.930000000000001,1.37,1.58,1.6600000000000001,4.06,3.12,1.0899999999999999,1.37,1.79,1.2199999999999998,3.3499999999999996,2.38,2.01,1.2400000000000002,0.9699999999999998,2.92,1.2400000000000002,2.6500000000000004,2.1399999999999997,0.8700000000000001,0.0,1.29,1.8899999999999997,2.0700000000000003,2.12,2.05,2.8200000000000003,2.01,0.79,3.41,2.17,-0.23000000000000043,0.09999999999999964,0.0,0.3799999999999999,-0.15000000000000036,1.9399999999999995,1.38,2.6099999999999994,-1.5099999999999998,0.09999999999999964,-0.8899999999999997,2.3099999999999996,0.16999999999999993,-0.07000000000000028,-1.33,0.3600000000000003,3.6400000000000006,0.08000000000000007,0.29000000000000004,0.3700000000000001,2.7699999999999996,1.83,-0.20000000000000018,0.08000000000000007,0.5,-0.07000000000000028,2.0599999999999996,1.0899999999999999,0.7199999999999998,-0.04999999999999982,-0.3200000000000003,1.63,-0.04999999999999982,1.3600000000000003,0.8499999999999996,-0.41999999999999993,-1.29,0.0,0.5999999999999996,0.7800000000000002,0.8300000000000001,0.7599999999999998,1.5300000000000002,0.7199999999999998,-0.5,2.12,0.8799999999999999,-0.8300000000000001,-0.5,-0.5999999999999996,-0.21999999999999975,-0.75,1.3399999999999999,0.7800000000000002,2.01,-2.1099999999999994,-0.5,-1.4899999999999993,1.71,-0.4299999999999997,-0.6699999999999999,-1.9299999999999997,-0.23999999999999932,3.040000000000001,-0.5199999999999996,-0.3099999999999996,-0.22999999999999954,2.17,1.2300000000000004,-0.7999999999999998,-0.5199999999999996,-0.09999999999999964,-0.6699999999999999,1.46,0.4900000000000002,0.1200000000000001,-0.6499999999999995,-0.9199999999999999,1.0300000000000002,-0.6499999999999995,0.7600000000000007,0.25,-1.0199999999999996,-1.8899999999999997,-0.5999999999999996,0.0,0.1800000000000006,0.23000000000000043,0.16000000000000014,0.9300000000000006,0.1200000000000001,-1.0999999999999996,1.5200000000000005,0.28000000000000025,-1.0100000000000007,-0.6800000000000006,-0.7800000000000002,-0.40000000000000036,-0.9300000000000006,1.1599999999999993,0.5999999999999996,1.8299999999999992,-2.29,-0.6800000000000006,-1.67,1.5299999999999994,-0.6100000000000003,-0.8500000000000005,-2.1100000000000003,-0.41999999999999993,2.8600000000000003,-0.7000000000000002,-0.4900000000000002,-0.41000000000000014,1.9899999999999993,1.0499999999999998,-0.9800000000000004,-0.7000000000000002,-0.28000000000000025,-0.8500000000000005,1.2799999999999994,0.3099999999999996,-0.0600000000000005,-0.8300000000000001,-1.1000000000000005,0.8499999999999996,-0.8300000000000001,0.5800000000000001,0.0699999999999994,-1.2000000000000002,-2.0700000000000003,-0.7800000000000002,-0.1800000000000006,0.0,0.04999999999999982,-0.020000000000000462,0.75,-0.0600000000000005,-1.2800000000000002,1.3399999999999999,0.09999999999999964,-1.0600000000000005,-0.7300000000000004,-0.8300000000000001,-0.4500000000000002,-0.9800000000000004,1.1099999999999994,0.5499999999999998,1.7799999999999994,-2.34,-0.7300000000000004,-1.7199999999999998,1.4799999999999995,-0.6600000000000001,-0.9000000000000004,-2.16,-0.46999999999999975,2.8100000000000005,-0.75,-0.54,-0.45999999999999996,1.9399999999999995,1.0,-1.0300000000000002,-0.75,-0.33000000000000007,-0.9000000000000004,1.2299999999999995,0.2599999999999998,-0.11000000000000032,-0.8799999999999999,-1.1500000000000004,0.7999999999999998,-0.8799999999999999,0.5300000000000002,0.019999999999999574,-1.25,-2.12,-0.8300000000000001,-0.23000000000000043,-0.04999999999999982,0.0,-0.07000000000000028,0.7000000000000002,-0.11000000000000032,-1.33,1.29,0.04999999999999982,-0.9900000000000002,-0.6600000000000001,-0.7599999999999998,-0.3799999999999999,-0.9100000000000001,1.1799999999999997,0.6200000000000001,1.8499999999999996,-2.2699999999999996,-0.6600000000000001,-1.6499999999999995,1.5499999999999998,-0.5899999999999999,-0.8300000000000001,-2.09,-0.39999999999999947,2.880000000000001,-0.6799999999999997,-0.46999999999999975,-0.3899999999999997,2.01,1.0700000000000003,-0.96,-0.6799999999999997,-0.2599999999999998,-0.8300000000000001,1.2999999999999998,0.33000000000000007,-0.040000000000000036,-0.8099999999999996,-1.08,0.8700000000000001,-0.8099999999999996,0.6000000000000005,0.08999999999999986,-1.1799999999999997,-2.05,-0.7599999999999998,-0.16000000000000014,0.020000000000000462,0.07000000000000028,0.0,0.7700000000000005,-0.040000000000000036,-1.2599999999999998,1.3600000000000003,0.1200000000000001,-1.7600000000000007,-1.4300000000000006,-1.5300000000000002,-1.1500000000000004,-1.6800000000000006,0.40999999999999925,-0.15000000000000036,1.0799999999999992,-3.04,-1.4300000000000006,-2.42,0.7799999999999994,-1.3600000000000003,-1.6000000000000005,-2.8600000000000003,-1.17,2.1100000000000003,-1.4500000000000002,-1.2400000000000002,-1.1600000000000001,1.2399999999999993,0.2999999999999998,-1.7300000000000004,-1.4500000000000002,-1.0300000000000002,-1.6000000000000005,0.5299999999999994,-0.4400000000000004,-0.8100000000000005,-1.58,-1.8500000000000005,0.09999999999999964,-1.58,-0.16999999999999993,-0.6800000000000006,-1.9500000000000002,-2.8200000000000003,-1.5300000000000002,-0.9300000000000006,-0.75,-0.7000000000000002,-0.7700000000000005,0.0,-0.8100000000000005,-2.0300000000000002,0.5899999999999999,-0.6500000000000004,-0.9500000000000002,-0.6200000000000001,-0.7199999999999998,-0.33999999999999986,-0.8700000000000001,1.2199999999999998,0.6600000000000001,1.8899999999999997,-2.2299999999999995,-0.6200000000000001,-1.6099999999999994,1.5899999999999999,-0.5499999999999998,-0.79,-2.05,-0.35999999999999943,2.920000000000001,-0.6399999999999997,-0.4299999999999997,-0.34999999999999964,2.05,1.1100000000000003,-0.9199999999999999,-0.6399999999999997,-0.21999999999999975,-0.79,1.3399999999999999,0.3700000000000001,0.0,-0.7699999999999996,-1.04,0.9100000000000001,-0.7699999999999996,0.6400000000000006,0.1299999999999999,-1.1399999999999997,-2.01,-0.7199999999999998,-0.1200000000000001,0.0600000000000005,0.11000000000000032,0.040000000000000036,0.8100000000000005,0.0,-1.2199999999999998,1.4000000000000004,0.16000000000000014,0.2699999999999996,0.5999999999999996,0.5,0.8799999999999999,0.34999999999999964,2.4399999999999995,1.88,3.1099999999999994,-1.0099999999999998,0.5999999999999996,-0.3899999999999997,2.8099999999999996,0.6699999999999999,0.4299999999999997,-0.8300000000000001,0.8600000000000003,4.140000000000001,0.5800000000000001,0.79,0.8700000000000001,3.2699999999999996,2.33,0.2999999999999998,0.5800000000000001,1.0,0.4299999999999997,2.5599999999999996,1.5899999999999999,1.2199999999999998,0.4500000000000002,0.17999999999999972,2.13,0.4500000000000002,1.8600000000000003,1.3499999999999996,0.08000000000000007,-0.79,0.5,1.0999999999999996,1.2800000000000002,1.33,1.2599999999999998,2.0300000000000002,1.2199999999999998,0.0,2.62,1.38,-2.3500000000000005,-2.0200000000000005,-2.12,-1.7400000000000002,-2.2700000000000005,-0.1800000000000006,-0.7400000000000002,0.4899999999999993,-3.63,-2.0200000000000005,-3.01,0.1899999999999995,-1.9500000000000002,-2.1900000000000004,-3.45,-1.7599999999999998,1.5200000000000005,-2.04,-1.83,-1.75,0.6499999999999995,-0.29000000000000004,-2.3200000000000003,-2.04,-1.62,-2.1900000000000004,-0.0600000000000005,-1.0300000000000002,-1.4000000000000004,-2.17,-2.4400000000000004,-0.4900000000000002,-2.17,-0.7599999999999998,-1.2700000000000005,-2.54,-3.41,-2.12,-1.5200000000000005,-1.3399999999999999,-1.29,-1.3600000000000003,-0.5899999999999999,-1.4000000000000004,-2.62,0.0,-1.2400000000000002,-1.1100000000000003,-0.7800000000000002,-0.8799999999999999,-0.5,-1.0300000000000002,1.0599999999999996,0.5,1.7299999999999995,-2.3899999999999997,-0.7800000000000002,-1.7699999999999996,1.4299999999999997,-0.71,-0.9500000000000002,-2.21,-0.5199999999999996,2.7600000000000007,-0.7999999999999998,-0.5899999999999999,-0.5099999999999998,1.8899999999999997,0.9500000000000002,-1.08,-0.7999999999999998,-0.3799999999999999,-0.9500000000000002,1.1799999999999997,0.20999999999999996,-0.16000000000000014,-0.9299999999999997,-1.2000000000000002,0.75,-0.9299999999999997,0.4800000000000004,-0.03000000000000025,-1.2999999999999998,-2.17,-0.8799999999999999,-0.28000000000000025,-0.09999999999999964,-0.04999999999999982,-0.1200000000000001,0.6500000000000004,-0.16000000000000014,-1.38,1.2400000000000002,0.0,0.0,2.9800000000000004,0.3600000000000003,3.0,-0.8200000000000003,0.9199999999999999,-1.1799999999999997,-0.8099999999999996,1.8899999999999997,-0.009999999999999787,0.8600000000000003,0.25,0.5499999999999998,0.6299999999999999,-0.6500000000000004,0.8700000000000001,1.0700000000000003,0.7599999999999998,0.020000000000000462,1.13,0.16000000000000014,1.0899999999999999,0.45999999999999996,2.6500000000000004,-0.34999999999999964,-0.05999999999999961,-0.20000000000000018,-0.6600000000000001,0.5499999999999998,1.6100000000000003,0.3200000000000003,-0.5800000000000001,1.0300000000000002,-0.22999999999999954,1.92,0.07000000000000028,2.0999999999999996,0.54,0.11000000000000032,0.8799999999999999,1.6399999999999997,0.5999999999999996,0.040000000000000036,1.96,1.6399999999999997,-0.96,0.6299999999999999,-2.9800000000000004,0.0,-2.62,0.019999999999999574,-3.8000000000000007,-2.0600000000000005,-4.16,-3.79,-1.0900000000000007,-2.99,-2.12,-2.7300000000000004,-2.4300000000000006,-2.3500000000000005,-3.630000000000001,-2.1100000000000003,-1.9100000000000001,-2.2200000000000006,-2.96,-1.8500000000000005,-2.8200000000000003,-1.8900000000000006,-2.5200000000000005,-0.33000000000000007,-3.33,-3.04,-3.1800000000000006,-3.6400000000000006,-2.4300000000000006,-1.37,-2.66,-3.5600000000000005,-1.9500000000000002,-3.21,-1.0600000000000005,-2.91,-0.8800000000000008,-2.4400000000000004,-2.87,-2.1000000000000005,-1.3400000000000007,-2.380000000000001,-2.9400000000000004,-1.0200000000000005,-1.3400000000000007,-3.9400000000000004,-2.3500000000000005,-0.3600000000000003,2.62,0.0,2.6399999999999997,-1.1800000000000006,0.5599999999999996,-1.54,-1.17,1.5299999999999994,-0.3700000000000001,0.5,-0.11000000000000032,0.1899999999999995,0.2699999999999996,-1.0100000000000007,0.5099999999999998,0.71,0.39999999999999947,-0.33999999999999986,0.7699999999999996,-0.20000000000000018,0.7299999999999995,0.09999999999999964,2.29,-0.71,-0.41999999999999993,-0.5600000000000005,-1.0200000000000005,0.1899999999999995,1.25,-0.040000000000000036,-0.9400000000000004,0.6699999999999999,-0.5899999999999999,1.5599999999999996,-0.29000000000000004,1.7399999999999993,0.17999999999999972,-0.25,0.5199999999999996,1.2799999999999994,0.23999999999999932,-0.3200000000000003,1.5999999999999996,1.2799999999999994,-1.3200000000000003,0.2699999999999996,-3.0,-0.019999999999999574,-2.6399999999999997,0.0,-3.8200000000000003,-2.08,-4.18,-3.8099999999999996,-1.1100000000000003,-3.01,-2.1399999999999997,-2.75,-2.45,-2.37,-3.6500000000000004,-2.13,-1.9299999999999997,-2.24,-2.9799999999999995,-1.87,-2.84,-1.9100000000000001,-2.54,-0.34999999999999964,-3.3499999999999996,-3.0599999999999996,-3.2,-3.66,-2.45,-1.3899999999999997,-2.6799999999999997,-3.58,-1.9699999999999998,-3.2299999999999995,-1.08,-2.9299999999999997,-0.9000000000000004,-2.46,-2.8899999999999997,-2.12,-1.3600000000000003,-2.4000000000000004,-2.96,-1.04,-1.3600000000000003,-3.96,-2.37,0.8200000000000003,3.8000000000000007,1.1800000000000006,3.8200000000000003,0.0,1.7400000000000002,-0.35999999999999943,0.010000000000000675,2.71,0.8100000000000005,1.6800000000000006,1.0700000000000003,1.37,1.4500000000000002,0.16999999999999993,1.6900000000000004,1.8900000000000006,1.58,0.8400000000000007,1.9500000000000002,0.9800000000000004,1.9100000000000001,1.2800000000000002,3.4700000000000006,0.47000000000000064,0.7600000000000007,0.6200000000000001,0.16000000000000014,1.37,2.4300000000000006,1.1400000000000006,0.2400000000000002,1.8500000000000005,0.5900000000000007,2.74,0.8900000000000006,2.92,1.3600000000000003,0.9300000000000006,1.7000000000000002,2.46,1.42,0.8600000000000003,2.7800000000000002,2.46,-0.13999999999999968,1.4500000000000002,-0.9199999999999999,2.0600000000000005,-0.5599999999999996,2.08,-1.7400000000000002,0.0,-2.0999999999999996,-1.7299999999999995,0.9699999999999998,-0.9299999999999997,-0.05999999999999961,-0.6699999999999999,-0.3700000000000001,-0.29000000000000004,-1.5700000000000003,-0.04999999999999982,0.15000000000000036,-0.16000000000000014,-0.8999999999999995,0.20999999999999996,-0.7599999999999998,0.16999999999999993,-0.45999999999999996,1.7300000000000004,-1.2699999999999996,-0.9799999999999995,-1.12,-1.58,-0.3700000000000001,0.6900000000000004,-0.5999999999999996,-1.5,0.11000000000000032,-1.1499999999999995,1.0,-0.8499999999999996,1.1799999999999997,-0.3799999999999999,-0.8099999999999996,-0.040000000000000036,0.7199999999999998,-0.3200000000000003,-0.8799999999999999,1.04,0.7199999999999998,-1.88,-0.29000000000000004,1.1799999999999997,4.16,1.54,4.18,0.35999999999999943,2.0999999999999996,0.0,0.3700000000000001,3.0699999999999994,1.17,2.04,1.4299999999999997,1.7299999999999995,1.8099999999999996,0.5299999999999994,2.05,2.25,1.9399999999999995,1.2000000000000002,2.3099999999999996,1.3399999999999999,2.2699999999999996,1.6399999999999997,3.83,0.8300000000000001,1.12,0.9799999999999995,0.5199999999999996,1.7299999999999995,2.79,1.5,0.5999999999999996,2.21,0.9500000000000002,3.0999999999999996,1.25,3.2799999999999994,1.7199999999999998,1.29,2.0599999999999996,2.8199999999999994,1.7799999999999994,1.2199999999999998,3.1399999999999997,2.8199999999999994,0.21999999999999975,1.8099999999999996,0.8099999999999996,3.79,1.17,3.8099999999999996,-0.010000000000000675,1.7299999999999995,-0.3700000000000001,0.0,2.6999999999999993,0.7999999999999998,1.67,1.0599999999999996,1.3599999999999994,1.4399999999999995,0.15999999999999925,1.6799999999999997,1.88,1.5699999999999994,0.8300000000000001,1.9399999999999995,0.9699999999999998,1.8999999999999995,1.2699999999999996,3.46,0.45999999999999996,0.75,0.6099999999999994,0.14999999999999947,1.3599999999999994,2.42,1.13,0.22999999999999954,1.8399999999999999,0.5800000000000001,2.7299999999999995,0.8799999999999999,2.9099999999999993,1.3499999999999996,0.9199999999999999,1.6899999999999995,2.4499999999999993,1.4099999999999993,0.8499999999999996,2.7699999999999996,2.4499999999999993,-0.15000000000000036,1.4399999999999995,-1.8899999999999997,1.0900000000000007,-1.5299999999999994,1.1100000000000003,-2.71,-0.9699999999999998,-3.0699999999999994,-2.6999999999999993,0.0,-1.8999999999999995,-1.0299999999999994,-1.6399999999999997,-1.3399999999999999,-1.2599999999999998,-2.54,-1.0199999999999996,-0.8199999999999994,-1.13,-1.8699999999999992,-0.7599999999999998,-1.7299999999999995,-0.7999999999999998,-1.4299999999999997,0.7600000000000007,-2.2399999999999993,-1.9499999999999993,-2.09,-2.55,-1.3399999999999999,-0.27999999999999936,-1.5699999999999994,-2.4699999999999998,-0.8599999999999994,-2.119999999999999,0.03000000000000025,-1.8199999999999994,0.20999999999999996,-1.3499999999999996,-1.7799999999999994,-1.0099999999999998,-0.25,-1.29,-1.8499999999999996,0.07000000000000028,-0.25,-2.8499999999999996,-1.2599999999999998,0.009999999999999787,2.99,0.3700000000000001,3.01,-0.8100000000000005,0.9299999999999997,-1.17,-0.7999999999999998,1.8999999999999995,0.0,0.8700000000000001,0.2599999999999998,0.5599999999999996,0.6399999999999997,-0.6400000000000006,0.8799999999999999,1.08,0.7699999999999996,0.03000000000000025,1.1399999999999997,0.16999999999999993,1.0999999999999996,0.46999999999999975,2.66,-0.33999999999999986,-0.04999999999999982,-0.1900000000000004,-0.6500000000000004,0.5599999999999996,1.62,0.33000000000000007,-0.5700000000000003,1.04,-0.21999999999999975,1.9299999999999997,0.08000000000000007,2.1099999999999994,0.5499999999999998,0.1200000000000001,0.8899999999999997,1.6499999999999995,0.6099999999999994,0.04999999999999982,1.9699999999999998,1.6499999999999995,-0.9500000000000002,0.6399999999999997,-0.8600000000000003,2.12,-0.5,2.1399999999999997,-1.6800000000000006,0.05999999999999961,-2.04,-1.67,1.0299999999999994,-0.8700000000000001,0.0,-0.6100000000000003,-0.3100000000000005,-0.23000000000000043,-1.5100000000000007,0.009999999999999787,0.20999999999999996,-0.10000000000000053,-0.8399999999999999,0.2699999999999996,-0.7000000000000002,0.22999999999999954,-0.40000000000000036,1.79,-1.21,-0.9199999999999999,-1.0600000000000005,-1.5200000000000005,-0.3100000000000005,0.75,-0.54,-1.4400000000000004,0.16999999999999993,-1.0899999999999999,1.0599999999999996,-0.79,1.2399999999999993,-0.3200000000000003,-0.75,0.019999999999999574,0.7799999999999994,-0.2600000000000007,-0.8200000000000003,1.0999999999999996,0.7799999999999994,-1.8200000000000003,-0.23000000000000043,-0.25,2.7300000000000004,0.11000000000000032,2.75,-1.0700000000000003,0.6699999999999999,-1.4299999999999997,-1.0599999999999996,1.6399999999999997,-0.2599999999999998,0.6100000000000003,0.0,0.2999999999999998,0.3799999999999999,-0.9000000000000004,0.6200000000000001,0.8200000000000003,0.5099999999999998,-0.22999999999999954,0.8799999999999999,-0.08999999999999986,0.8399999999999999,0.20999999999999996,2.4000000000000004,-0.5999999999999996,-0.3099999999999996,-0.4500000000000002,-0.9100000000000001,0.2999999999999998,1.3600000000000003,0.07000000000000028,-0.8300000000000001,0.7800000000000002,-0.47999999999999954,1.67,-0.17999999999999972,1.8499999999999996,0.29000000000000004,-0.13999999999999968,0.6299999999999999,1.3899999999999997,0.34999999999999964,-0.20999999999999996,1.71,1.3899999999999997,-1.21,0.3799999999999999,-0.5499999999999998,2.4300000000000006,-0.1899999999999995,2.45,-1.37,0.3700000000000001,-1.7299999999999995,-1.3599999999999994,1.3399999999999999,-0.5599999999999996,0.3100000000000005,-0.2999999999999998,0.0,0.08000000000000007,-1.2000000000000002,0.3200000000000003,0.5200000000000005,0.20999999999999996,-0.5299999999999994,0.5800000000000001,-0.3899999999999997,0.54,-0.08999999999999986,2.1000000000000005,-0.8999999999999995,-0.6099999999999994,-0.75,-1.21,0.0,1.0600000000000005,-0.22999999999999954,-1.13,0.4800000000000004,-0.7799999999999994,1.37,-0.47999999999999954,1.5499999999999998,-0.009999999999999787,-0.4399999999999995,0.33000000000000007,1.0899999999999999,0.04999999999999982,-0.5099999999999998,1.4100000000000001,1.0899999999999999,-1.5099999999999998,0.08000000000000007,-0.6299999999999999,2.3500000000000005,-0.2699999999999996,2.37,-1.4500000000000002,0.29000000000000004,-1.8099999999999996,-1.4399999999999995,1.2599999999999998,-0.6399999999999997,0.23000000000000043,-0.3799999999999999,-0.08000000000000007,0.0,-1.2800000000000002,0.2400000000000002,0.4400000000000004,0.1299999999999999,-0.6099999999999994,0.5,-0.46999999999999975,0.45999999999999996,-0.16999999999999993,2.0200000000000005,-0.9799999999999995,-0.6899999999999995,-0.8300000000000001,-1.29,-0.08000000000000007,0.9800000000000004,-0.3099999999999996,-1.21,0.40000000000000036,-0.8599999999999994,1.29,-0.5599999999999996,1.4699999999999998,-0.08999999999999986,-0.5199999999999996,0.25,1.0099999999999998,-0.03000000000000025,-0.5899999999999999,1.33,1.0099999999999998,-1.5899999999999999,0.0,0.6500000000000004,3.630000000000001,1.0100000000000007,3.6500000000000004,-0.16999999999999993,1.5700000000000003,-0.5299999999999994,-0.15999999999999925,2.54,0.6400000000000006,1.5100000000000007,0.9000000000000004,1.2000000000000002,1.2800000000000002,0.0,1.5200000000000005,1.7200000000000006,1.4100000000000001,0.6700000000000008,1.7800000000000002,0.8100000000000005,1.7400000000000002,1.1100000000000003,3.3000000000000007,0.3000000000000007,0.5900000000000007,0.4500000000000002,-0.009999999999999787,1.2000000000000002,2.2600000000000007,0.9700000000000006,0.07000000000000028,1.6800000000000006,0.4200000000000008,2.5700000000000003,0.7200000000000006,2.75,1.1900000000000004,0.7600000000000007,1.5300000000000002,2.29,1.25,0.6900000000000004,2.6100000000000003,2.29,-0.3099999999999996,1.2800000000000002,-0.8700000000000001,2.1100000000000003,-0.5099999999999998,2.13,-1.6900000000000004,0.04999999999999982,-2.05,-1.6799999999999997,1.0199999999999996,-0.8799999999999999,-0.009999999999999787,-0.6200000000000001,-0.3200000000000003,-0.2400000000000002,-1.5200000000000005,0.0,0.20000000000000018,-0.11000000000000032,-0.8499999999999996,0.2599999999999998,-0.71,0.21999999999999975,-0.41000000000000014,1.7800000000000002,-1.2199999999999998,-0.9299999999999997,-1.0700000000000003,-1.5300000000000002,-0.3200000000000003,0.7400000000000002,-0.5499999999999998,-1.4500000000000002,0.16000000000000014,-1.0999999999999996,1.0499999999999998,-0.7999999999999998,1.2299999999999995,-0.33000000000000007,-0.7599999999999998,0.009999999999999787,0.7699999999999996,-0.27000000000000046,-0.8300000000000001,1.0899999999999999,0.7699999999999996,-1.83,-0.2400000000000002,-1.0700000000000003,1.9100000000000001,-0.71,1.9299999999999997,-1.8900000000000006,-0.15000000000000036,-2.25,-1.88,0.8199999999999994,-1.08,-0.20999999999999996,-0.8200000000000003,-0.5200000000000005,-0.4400000000000004,-1.7200000000000006,-0.20000000000000018,0.0,-0.3100000000000005,-1.0499999999999998,0.05999999999999961,-0.9100000000000001,0.019999999999999574,-0.6100000000000003,1.58,-1.42,-1.13,-1.2700000000000005,-1.7300000000000004,-0.5200000000000005,0.54,-0.75,-1.6500000000000004,-0.040000000000000036,-1.2999999999999998,0.8499999999999996,-1.0,1.0299999999999994,-0.5300000000000002,-0.96,-0.1900000000000004,0.5699999999999994,-0.47000000000000064,-1.0300000000000002,0.8899999999999997,0.5699999999999994,-2.0300000000000002,-0.4400000000000004,-0.7599999999999998,2.2200000000000006,-0.39999999999999947,2.24,-1.58,0.16000000000000014,-1.9399999999999995,-1.5699999999999994,1.13,-0.7699999999999996,0.10000000000000053,-0.5099999999999998,-0.20999999999999996,-0.1299999999999999,-1.4100000000000001,0.11000000000000032,0.3100000000000005,0.0,-0.7399999999999993,0.3700000000000001,-0.5999999999999996,0.33000000000000007,-0.2999999999999998,1.8900000000000006,-1.1099999999999994,-0.8199999999999994,-0.96,-1.42,-0.20999999999999996,0.8500000000000005,-0.4399999999999995,-1.3399999999999999,0.27000000000000046,-0.9899999999999993,1.1600000000000001,-0.6899999999999995,1.3399999999999999,-0.21999999999999975,-0.6499999999999995,0.1200000000000001,0.8799999999999999,-0.16000000000000014,-0.7199999999999998,1.2000000000000002,0.8799999999999999,-1.7199999999999998,-0.1299999999999999,-0.020000000000000462,2.96,0.33999999999999986,2.9799999999999995,-0.8400000000000007,0.8999999999999995,-1.2000000000000002,-0.8300000000000001,1.8699999999999992,-0.03000000000000025,0.8399999999999999,0.22999999999999954,0.5299999999999994,0.6099999999999994,-0.6700000000000008,0.8499999999999996,1.0499999999999998,0.7399999999999993,0.0,1.1099999999999994,0.13999999999999968,1.0699999999999994,0.4399999999999995,2.63,-0.3700000000000001,-0.08000000000000007,-0.22000000000000064,-0.6800000000000006,0.5299999999999994,1.5899999999999999,0.2999999999999998,-0.6000000000000005,1.0099999999999998,-0.25,1.8999999999999995,0.04999999999999982,2.079999999999999,0.5199999999999996,0.08999999999999986,0.8599999999999994,1.6199999999999992,0.5799999999999992,0.019999999999999574,1.9399999999999995,1.6199999999999992,-0.9800000000000004,0.6099999999999994,-1.13,1.8500000000000005,-0.7699999999999996,1.87,-1.9500000000000002,-0.20999999999999996,-2.3099999999999996,-1.9399999999999995,0.7599999999999998,-1.1399999999999997,-0.2699999999999996,-0.8799999999999999,-0.5800000000000001,-0.5,-1.7800000000000002,-0.2599999999999998,-0.05999999999999961,-0.3700000000000001,-1.1099999999999994,0.0,-0.9699999999999998,-0.040000000000000036,-0.6699999999999999,1.5200000000000005,-1.4799999999999995,-1.1899999999999995,-1.33,-1.79,-0.5800000000000001,0.4800000000000004,-0.8099999999999996,-1.71,-0.09999999999999964,-1.3599999999999994,0.79,-1.0599999999999996,0.9699999999999998,-0.5899999999999999,-1.0199999999999996,-0.25,0.5099999999999998,-0.5300000000000002,-1.0899999999999999,0.8300000000000001,0.5099999999999998,-2.09,-0.5,-0.16000000000000014,2.8200000000000003,0.20000000000000018,2.84,-0.9800000000000004,0.7599999999999998,-1.3399999999999999,-0.9699999999999998,1.7299999999999995,-0.16999999999999993,0.7000000000000002,0.08999999999999986,0.3899999999999997,0.46999999999999975,-0.8100000000000005,0.71,0.9100000000000001,0.5999999999999996,-0.13999999999999968,0.9699999999999998,0.0,0.9299999999999997,0.2999999999999998,2.49,-0.5099999999999998,-0.21999999999999975,-0.3600000000000003,-0.8200000000000003,0.3899999999999997,1.4500000000000002,0.16000000000000014,-0.7400000000000002,0.8700000000000001,-0.3899999999999997,1.7599999999999998,-0.08999999999999986,1.9399999999999995,0.3799999999999999,-0.04999999999999982,0.7199999999999998,1.4799999999999995,0.4399999999999995,-0.1200000000000001,1.7999999999999998,1.4799999999999995,-1.12,0.46999999999999975,-1.0899999999999999,1.8900000000000006,-0.7299999999999995,1.9100000000000001,-1.9100000000000001,-0.16999999999999993,-2.2699999999999996,-1.8999999999999995,0.7999999999999998,-1.0999999999999996,-0.22999999999999954,-0.8399999999999999,-0.54,-0.45999999999999996,-1.7400000000000002,-0.21999999999999975,-0.019999999999999574,-0.33000000000000007,-1.0699999999999994,0.040000000000000036,-0.9299999999999997,0.0,-0.6299999999999999,1.5600000000000005,-1.4399999999999995,-1.1499999999999995,-1.29,-1.75,-0.54,0.5200000000000005,-0.7699999999999996,-1.67,-0.05999999999999961,-1.3199999999999994,0.8300000000000001,-1.0199999999999996,1.0099999999999998,-0.5499999999999998,-0.9799999999999995,-0.20999999999999996,0.5499999999999998,-0.4900000000000002,-1.0499999999999998,0.8700000000000001,0.5499999999999998,-2.05,-0.45999999999999996,-0.45999999999999996,2.5200000000000005,-0.09999999999999964,2.54,-1.2800000000000002,0.45999999999999996,-1.6399999999999997,-1.2699999999999996,1.4299999999999997,-0.46999999999999975,0.40000000000000036,-0.20999999999999996,0.08999999999999986,0.16999999999999993,-1.1100000000000003,0.41000000000000014,0.6100000000000003,0.2999999999999998,-0.4399999999999995,0.6699999999999999,-0.2999999999999998,0.6299999999999999,0.0,2.1900000000000004,-0.8099999999999996,-0.5199999999999996,-0.6600000000000001,-1.12,0.08999999999999986,1.1500000000000004,-0.13999999999999968,-1.04,0.5700000000000003,-0.6899999999999995,1.46,-0.3899999999999997,1.6399999999999997,0.08000000000000007,-0.34999999999999964,0.41999999999999993,1.1799999999999997,0.13999999999999968,-0.41999999999999993,1.5,1.1799999999999997,-1.42,0.16999999999999993,-2.6500000000000004,0.33000000000000007,-2.29,0.34999999999999964,-3.4700000000000006,-1.7300000000000004,-3.83,-3.46,-0.7600000000000007,-2.66,-1.79,-2.4000000000000004,-2.1000000000000005,-2.0200000000000005,-3.3000000000000007,-1.7800000000000002,-1.58,-1.8900000000000006,-2.63,-1.5200000000000005,-2.49,-1.5600000000000005,-2.1900000000000004,0.0,-3.0,-2.71,-2.8500000000000005,-3.3100000000000005,-2.1000000000000005,-1.04,-2.33,-3.2300000000000004,-1.62,-2.88,-0.7300000000000004,-2.58,-0.5500000000000007,-2.1100000000000003,-2.54,-1.7700000000000005,-1.0100000000000007,-2.0500000000000007,-2.6100000000000003,-0.6900000000000004,-1.0100000000000007,-3.6100000000000003,-2.0200000000000005,0.34999999999999964,3.33,0.71,3.3499999999999996,-0.47000000000000064,1.2699999999999996,-0.8300000000000001,-0.45999999999999996,2.2399999999999993,0.33999999999999986,1.21,0.5999999999999996,0.8999999999999995,0.9799999999999995,-0.3000000000000007,1.2199999999999998,1.42,1.1099999999999994,0.3700000000000001,1.4799999999999995,0.5099999999999998,1.4399999999999995,0.8099999999999996,3.0,0.0,0.29000000000000004,0.14999999999999947,-0.3100000000000005,0.8999999999999995,1.96,0.6699999999999999,-0.23000000000000043,1.38,0.1200000000000001,2.2699999999999996,0.41999999999999993,2.4499999999999993,0.8899999999999997,0.45999999999999996,1.2299999999999995,1.9899999999999993,0.9499999999999993,0.3899999999999997,2.3099999999999996,1.9899999999999993,-0.6100000000000003,0.9799999999999995,0.05999999999999961,3.04,0.41999999999999993,3.0599999999999996,-0.7600000000000007,0.9799999999999995,-1.12,-0.75,1.9499999999999993,0.04999999999999982,0.9199999999999999,0.3099999999999996,0.6099999999999994,0.6899999999999995,-0.5900000000000007,0.9299999999999997,1.13,0.8199999999999994,0.08000000000000007,1.1899999999999995,0.21999999999999975,1.1499999999999995,0.5199999999999996,2.71,-0.29000000000000004,0.0,-0.14000000000000057,-0.6000000000000005,0.6099999999999994,1.67,0.3799999999999999,-0.5200000000000005,1.0899999999999999,-0.16999999999999993,1.9799999999999995,0.1299999999999999,2.1599999999999993,0.5999999999999996,0.16999999999999993,0.9399999999999995,1.6999999999999993,0.6599999999999993,0.09999999999999964,2.0199999999999996,1.6999999999999993,-0.9000000000000004,0.6899999999999995,0.20000000000000018,3.1800000000000006,0.5600000000000005,3.2,-0.6200000000000001,1.12,-0.9799999999999995,-0.6099999999999994,2.09,0.1900000000000004,1.0600000000000005,0.4500000000000002,0.75,0.8300000000000001,-0.4500000000000002,1.0700000000000003,1.2700000000000005,0.96,0.22000000000000064,1.33,0.3600000000000003,1.29,0.6600000000000001,2.8500000000000005,-0.14999999999999947,0.14000000000000057,0.0,-0.45999999999999996,0.75,1.8100000000000005,0.5200000000000005,-0.3799999999999999,1.2300000000000004,-0.02999999999999936,2.12,0.27000000000000046,2.3,0.7400000000000002,0.3100000000000005,1.08,1.8399999999999999,0.7999999999999998,0.2400000000000002,2.16,1.8399999999999999,-0.7599999999999998,0.8300000000000001,0.6600000000000001,3.6400000000000006,1.0200000000000005,3.66,-0.16000000000000014,1.58,-0.5199999999999996,-0.14999999999999947,2.55,0.6500000000000004,1.5200000000000005,0.9100000000000001,1.21,1.29,0.009999999999999787,1.5300000000000002,1.7300000000000004,1.42,0.6800000000000006,1.79,0.8200000000000003,1.75,1.12,3.3100000000000005,0.3100000000000005,0.6000000000000005,0.45999999999999996,0.0,1.21,2.2700000000000005,0.9800000000000004,0.08000000000000007,1.6900000000000004,0.4300000000000006,2.58,0.7300000000000004,2.76,1.2000000000000002,0.7700000000000005,1.54,2.3,1.2599999999999998,0.7000000000000002,2.62,2.3,-0.2999999999999998,1.29,-0.5499999999999998,2.4300000000000006,-0.1899999999999995,2.45,-1.37,0.3700000000000001,-1.7299999999999995,-1.3599999999999994,1.3399999999999999,-0.5599999999999996,0.3100000000000005,-0.2999999999999998,0.0,0.08000000000000007,-1.2000000000000002,0.3200000000000003,0.5200000000000005,0.20999999999999996,-0.5299999999999994,0.5800000000000001,-0.3899999999999997,0.54,-0.08999999999999986,2.1000000000000005,-0.8999999999999995,-0.6099999999999994,-0.75,-1.21,0.0,1.0600000000000005,-0.22999999999999954,-1.13,0.4800000000000004,-0.7799999999999994,1.37,-0.47999999999999954,1.5499999999999998,-0.009999999999999787,-0.4399999999999995,0.33000000000000007,1.0899999999999999,0.04999999999999982,-0.5099999999999998,1.4100000000000001,1.0899999999999999,-1.5099999999999998,0.08000000000000007,-1.6100000000000003,1.37,-1.25,1.3899999999999997,-2.4300000000000006,-0.6900000000000004,-2.79,-2.42,0.27999999999999936,-1.62,-0.75,-1.3600000000000003,-1.0600000000000005,-0.9800000000000004,-2.2600000000000007,-0.7400000000000002,-0.54,-0.8500000000000005,-1.5899999999999999,-0.4800000000000004,-1.4500000000000002,-0.5200000000000005,-1.1500000000000004,1.04,-1.96,-1.67,-1.8100000000000005,-2.2700000000000005,-1.0600000000000005,0.0,-1.29,-2.1900000000000004,-0.5800000000000001,-1.8399999999999999,0.3099999999999996,-1.54,0.4899999999999993,-1.0700000000000003,-1.5,-0.7300000000000004,0.02999999999999936,-1.0100000000000007,-1.5700000000000003,0.34999999999999964,0.02999999999999936,-2.5700000000000003,-0.9800000000000004,-0.3200000000000003,2.66,0.040000000000000036,2.6799999999999997,-1.1400000000000006,0.5999999999999996,-1.5,-1.13,1.5699999999999994,-0.33000000000000007,0.54,-0.07000000000000028,0.22999999999999954,0.3099999999999996,-0.9700000000000006,0.5499999999999998,0.75,0.4399999999999995,-0.2999999999999998,0.8099999999999996,-0.16000000000000014,0.7699999999999996,0.13999999999999968,2.33,-0.6699999999999999,-0.3799999999999999,-0.5200000000000005,-0.9800000000000004,0.22999999999999954,1.29,0.0,-0.9000000000000004,0.71,-0.5499999999999998,1.5999999999999996,-0.25,1.7799999999999994,0.21999999999999975,-0.20999999999999996,0.5599999999999996,1.3199999999999994,0.27999999999999936,-0.28000000000000025,1.6399999999999997,1.3199999999999994,-1.2800000000000002,0.3099999999999996,0.5800000000000001,3.5600000000000005,0.9400000000000004,3.58,-0.2400000000000002,1.5,-0.5999999999999996,-0.22999999999999954,2.4699999999999998,0.5700000000000003,1.4400000000000004,0.8300000000000001,1.13,1.21,-0.07000000000000028,1.4500000000000002,1.6500000000000004,1.3399999999999999,0.6000000000000005,1.71,0.7400000000000002,1.67,1.04,3.2300000000000004,0.23000000000000043,0.5200000000000005,0.3799999999999999,-0.08000000000000007,1.13,2.1900000000000004,0.9000000000000004,0.0,1.6100000000000003,0.35000000000000053,2.5,0.6500000000000004,2.6799999999999997,1.12,0.6900000000000004,1.46,2.2199999999999998,1.1799999999999997,0.6200000000000001,2.54,2.2199999999999998,-0.3799999999999999,1.21,-1.0300000000000002,1.9500000000000002,-0.6699999999999999,1.9699999999999998,-1.8500000000000005,-0.11000000000000032,-2.21,-1.8399999999999999,0.8599999999999994,-1.04,-0.16999999999999993,-0.7800000000000002,-0.4800000000000004,-0.40000000000000036,-1.6800000000000006,-0.16000000000000014,0.040000000000000036,-0.27000000000000046,-1.0099999999999998,0.09999999999999964,-0.8700000000000001,0.05999999999999961,-0.5700000000000003,1.62,-1.38,-1.0899999999999999,-1.2300000000000004,-1.6900000000000004,-0.4800000000000004,0.5800000000000001,-0.71,-1.6100000000000003,0.0,-1.2599999999999998,0.8899999999999997,-0.96,1.0699999999999994,-0.4900000000000002,-0.9199999999999999,-0.15000000000000036,0.6099999999999994,-0.4300000000000006,-0.9900000000000002,0.9299999999999997,0.6099999999999994,-1.9900000000000002,-0.40000000000000036,0.22999999999999954,3.21,0.5899999999999999,3.2299999999999995,-0.5900000000000007,1.1499999999999995,-0.9500000000000002,-0.5800000000000001,2.119999999999999,0.21999999999999975,1.0899999999999999,0.47999999999999954,0.7799999999999994,0.8599999999999994,-0.4200000000000008,1.0999999999999996,1.2999999999999998,0.9899999999999993,0.25,1.3599999999999994,0.3899999999999997,1.3199999999999994,0.6899999999999995,2.88,-0.1200000000000001,0.16999999999999993,0.02999999999999936,-0.4300000000000006,0.7799999999999994,1.8399999999999999,0.5499999999999998,-0.35000000000000053,1.2599999999999998,0.0,2.1499999999999995,0.2999999999999998,2.329999999999999,0.7699999999999996,0.33999999999999986,1.1099999999999994,1.8699999999999992,0.8299999999999992,0.2699999999999996,2.1899999999999995,1.8699999999999992,-0.7300000000000004,0.8599999999999994,-1.92,1.0600000000000005,-1.5599999999999996,1.08,-2.74,-1.0,-3.0999999999999996,-2.7299999999999995,-0.03000000000000025,-1.9299999999999997,-1.0599999999999996,-1.67,-1.37,-1.29,-2.5700000000000003,-1.0499999999999998,-0.8499999999999996,-1.1600000000000001,-1.8999999999999995,-0.79,-1.7599999999999998,-0.8300000000000001,-1.46,0.7300000000000004,-2.2699999999999996,-1.9799999999999995,-2.12,-2.58,-1.37,-0.3099999999999996,-1.5999999999999996,-2.5,-0.8899999999999997,-2.1499999999999995,0.0,-1.8499999999999996,0.17999999999999972,-1.38,-1.8099999999999996,-1.04,-0.28000000000000025,-1.3200000000000003,-1.88,0.040000000000000036,-0.28000000000000025,-2.88,-1.29,-0.07000000000000028,2.91,0.29000000000000004,2.9299999999999997,-0.8900000000000006,0.8499999999999996,-1.25,-0.8799999999999999,1.8199999999999994,-0.08000000000000007,0.79,0.17999999999999972,0.47999999999999954,0.5599999999999996,-0.7200000000000006,0.7999999999999998,1.0,0.6899999999999995,-0.04999999999999982,1.0599999999999996,0.08999999999999986,1.0199999999999996,0.3899999999999997,2.58,-0.41999999999999993,-0.1299999999999999,-0.27000000000000046,-0.7300000000000004,0.47999999999999954,1.54,0.25,-0.6500000000000004,0.96,-0.2999999999999998,1.8499999999999996,0.0,2.0299999999999994,0.46999999999999975,0.040000000000000036,0.8099999999999996,1.5699999999999994,0.5299999999999994,-0.03000000000000025,1.8899999999999997,1.5699999999999994,-1.0300000000000002,0.5599999999999996,-2.0999999999999996,0.8800000000000008,-1.7399999999999993,0.9000000000000004,-2.92,-1.1799999999999997,-3.2799999999999994,-2.9099999999999993,-0.20999999999999996,-2.1099999999999994,-1.2399999999999993,-1.8499999999999996,-1.5499999999999998,-1.4699999999999998,-2.75,-1.2299999999999995,-1.0299999999999994,-1.3399999999999999,-2.079999999999999,-0.9699999999999998,-1.9399999999999995,-1.0099999999999998,-1.6399999999999997,0.5500000000000007,-2.4499999999999993,-2.1599999999999993,-2.3,-2.76,-1.5499999999999998,-0.4899999999999993,-1.7799999999999994,-2.6799999999999997,-1.0699999999999994,-2.329999999999999,-0.17999999999999972,-2.0299999999999994,0.0,-1.5599999999999996,-1.9899999999999993,-1.2199999999999998,-0.45999999999999996,-1.5,-2.0599999999999996,-0.13999999999999968,-0.45999999999999996,-3.0599999999999996,-1.4699999999999998,-0.54,2.4400000000000004,-0.17999999999999972,2.46,-1.3600000000000003,0.3799999999999999,-1.7199999999999998,-1.3499999999999996,1.3499999999999996,-0.5499999999999998,0.3200000000000003,-0.29000000000000004,0.009999999999999787,0.08999999999999986,-1.1900000000000004,0.33000000000000007,0.5300000000000002,0.21999999999999975,-0.5199999999999996,0.5899999999999999,-0.3799999999999999,0.5499999999999998,-0.08000000000000007,2.1100000000000003,-0.8899999999999997,-0.5999999999999996,-0.7400000000000002,-1.2000000000000002,0.009999999999999787,1.0700000000000003,-0.21999999999999975,-1.12,0.4900000000000002,-0.7699999999999996,1.38,-0.46999999999999975,1.5599999999999996,0.0,-0.4299999999999997,0.33999999999999986,1.0999999999999996,0.05999999999999961,-0.5,1.42,1.0999999999999996,-1.5,0.08999999999999986,-0.11000000000000032,2.87,0.25,2.8899999999999997,-0.9300000000000006,0.8099999999999996,-1.29,-0.9199999999999999,1.7799999999999994,-0.1200000000000001,0.75,0.13999999999999968,0.4399999999999995,0.5199999999999996,-0.7600000000000007,0.7599999999999998,0.96,0.6499999999999995,-0.08999999999999986,1.0199999999999996,0.04999999999999982,0.9799999999999995,0.34999999999999964,2.54,-0.45999999999999996,-0.16999999999999993,-0.3100000000000005,-0.7700000000000005,0.4399999999999995,1.5,0.20999999999999996,-0.6900000000000004,0.9199999999999999,-0.33999999999999986,1.8099999999999996,-0.040000000000000036,1.9899999999999993,0.4299999999999997,0.0,0.7699999999999996,1.5299999999999994,0.4899999999999993,-0.07000000000000028,1.8499999999999996,1.5299999999999994,-1.0700000000000003,0.5199999999999996,-0.8799999999999999,2.1000000000000005,-0.5199999999999996,2.12,-1.7000000000000002,0.040000000000000036,-2.0599999999999996,-1.6899999999999995,1.0099999999999998,-0.8899999999999997,-0.019999999999999574,-0.6299999999999999,-0.33000000000000007,-0.25,-1.5300000000000002,-0.009999999999999787,0.1900000000000004,-0.1200000000000001,-0.8599999999999994,0.25,-0.7199999999999998,0.20999999999999996,-0.41999999999999993,1.7700000000000005,-1.2299999999999995,-0.9399999999999995,-1.08,-1.54,-0.33000000000000007,0.7300000000000004,-0.5599999999999996,-1.46,0.15000000000000036,-1.1099999999999994,1.04,-0.8099999999999996,1.2199999999999998,-0.33999999999999986,-0.7699999999999996,0.0,0.7599999999999998,-0.28000000000000025,-0.8399999999999999,1.08,0.7599999999999998,-1.8399999999999999,-0.25,-1.6399999999999997,1.3400000000000007,-1.2799999999999994,1.3600000000000003,-2.46,-0.7199999999999998,-2.8199999999999994,-2.4499999999999993,0.25,-1.6499999999999995,-0.7799999999999994,-1.3899999999999997,-1.0899999999999999,-1.0099999999999998,-2.29,-0.7699999999999996,-0.5699999999999994,-0.8799999999999999,-1.6199999999999992,-0.5099999999999998,-1.4799999999999995,-0.5499999999999998,-1.1799999999999997,1.0100000000000007,-1.9899999999999993,-1.6999999999999993,-1.8399999999999999,-2.3,-1.0899999999999999,-0.02999999999999936,-1.3199999999999994,-2.2199999999999998,-0.6099999999999994,-1.8699999999999992,0.28000000000000025,-1.5699999999999994,0.45999999999999996,-1.0999999999999996,-1.5299999999999994,-0.7599999999999998,0.0,-1.04,-1.5999999999999996,0.3200000000000003,0.0,-2.5999999999999996,-1.0099999999999998,-0.5999999999999996,2.380000000000001,-0.23999999999999932,2.4000000000000004,-1.42,0.3200000000000003,-1.7799999999999994,-1.4099999999999993,1.29,-0.6099999999999994,0.2600000000000007,-0.34999999999999964,-0.04999999999999982,0.03000000000000025,-1.25,0.27000000000000046,0.47000000000000064,0.16000000000000014,-0.5799999999999992,0.5300000000000002,-0.4399999999999995,0.4900000000000002,-0.13999999999999968,2.0500000000000007,-0.9499999999999993,-0.6599999999999993,-0.7999999999999998,-1.2599999999999998,-0.04999999999999982,1.0100000000000007,-0.27999999999999936,-1.1799999999999997,0.4300000000000006,-0.8299999999999992,1.3200000000000003,-0.5299999999999994,1.5,-0.05999999999999961,-0.4899999999999993,0.28000000000000025,1.04,0.0,-0.5599999999999996,1.3600000000000003,1.04,-1.5599999999999996,0.03000000000000025,-0.040000000000000036,2.9400000000000004,0.3200000000000003,2.96,-0.8600000000000003,0.8799999999999999,-1.2199999999999998,-0.8499999999999996,1.8499999999999996,-0.04999999999999982,0.8200000000000003,0.20999999999999996,0.5099999999999998,0.5899999999999999,-0.6900000000000004,0.8300000000000001,1.0300000000000002,0.7199999999999998,-0.019999999999999574,1.0899999999999999,0.1200000000000001,1.0499999999999998,0.41999999999999993,2.6100000000000003,-0.3899999999999997,-0.09999999999999964,-0.2400000000000002,-0.7000000000000002,0.5099999999999998,1.5700000000000003,0.28000000000000025,-0.6200000000000001,0.9900000000000002,-0.2699999999999996,1.88,0.03000000000000025,2.0599999999999996,0.5,0.07000000000000028,0.8399999999999999,1.5999999999999996,0.5599999999999996,0.0,1.92,1.5999999999999996,-1.0,0.5899999999999999,-1.96,1.0200000000000005,-1.5999999999999996,1.04,-2.7800000000000002,-1.04,-3.1399999999999997,-2.7699999999999996,-0.07000000000000028,-1.9699999999999998,-1.0999999999999996,-1.71,-1.4100000000000001,-1.33,-2.6100000000000003,-1.0899999999999999,-0.8899999999999997,-1.2000000000000002,-1.9399999999999995,-0.8300000000000001,-1.7999999999999998,-0.8700000000000001,-1.5,0.6900000000000004,-2.3099999999999996,-2.0199999999999996,-2.16,-2.62,-1.4100000000000001,-0.34999999999999964,-1.6399999999999997,-2.54,-0.9299999999999997,-2.1899999999999995,-0.040000000000000036,-1.8899999999999997,0.13999999999999968,-1.42,-1.8499999999999996,-1.08,-0.3200000000000003,-1.3600000000000003,-1.92,0.0,-0.3200000000000003,-2.92,-1.33,-1.6399999999999997,1.3400000000000007,-1.2799999999999994,1.3600000000000003,-2.46,-0.7199999999999998,-2.8199999999999994,-2.4499999999999993,0.25,-1.6499999999999995,-0.7799999999999994,-1.3899999999999997,-1.0899999999999999,-1.0099999999999998,-2.29,-0.7699999999999996,-0.5699999999999994,-0.8799999999999999,-1.6199999999999992,-0.5099999999999998,-1.4799999999999995,-0.5499999999999998,-1.1799999999999997,1.0100000000000007,-1.9899999999999993,-1.6999999999999993,-1.8399999999999999,-2.3,-1.0899999999999999,-0.02999999999999936,-1.3199999999999994,-2.2199999999999998,-0.6099999999999994,-1.8699999999999992,0.28000000000000025,-1.5699999999999994,0.45999999999999996,-1.0999999999999996,-1.5299999999999994,-0.7599999999999998,0.0,-1.04,-1.5999999999999996,0.3200000000000003,0.0,-2.5999999999999996,-1.0099999999999998,0.96,3.9400000000000004,1.3200000000000003,3.96,0.13999999999999968,1.88,-0.21999999999999975,0.15000000000000036,2.8499999999999996,0.9500000000000002,1.8200000000000003,1.21,1.5099999999999998,1.5899999999999999,0.3099999999999996,1.83,2.0300000000000002,1.7199999999999998,0.9800000000000004,2.09,1.12,2.05,1.42,3.6100000000000003,0.6100000000000003,0.9000000000000004,0.7599999999999998,0.2999999999999998,1.5099999999999998,2.5700000000000003,1.2800000000000002,0.3799999999999999,1.9900000000000002,0.7300000000000004,2.88,1.0300000000000002,3.0599999999999996,1.5,1.0700000000000003,1.8399999999999999,2.5999999999999996,1.5599999999999996,1.0,2.92,2.5999999999999996,0.0,1.5899999999999999,-0.6299999999999999,2.3500000000000005,-0.2699999999999996,2.37,-1.4500000000000002,0.29000000000000004,-1.8099999999999996,-1.4399999999999995,1.2599999999999998,-0.6399999999999997,0.23000000000000043,-0.3799999999999999,-0.08000000000000007,0.0,-1.2800000000000002,0.2400000000000002,0.4400000000000004,0.1299999999999999,-0.6099999999999994,0.5,-0.46999999999999975,0.45999999999999996,-0.16999999999999993,2.0200000000000005,-0.9799999999999995,-0.6899999999999995,-0.8300000000000001,-1.29,-0.08000000000000007,0.9800000000000004,-0.3099999999999996,-1.21,0.40000000000000036,-0.8599999999999994,1.29,-0.5599999999999996,1.4699999999999998,-0.08999999999999986,-0.5199999999999996,0.25,1.0099999999999998,-0.03000000000000025,-0.5899999999999999,1.33,1.0099999999999998,-1.5899999999999999,0.0,0.0,-0.3199999999999994,-1.29,-2.67,-2.45,0.4200000000000008,-1.9699999999999998,-1.4699999999999998,-2.3,-0.4500000000000002,-0.25,-0.22999999999999954,-1.2400000000000002,-0.8799999999999999,-2.08,-2.42,-1.37,0.8400000000000007,-1.5,-0.5899999999999999,-1.38,-1.8099999999999996,-1.8999999999999995,-2.2199999999999998,-2.41,-0.6600000000000001,-0.04999999999999982,-2.9699999999999998,-0.28000000000000025,-1.4299999999999997,-2.0999999999999996,-2.3599999999999994,0.0,-2.71,-0.8899999999999997,0.6200000000000001,-1.9399999999999995,-2.2199999999999998,-1.7599999999999998,0.5499999999999998,-1.5,-1.25,-0.3199999999999994,-1.8599999999999994,-2.2299999999999995,0.08999999999999986,-2.1899999999999995,0.3199999999999994,0.0,-0.9700000000000006,-2.3500000000000005,-2.130000000000001,0.7400000000000002,-1.6500000000000004,-1.1500000000000004,-1.9800000000000004,-0.13000000000000078,0.0699999999999994,0.08999999999999986,-0.9200000000000008,-0.5600000000000005,-1.7600000000000007,-2.1000000000000005,-1.0500000000000007,1.1600000000000001,-1.1800000000000006,-0.27000000000000046,-1.0600000000000005,-1.4900000000000002,-1.58,-1.9000000000000004,-2.0900000000000007,-0.34000000000000075,0.2699999999999996,-2.6500000000000004,0.03999999999999915,-1.1100000000000003,-1.7800000000000002,-2.04,0.3199999999999994,-2.3900000000000006,-0.5700000000000003,0.9399999999999995,-1.62,-1.9000000000000004,-1.4400000000000004,0.8699999999999992,-1.1800000000000006,-0.9300000000000006,0.0,-1.54,-1.9100000000000001,0.40999999999999925,-1.87,1.29,0.9700000000000006,0.0,-1.38,-1.1600000000000001,1.7100000000000009,-0.6799999999999997,-0.17999999999999972,-1.0099999999999998,0.8399999999999999,1.04,1.0600000000000005,0.04999999999999982,0.41000000000000014,-0.79,-1.13,-0.08000000000000007,2.130000000000001,-0.20999999999999996,0.7000000000000002,-0.08999999999999986,-0.5199999999999996,-0.6099999999999994,-0.9299999999999997,-1.12,0.6299999999999999,1.2400000000000002,-1.6799999999999997,1.0099999999999998,-0.13999999999999968,-0.8099999999999996,-1.0699999999999994,1.29,-1.42,0.40000000000000036,1.9100000000000001,-0.6499999999999995,-0.9299999999999997,-0.46999999999999975,1.8399999999999999,-0.20999999999999996,0.040000000000000036,0.9700000000000006,-0.5699999999999994,-0.9399999999999995,1.38,-0.8999999999999995,2.67,2.3500000000000005,1.38,0.0,0.21999999999999975,3.0900000000000007,0.7000000000000002,1.2000000000000002,0.3700000000000001,2.2199999999999998,2.42,2.4400000000000004,1.4299999999999997,1.79,0.5899999999999999,0.25,1.2999999999999998,3.5100000000000007,1.17,2.08,1.29,0.8600000000000003,0.7700000000000005,0.4500000000000002,0.2599999999999998,2.01,2.62,-0.2999999999999998,2.3899999999999997,1.2400000000000002,0.5700000000000003,0.3100000000000005,2.67,-0.040000000000000036,1.7800000000000002,3.29,0.7300000000000004,0.4500000000000002,0.9100000000000001,3.2199999999999998,1.17,1.42,2.3500000000000005,0.8100000000000005,0.4400000000000004,2.76,0.4800000000000004,2.45,2.130000000000001,1.1600000000000001,-0.21999999999999975,0.0,2.870000000000001,0.4800000000000004,0.9800000000000004,0.15000000000000036,2.0,2.2,2.2200000000000006,1.21,1.5700000000000003,0.3700000000000001,0.03000000000000025,1.08,3.290000000000001,0.9500000000000002,1.8600000000000003,1.0700000000000003,0.6400000000000006,0.5500000000000007,0.23000000000000043,0.040000000000000036,1.79,2.4000000000000004,-0.5199999999999996,2.17,1.0200000000000005,0.35000000000000053,0.09000000000000075,2.45,-0.2599999999999998,1.5600000000000005,3.0700000000000003,0.5100000000000007,0.23000000000000043,0.6900000000000004,3.0,0.9500000000000002,1.2000000000000002,2.130000000000001,0.5900000000000007,0.22000000000000064,2.54,0.2600000000000007,-0.4200000000000008,-0.7400000000000002,-1.7100000000000009,-3.0900000000000007,-2.870000000000001,0.0,-2.3900000000000006,-1.8900000000000006,-2.7200000000000006,-0.870000000000001,-0.6700000000000008,-0.6500000000000004,-1.660000000000001,-1.3000000000000007,-2.500000000000001,-2.8400000000000007,-1.790000000000001,0.41999999999999993,-1.9200000000000008,-1.0100000000000007,-1.8000000000000007,-2.2300000000000004,-2.3200000000000003,-2.6400000000000006,-2.830000000000001,-1.080000000000001,-0.47000000000000064,-3.3900000000000006,-0.7000000000000011,-1.8500000000000005,-2.5200000000000005,-2.7800000000000002,-0.4200000000000008,-3.130000000000001,-1.3100000000000005,0.1999999999999993,-2.3600000000000003,-2.6400000000000006,-2.1800000000000006,0.129999999999999,-1.9200000000000008,-1.6700000000000008,-0.7400000000000002,-2.2800000000000002,-2.6500000000000004,-0.33000000000000096,-2.6100000000000003,1.9699999999999998,1.6500000000000004,0.6799999999999997,-0.7000000000000002,-0.4800000000000004,2.3900000000000006,0.0,0.5,-0.33000000000000007,1.5199999999999996,1.7199999999999998,1.7400000000000002,0.7299999999999995,1.0899999999999999,-0.11000000000000032,-0.4500000000000002,0.5999999999999996,2.8100000000000005,0.46999999999999975,1.38,0.5899999999999999,0.16000000000000014,0.07000000000000028,-0.25,-0.4400000000000004,1.3099999999999996,1.92,-1.0,1.6899999999999995,0.54,-0.1299999999999999,-0.3899999999999997,1.9699999999999998,-0.7400000000000002,1.08,2.59,0.03000000000000025,-0.25,0.20999999999999996,2.5199999999999996,0.46999999999999975,0.7199999999999998,1.6500000000000004,0.11000000000000032,-0.2599999999999998,2.0599999999999996,-0.21999999999999975,1.4699999999999998,1.1500000000000004,0.17999999999999972,-1.2000000000000002,-0.9800000000000004,1.8900000000000006,-0.5,0.0,-0.8300000000000001,1.0199999999999996,1.2199999999999998,1.2400000000000002,0.22999999999999954,0.5899999999999999,-0.6100000000000003,-0.9500000000000002,0.09999999999999964,2.3100000000000005,-0.03000000000000025,0.8799999999999999,0.08999999999999986,-0.33999999999999986,-0.4299999999999997,-0.75,-0.9400000000000004,0.8099999999999996,1.42,-1.5,1.1899999999999995,0.040000000000000036,-0.6299999999999999,-0.8899999999999997,1.4699999999999998,-1.2400000000000002,0.5800000000000001,2.09,-0.46999999999999975,-0.75,-0.29000000000000004,2.0199999999999996,-0.03000000000000025,0.21999999999999975,1.1500000000000004,-0.3899999999999997,-0.7599999999999998,1.5599999999999996,-0.7199999999999998,2.3,1.9800000000000004,1.0099999999999998,-0.3700000000000001,-0.15000000000000036,2.7200000000000006,0.33000000000000007,0.8300000000000001,0.0,1.8499999999999996,2.05,2.0700000000000003,1.0599999999999996,1.42,0.21999999999999975,-0.1200000000000001,0.9299999999999997,3.1400000000000006,0.7999999999999998,1.71,0.9199999999999999,0.4900000000000002,0.40000000000000036,0.08000000000000007,-0.11000000000000032,1.6399999999999997,2.25,-0.6699999999999999,2.0199999999999996,0.8700000000000001,0.20000000000000018,-0.05999999999999961,2.3,-0.41000000000000014,1.4100000000000001,2.92,0.3600000000000003,0.08000000000000007,0.54,2.8499999999999996,0.7999999999999998,1.0499999999999998,1.9800000000000004,0.4400000000000004,0.07000000000000028,2.3899999999999997,0.11000000000000032,0.4500000000000002,0.13000000000000078,-0.8399999999999999,-2.2199999999999998,-2.0,0.870000000000001,-1.5199999999999996,-1.0199999999999996,-1.8499999999999996,0.0,0.20000000000000018,0.22000000000000064,-0.79,-0.4299999999999997,-1.63,-1.9699999999999998,-0.9199999999999999,1.290000000000001,-1.0499999999999998,-0.13999999999999968,-0.9299999999999997,-1.3599999999999994,-1.4499999999999993,-1.7699999999999996,-1.96,-0.20999999999999996,0.40000000000000036,-2.5199999999999996,0.16999999999999993,-0.9799999999999995,-1.6499999999999995,-1.9099999999999993,0.4500000000000002,-2.26,-0.4399999999999995,1.0700000000000003,-1.4899999999999993,-1.7699999999999996,-1.3099999999999996,1.0,-1.0499999999999998,-0.7999999999999998,0.13000000000000078,-1.4099999999999993,-1.7799999999999994,0.54,-1.7399999999999993,0.25,-0.0699999999999994,-1.04,-2.42,-2.2,0.6700000000000008,-1.7199999999999998,-1.2199999999999998,-2.05,-0.20000000000000018,0.0,0.020000000000000462,-0.9900000000000002,-0.6299999999999999,-1.83,-2.17,-1.12,1.0900000000000007,-1.25,-0.33999999999999986,-1.13,-1.5599999999999996,-1.6499999999999995,-1.9699999999999998,-2.16,-0.41000000000000014,0.20000000000000018,-2.7199999999999998,-0.03000000000000025,-1.1799999999999997,-1.8499999999999996,-2.1099999999999994,0.25,-2.46,-0.6399999999999997,0.8700000000000001,-1.6899999999999995,-1.9699999999999998,-1.5099999999999998,0.7999999999999998,-1.25,-1.0,-0.0699999999999994,-1.6099999999999994,-1.9799999999999995,0.33999999999999986,-1.9399999999999995,0.22999999999999954,-0.08999999999999986,-1.0600000000000005,-2.4400000000000004,-2.2200000000000006,0.6500000000000004,-1.7400000000000002,-1.2400000000000002,-2.0700000000000003,-0.22000000000000064,-0.020000000000000462,0.0,-1.0100000000000007,-0.6500000000000004,-1.8500000000000005,-2.1900000000000004,-1.1400000000000006,1.0700000000000003,-1.2700000000000005,-0.3600000000000003,-1.1500000000000004,-1.58,-1.67,-1.9900000000000002,-2.1800000000000006,-0.4300000000000006,0.17999999999999972,-2.74,-0.05000000000000071,-1.2000000000000002,-1.87,-2.13,0.22999999999999954,-2.4800000000000004,-0.6600000000000001,0.8499999999999996,-1.71,-1.9900000000000002,-1.5300000000000002,0.7799999999999994,-1.2700000000000005,-1.0200000000000005,-0.08999999999999986,-1.63,-2.0,0.3199999999999994,-1.96,1.2400000000000002,0.9200000000000008,-0.04999999999999982,-1.4299999999999997,-1.21,1.660000000000001,-0.7299999999999995,-0.22999999999999954,-1.0599999999999996,0.79,0.9900000000000002,1.0100000000000007,0.0,0.3600000000000003,-0.8399999999999999,-1.1799999999999997,-0.1299999999999999,2.080000000000001,-0.2599999999999998,0.6500000000000004,-0.13999999999999968,-0.5699999999999994,-0.6599999999999993,-0.9799999999999995,-1.17,0.5800000000000001,1.1900000000000004,-1.7299999999999995,0.96,-0.1899999999999995,-0.8599999999999994,-1.1199999999999992,1.2400000000000002,-1.4699999999999998,0.35000000000000053,1.8600000000000003,-0.6999999999999993,-0.9799999999999995,-0.5199999999999996,1.79,-0.2599999999999998,-0.009999999999999787,0.9200000000000008,-0.6199999999999992,-0.9899999999999993,1.33,-0.9499999999999993,0.8799999999999999,0.5600000000000005,-0.41000000000000014,-1.79,-1.5700000000000003,1.3000000000000007,-1.0899999999999999,-0.5899999999999999,-1.42,0.4299999999999997,0.6299999999999999,0.6500000000000004,-0.3600000000000003,0.0,-1.2000000000000002,-1.54,-0.4900000000000002,1.7200000000000006,-0.6200000000000001,0.29000000000000004,-0.5,-0.9299999999999997,-1.0199999999999996,-1.3399999999999999,-1.5300000000000002,0.21999999999999975,0.8300000000000001,-2.09,0.5999999999999996,-0.5499999999999998,-1.2199999999999998,-1.4799999999999995,0.8799999999999999,-1.83,-0.009999999999999787,1.5,-1.0599999999999996,-1.3399999999999999,-0.8799999999999999,1.4299999999999997,-0.6200000000000001,-0.3700000000000001,0.5600000000000005,-0.9799999999999995,-1.3499999999999996,0.9699999999999998,-1.3099999999999996,2.08,1.7600000000000007,0.79,-0.5899999999999999,-0.3700000000000001,2.500000000000001,0.11000000000000032,0.6100000000000003,-0.21999999999999975,1.63,1.83,1.8500000000000005,0.8399999999999999,1.2000000000000002,0.0,-0.33999999999999986,0.71,2.920000000000001,0.5800000000000001,1.4900000000000002,0.7000000000000002,0.27000000000000046,0.1800000000000006,-0.13999999999999968,-0.33000000000000007,1.42,2.0300000000000002,-0.8899999999999997,1.7999999999999998,0.6500000000000004,-0.019999999999999574,-0.27999999999999936,2.08,-0.6299999999999999,1.1900000000000004,2.7,0.14000000000000057,-0.13999999999999968,0.3200000000000003,2.63,0.5800000000000001,0.8300000000000001,1.7600000000000007,0.22000000000000064,-0.14999999999999947,2.17,-0.10999999999999943,2.42,2.1000000000000005,1.13,-0.25,-0.03000000000000025,2.8400000000000007,0.4500000000000002,0.9500000000000002,0.1200000000000001,1.9699999999999998,2.17,2.1900000000000004,1.1799999999999997,1.54,0.33999999999999986,0.0,1.0499999999999998,3.2600000000000007,0.9199999999999999,1.83,1.04,0.6100000000000003,0.5200000000000005,0.20000000000000018,0.009999999999999787,1.7599999999999998,2.37,-0.5499999999999998,2.1399999999999997,0.9900000000000002,0.3200000000000003,0.0600000000000005,2.42,-0.29000000000000004,1.5300000000000002,3.04,0.4800000000000004,0.20000000000000018,0.6600000000000001,2.9699999999999998,0.9199999999999999,1.17,2.1000000000000005,0.5600000000000005,0.1900000000000004,2.51,0.23000000000000043,1.37,1.0500000000000007,0.08000000000000007,-1.2999999999999998,-1.08,1.790000000000001,-0.5999999999999996,-0.09999999999999964,-0.9299999999999997,0.9199999999999999,1.12,1.1400000000000006,0.1299999999999999,0.4900000000000002,-0.71,-1.0499999999999998,0.0,2.210000000000001,-0.1299999999999999,0.7800000000000002,-0.009999999999999787,-0.4399999999999995,-0.5299999999999994,-0.8499999999999996,-1.04,0.71,1.3200000000000003,-1.5999999999999996,1.0899999999999999,-0.05999999999999961,-0.7299999999999995,-0.9899999999999993,1.37,-1.3399999999999999,0.4800000000000004,1.9900000000000002,-0.5699999999999994,-0.8499999999999996,-0.3899999999999997,1.92,-0.1299999999999999,0.1200000000000001,1.0500000000000007,-0.4899999999999993,-0.8599999999999994,1.46,-0.8199999999999994,-0.8400000000000007,-1.1600000000000001,-2.130000000000001,-3.5100000000000007,-3.290000000000001,-0.41999999999999993,-2.8100000000000005,-2.3100000000000005,-3.1400000000000006,-1.290000000000001,-1.0900000000000007,-1.0700000000000003,-2.080000000000001,-1.7200000000000006,-2.920000000000001,-3.2600000000000007,-2.210000000000001,0.0,-2.3400000000000007,-1.4300000000000006,-2.2200000000000006,-2.6500000000000004,-2.74,-3.0600000000000005,-3.250000000000001,-1.5000000000000009,-0.8900000000000006,-3.8100000000000005,-1.120000000000001,-2.2700000000000005,-2.9400000000000004,-3.2,-0.8400000000000007,-3.5500000000000007,-1.7300000000000004,-0.22000000000000064,-2.7800000000000002,-3.0600000000000005,-2.6000000000000005,-0.2900000000000009,-2.3400000000000007,-2.0900000000000007,-1.1600000000000001,-2.7,-3.0700000000000003,-0.7500000000000009,-3.0300000000000002,1.5,1.1800000000000006,0.20999999999999996,-1.17,-0.9500000000000002,1.9200000000000008,-0.46999999999999975,0.03000000000000025,-0.7999999999999998,1.0499999999999998,1.25,1.2700000000000005,0.2599999999999998,0.6200000000000001,-0.5800000000000001,-0.9199999999999999,0.1299999999999999,2.3400000000000007,0.0,0.9100000000000001,0.1200000000000001,-0.3099999999999996,-0.39999999999999947,-0.7199999999999998,-0.9100000000000001,0.8399999999999999,1.4500000000000002,-1.4699999999999998,1.2199999999999998,0.07000000000000028,-0.5999999999999996,-0.8599999999999994,1.5,-1.21,0.6100000000000003,2.12,-0.4399999999999995,-0.7199999999999998,-0.2599999999999998,2.05,0.0,0.25,1.1800000000000006,-0.35999999999999943,-0.7299999999999995,1.5899999999999999,-0.6899999999999995,0.5899999999999999,0.27000000000000046,-0.7000000000000002,-2.08,-1.8600000000000003,1.0100000000000007,-1.38,-0.8799999999999999,-1.71,0.13999999999999968,0.33999999999999986,0.3600000000000003,-0.6500000000000004,-0.29000000000000004,-1.4900000000000002,-1.83,-0.7800000000000002,1.4300000000000006,-0.9100000000000001,0.0,-0.79,-1.2199999999999998,-1.3099999999999996,-1.63,-1.8200000000000003,-0.07000000000000028,0.54,-2.38,0.3099999999999996,-0.8399999999999999,-1.5099999999999998,-1.7699999999999996,0.5899999999999999,-2.12,-0.2999999999999998,1.21,-1.3499999999999996,-1.63,-1.17,1.1399999999999997,-0.9100000000000001,-0.6600000000000001,0.27000000000000046,-1.2699999999999996,-1.6399999999999997,0.6799999999999997,-1.5999999999999996,1.38,1.0600000000000005,0.08999999999999986,-1.29,-1.0700000000000003,1.8000000000000007,-0.5899999999999999,-0.08999999999999986,-0.9199999999999999,0.9299999999999997,1.13,1.1500000000000004,0.13999999999999968,0.5,-0.7000000000000002,-1.04,0.009999999999999787,2.2200000000000006,-0.1200000000000001,0.79,0.0,-0.4299999999999997,-0.5199999999999996,-0.8399999999999999,-1.0300000000000002,0.7199999999999998,1.33,-1.5899999999999999,1.0999999999999996,-0.04999999999999982,-0.7199999999999998,-0.9799999999999995,1.38,-1.33,0.4900000000000002,2.0,-0.5599999999999996,-0.8399999999999999,-0.3799999999999999,1.9299999999999997,-0.1200000000000001,0.1299999999999999,1.0600000000000005,-0.47999999999999954,-0.8499999999999996,1.4699999999999998,-0.8099999999999996,1.8099999999999996,1.4900000000000002,0.5199999999999996,-0.8600000000000003,-0.6400000000000006,2.2300000000000004,-0.16000000000000014,0.33999999999999986,-0.4900000000000002,1.3599999999999994,1.5599999999999996,1.58,0.5699999999999994,0.9299999999999997,-0.27000000000000046,-0.6100000000000003,0.4399999999999995,2.6500000000000004,0.3099999999999996,1.2199999999999998,0.4299999999999997,0.0,-0.08999999999999986,-0.41000000000000014,-0.6000000000000005,1.1499999999999995,1.7599999999999998,-1.1600000000000001,1.5299999999999994,0.3799999999999999,-0.29000000000000004,-0.5499999999999998,1.8099999999999996,-0.9000000000000004,0.9199999999999999,2.4299999999999997,-0.1299999999999999,-0.41000000000000014,0.04999999999999982,2.3599999999999994,0.3099999999999996,0.5599999999999996,1.4900000000000002,-0.04999999999999982,-0.41999999999999993,1.8999999999999995,-0.3799999999999999,1.8999999999999995,1.58,0.6099999999999994,-0.7700000000000005,-0.5500000000000007,2.3200000000000003,-0.07000000000000028,0.4299999999999997,-0.40000000000000036,1.4499999999999993,1.6499999999999995,1.67,0.6599999999999993,1.0199999999999996,-0.1800000000000006,-0.5200000000000005,0.5299999999999994,2.74,0.39999999999999947,1.3099999999999996,0.5199999999999996,0.08999999999999986,0.0,-0.3200000000000003,-0.5100000000000007,1.2399999999999993,1.8499999999999996,-1.0700000000000003,1.6199999999999992,0.46999999999999975,-0.20000000000000018,-0.45999999999999996,1.8999999999999995,-0.8100000000000005,1.0099999999999998,2.5199999999999996,-0.040000000000000036,-0.3200000000000003,0.13999999999999968,2.4499999999999993,0.39999999999999947,0.6499999999999995,1.58,0.040000000000000036,-0.33000000000000007,1.9899999999999993,-0.29000000000000004,2.2199999999999998,1.9000000000000004,0.9299999999999997,-0.4500000000000002,-0.23000000000000043,2.6400000000000006,0.25,0.75,-0.08000000000000007,1.7699999999999996,1.9699999999999998,1.9900000000000002,0.9799999999999995,1.3399999999999999,0.13999999999999968,-0.20000000000000018,0.8499999999999996,3.0600000000000005,0.7199999999999998,1.63,0.8399999999999999,0.41000000000000014,0.3200000000000003,0.0,-0.1900000000000004,1.5599999999999996,2.17,-0.75,1.9399999999999995,0.79,0.1200000000000001,-0.13999999999999968,2.2199999999999998,-0.4900000000000002,1.33,2.84,0.28000000000000025,0.0,0.45999999999999996,2.7699999999999996,0.7199999999999998,0.9699999999999998,1.9000000000000004,0.3600000000000003,-0.009999999999999787,2.3099999999999996,0.03000000000000025,2.41,2.0900000000000007,1.12,-0.2599999999999998,-0.040000000000000036,2.830000000000001,0.4400000000000004,0.9400000000000004,0.11000000000000032,1.96,2.16,2.1800000000000006,1.17,1.5300000000000002,0.33000000000000007,-0.009999999999999787,1.04,3.250000000000001,0.9100000000000001,1.8200000000000003,1.0300000000000002,0.6000000000000005,0.5100000000000007,0.1900000000000004,0.0,1.75,2.3600000000000003,-0.5599999999999996,2.13,0.9800000000000004,0.3100000000000005,0.05000000000000071,2.41,-0.2999999999999998,1.5200000000000005,3.0300000000000002,0.47000000000000064,0.1900000000000004,0.6500000000000004,2.96,0.9100000000000001,1.1600000000000001,2.0900000000000007,0.5500000000000007,0.1800000000000006,2.5,0.22000000000000064,0.6600000000000001,0.34000000000000075,-0.6299999999999999,-2.01,-1.79,1.080000000000001,-1.3099999999999996,-0.8099999999999996,-1.6399999999999997,0.20999999999999996,0.41000000000000014,0.4300000000000006,-0.5800000000000001,-0.21999999999999975,-1.42,-1.7599999999999998,-0.71,1.5000000000000009,-0.8399999999999999,0.07000000000000028,-0.7199999999999998,-1.1499999999999995,-1.2399999999999993,-1.5599999999999996,-1.75,0.0,0.6100000000000003,-2.3099999999999996,0.3799999999999999,-0.7699999999999996,-1.4399999999999995,-1.6999999999999993,0.6600000000000001,-2.05,-0.22999999999999954,1.2800000000000002,-1.2799999999999994,-1.5599999999999996,-1.0999999999999996,1.21,-0.8399999999999999,-0.5899999999999999,0.34000000000000075,-1.1999999999999993,-1.5699999999999994,0.75,-1.5299999999999994,0.04999999999999982,-0.2699999999999996,-1.2400000000000002,-2.62,-2.4000000000000004,0.47000000000000064,-1.92,-1.42,-2.25,-0.40000000000000036,-0.20000000000000018,-0.17999999999999972,-1.1900000000000004,-0.8300000000000001,-2.0300000000000002,-2.37,-1.3200000000000003,0.8900000000000006,-1.4500000000000002,-0.54,-1.33,-1.7599999999999998,-1.8499999999999996,-2.17,-2.3600000000000003,-0.6100000000000003,0.0,-2.92,-0.23000000000000043,-1.38,-2.05,-2.3099999999999996,0.04999999999999982,-2.66,-0.8399999999999999,0.6699999999999999,-1.8899999999999997,-2.17,-1.71,0.5999999999999996,-1.4500000000000002,-1.2000000000000002,-0.2699999999999996,-1.8099999999999996,-2.1799999999999997,0.13999999999999968,-2.1399999999999997,2.9699999999999998,2.6500000000000004,1.6799999999999997,0.2999999999999998,0.5199999999999996,3.3900000000000006,1.0,1.5,0.6699999999999999,2.5199999999999996,2.7199999999999998,2.74,1.7299999999999995,2.09,0.8899999999999997,0.5499999999999998,1.5999999999999996,3.8100000000000005,1.4699999999999998,2.38,1.5899999999999999,1.1600000000000001,1.0700000000000003,0.75,0.5599999999999996,2.3099999999999996,2.92,0.0,2.6899999999999995,1.54,0.8700000000000001,0.6100000000000003,2.9699999999999998,0.2599999999999998,2.08,3.59,1.0300000000000002,0.75,1.21,3.5199999999999996,1.4699999999999998,1.7199999999999998,2.6500000000000004,1.1100000000000003,0.7400000000000002,3.0599999999999996,0.7800000000000002,0.28000000000000025,-0.03999999999999915,-1.0099999999999998,-2.3899999999999997,-2.17,0.7000000000000011,-1.6899999999999995,-1.1899999999999995,-2.0199999999999996,-0.16999999999999993,0.03000000000000025,0.05000000000000071,-0.96,-0.5999999999999996,-1.7999999999999998,-2.1399999999999997,-1.0899999999999999,1.120000000000001,-1.2199999999999998,-0.3099999999999996,-1.0999999999999996,-1.5299999999999994,-1.6199999999999992,-1.9399999999999995,-2.13,-0.3799999999999999,0.23000000000000043,-2.6899999999999995,0.0,-1.1499999999999995,-1.8199999999999994,-2.079999999999999,0.28000000000000025,-2.4299999999999997,-0.6099999999999994,0.9000000000000004,-1.6599999999999993,-1.9399999999999995,-1.4799999999999995,0.8300000000000001,-1.2199999999999998,-0.9699999999999998,-0.03999999999999915,-1.5799999999999992,-1.9499999999999993,0.3700000000000001,-1.9099999999999993,1.4299999999999997,1.1100000000000003,0.13999999999999968,-1.2400000000000002,-1.0200000000000005,1.8500000000000005,-0.54,-0.040000000000000036,-0.8700000000000001,0.9799999999999995,1.1799999999999997,1.2000000000000002,0.1899999999999995,0.5499999999999998,-0.6500000000000004,-0.9900000000000002,0.05999999999999961,2.2700000000000005,-0.07000000000000028,0.8399999999999999,0.04999999999999982,-0.3799999999999999,-0.46999999999999975,-0.79,-0.9800000000000004,0.7699999999999996,1.38,-1.54,1.1499999999999995,0.0,-0.6699999999999999,-0.9299999999999997,1.4299999999999997,-1.2800000000000002,0.54,2.05,-0.5099999999999998,-0.79,-0.33000000000000007,1.9799999999999995,-0.07000000000000028,0.17999999999999972,1.1100000000000003,-0.4299999999999997,-0.7999999999999998,1.5199999999999996,-0.7599999999999998,2.0999999999999996,1.7800000000000002,0.8099999999999996,-0.5700000000000003,-0.35000000000000053,2.5200000000000005,0.1299999999999999,0.6299999999999999,-0.20000000000000018,1.6499999999999995,1.8499999999999996,1.87,0.8599999999999994,1.2199999999999998,0.019999999999999574,-0.3200000000000003,0.7299999999999995,2.9400000000000004,0.5999999999999996,1.5099999999999998,0.7199999999999998,0.29000000000000004,0.20000000000000018,-0.1200000000000001,-0.3100000000000005,1.4399999999999995,2.05,-0.8700000000000001,1.8199999999999994,0.6699999999999999,0.0,-0.2599999999999998,2.0999999999999996,-0.6100000000000003,1.21,2.7199999999999998,0.16000000000000014,-0.1200000000000001,0.33999999999999986,2.6499999999999995,0.5999999999999996,0.8499999999999996,1.7800000000000002,0.2400000000000002,-0.1299999999999999,2.1899999999999995,-0.08999999999999986,2.3599999999999994,2.04,1.0699999999999994,-0.3100000000000005,-0.09000000000000075,2.7800000000000002,0.3899999999999997,0.8899999999999997,0.05999999999999961,1.9099999999999993,2.1099999999999994,2.13,1.1199999999999992,1.4799999999999995,0.27999999999999936,-0.0600000000000005,0.9899999999999993,3.2,0.8599999999999994,1.7699999999999996,0.9799999999999995,0.5499999999999998,0.45999999999999996,0.13999999999999968,-0.05000000000000071,1.6999999999999993,2.3099999999999996,-0.6100000000000003,2.079999999999999,0.9299999999999997,0.2599999999999998,0.0,2.3599999999999994,-0.35000000000000053,1.4699999999999998,2.9799999999999995,0.41999999999999993,0.13999999999999968,0.5999999999999996,2.9099999999999993,0.8599999999999994,1.1099999999999994,2.04,0.5,0.1299999999999999,2.4499999999999993,0.16999999999999993,0.0,-0.3199999999999994,-1.29,-2.67,-2.45,0.4200000000000008,-1.9699999999999998,-1.4699999999999998,-2.3,-0.4500000000000002,-0.25,-0.22999999999999954,-1.2400000000000002,-0.8799999999999999,-2.08,-2.42,-1.37,0.8400000000000007,-1.5,-0.5899999999999999,-1.38,-1.8099999999999996,-1.8999999999999995,-2.2199999999999998,-2.41,-0.6600000000000001,-0.04999999999999982,-2.9699999999999998,-0.28000000000000025,-1.4299999999999997,-2.0999999999999996,-2.3599999999999994,0.0,-2.71,-0.8899999999999997,0.6200000000000001,-1.9399999999999995,-2.2199999999999998,-1.7599999999999998,0.5499999999999998,-1.5,-1.25,-0.3199999999999994,-1.8599999999999994,-2.2299999999999995,0.08999999999999986,-2.1899999999999995,2.71,2.3900000000000006,1.42,0.040000000000000036,0.2599999999999998,3.130000000000001,0.7400000000000002,1.2400000000000002,0.41000000000000014,2.26,2.46,2.4800000000000004,1.4699999999999998,1.83,0.6299999999999999,0.29000000000000004,1.3399999999999999,3.5500000000000007,1.21,2.12,1.33,0.9000000000000004,0.8100000000000005,0.4900000000000002,0.2999999999999998,2.05,2.66,-0.2599999999999998,2.4299999999999997,1.2800000000000002,0.6100000000000003,0.35000000000000053,2.71,0.0,1.8200000000000003,3.33,0.7700000000000005,0.4900000000000002,0.9500000000000002,3.26,1.21,1.46,2.3900000000000006,0.8500000000000005,0.4800000000000004,2.8,0.5200000000000005,0.8899999999999997,0.5700000000000003,-0.40000000000000036,-1.7800000000000002,-1.5600000000000005,1.3100000000000005,-1.08,-0.5800000000000001,-1.4100000000000001,0.4399999999999995,0.6399999999999997,0.6600000000000001,-0.35000000000000053,0.009999999999999787,-1.1900000000000004,-1.5300000000000002,-0.4800000000000004,1.7300000000000004,-0.6100000000000003,0.2999999999999998,-0.4900000000000002,-0.9199999999999999,-1.0099999999999998,-1.33,-1.5200000000000005,0.22999999999999954,0.8399999999999999,-2.08,0.6099999999999994,-0.54,-1.21,-1.4699999999999998,0.8899999999999997,-1.8200000000000003,0.0,1.5099999999999998,-1.0499999999999998,-1.33,-0.8700000000000001,1.4399999999999995,-0.6100000000000003,-0.3600000000000003,0.5700000000000003,-0.9699999999999998,-1.3399999999999999,0.9799999999999995,-1.2999999999999998,-0.6200000000000001,-0.9399999999999995,-1.9100000000000001,-3.29,-3.0700000000000003,-0.1999999999999993,-2.59,-2.09,-2.92,-1.0700000000000003,-0.8700000000000001,-0.8499999999999996,-1.8600000000000003,-1.5,-2.7,-3.04,-1.9900000000000002,0.22000000000000064,-2.12,-1.21,-2.0,-2.4299999999999997,-2.5199999999999996,-2.84,-3.0300000000000002,-1.2800000000000002,-0.6699999999999999,-3.59,-0.9000000000000004,-2.05,-2.7199999999999998,-2.9799999999999995,-0.6200000000000001,-3.33,-1.5099999999999998,0.0,-2.5599999999999996,-2.84,-2.38,-0.07000000000000028,-2.12,-1.87,-0.9399999999999995,-2.4799999999999995,-2.8499999999999996,-0.5300000000000002,-2.8099999999999996,1.9399999999999995,1.62,0.6499999999999995,-0.7300000000000004,-0.5100000000000007,2.3600000000000003,-0.03000000000000025,0.46999999999999975,-0.3600000000000003,1.4899999999999993,1.6899999999999995,1.71,0.6999999999999993,1.0599999999999996,-0.14000000000000057,-0.4800000000000004,0.5699999999999994,2.7800000000000002,0.4399999999999995,1.3499999999999996,0.5599999999999996,0.1299999999999999,0.040000000000000036,-0.28000000000000025,-0.47000000000000064,1.2799999999999994,1.8899999999999997,-1.0300000000000002,1.6599999999999993,0.5099999999999998,-0.16000000000000014,-0.41999999999999993,1.9399999999999995,-0.7700000000000005,1.0499999999999998,2.5599999999999996,0.0,-0.28000000000000025,0.17999999999999972,2.4899999999999993,0.4399999999999995,0.6899999999999995,1.62,0.08000000000000007,-0.29000000000000004,2.0299999999999994,-0.25,2.2199999999999998,1.9000000000000004,0.9299999999999997,-0.4500000000000002,-0.23000000000000043,2.6400000000000006,0.25,0.75,-0.08000000000000007,1.7699999999999996,1.9699999999999998,1.9900000000000002,0.9799999999999995,1.3399999999999999,0.13999999999999968,-0.20000000000000018,0.8499999999999996,3.0600000000000005,0.7199999999999998,1.63,0.8399999999999999,0.41000000000000014,0.3200000000000003,0.0,-0.1900000000000004,1.5599999999999996,2.17,-0.75,1.9399999999999995,0.79,0.1200000000000001,-0.13999999999999968,2.2199999999999998,-0.4900000000000002,1.33,2.84,0.28000000000000025,0.0,0.45999999999999996,2.7699999999999996,0.7199999999999998,0.9699999999999998,1.9000000000000004,0.3600000000000003,-0.009999999999999787,2.3099999999999996,0.03000000000000025,1.7599999999999998,1.4400000000000004,0.46999999999999975,-0.9100000000000001,-0.6900000000000004,2.1800000000000006,-0.20999999999999996,0.29000000000000004,-0.54,1.3099999999999996,1.5099999999999998,1.5300000000000002,0.5199999999999996,0.8799999999999999,-0.3200000000000003,-0.6600000000000001,0.3899999999999997,2.6000000000000005,0.2599999999999998,1.17,0.3799999999999999,-0.04999999999999982,-0.13999999999999968,-0.45999999999999996,-0.6500000000000004,1.0999999999999996,1.71,-1.21,1.4799999999999995,0.33000000000000007,-0.33999999999999986,-0.5999999999999996,1.7599999999999998,-0.9500000000000002,0.8700000000000001,2.38,-0.17999999999999972,-0.45999999999999996,0.0,2.3099999999999996,0.2599999999999998,0.5099999999999998,1.4400000000000004,-0.09999999999999964,-0.46999999999999975,1.8499999999999996,-0.4299999999999997,-0.5499999999999998,-0.8699999999999992,-1.8399999999999999,-3.2199999999999998,-3.0,-0.129999999999999,-2.5199999999999996,-2.0199999999999996,-2.8499999999999996,-1.0,-0.7999999999999998,-0.7799999999999994,-1.79,-1.4299999999999997,-2.63,-2.9699999999999998,-1.92,0.2900000000000009,-2.05,-1.1399999999999997,-1.9299999999999997,-2.3599999999999994,-2.4499999999999993,-2.7699999999999996,-2.96,-1.21,-0.5999999999999996,-3.5199999999999996,-0.8300000000000001,-1.9799999999999995,-2.6499999999999995,-2.9099999999999993,-0.5499999999999998,-3.26,-1.4399999999999995,0.07000000000000028,-2.4899999999999993,-2.7699999999999996,-2.3099999999999996,0.0,-2.05,-1.7999999999999998,-0.8699999999999992,-2.4099999999999993,-2.7799999999999994,-0.45999999999999996,-2.7399999999999993,1.5,1.1800000000000006,0.20999999999999996,-1.17,-0.9500000000000002,1.9200000000000008,-0.46999999999999975,0.03000000000000025,-0.7999999999999998,1.0499999999999998,1.25,1.2700000000000005,0.2599999999999998,0.6200000000000001,-0.5800000000000001,-0.9199999999999999,0.1299999999999999,2.3400000000000007,0.0,0.9100000000000001,0.1200000000000001,-0.3099999999999996,-0.39999999999999947,-0.7199999999999998,-0.9100000000000001,0.8399999999999999,1.4500000000000002,-1.4699999999999998,1.2199999999999998,0.07000000000000028,-0.5999999999999996,-0.8599999999999994,1.5,-1.21,0.6100000000000003,2.12,-0.4399999999999995,-0.7199999999999998,-0.2599999999999998,2.05,0.0,0.25,1.1800000000000006,-0.35999999999999943,-0.7299999999999995,1.5899999999999999,-0.6899999999999995,1.25,0.9300000000000006,-0.040000000000000036,-1.42,-1.2000000000000002,1.6700000000000008,-0.7199999999999998,-0.21999999999999975,-1.0499999999999998,0.7999999999999998,1.0,1.0200000000000005,0.009999999999999787,0.3700000000000001,-0.8300000000000001,-1.17,-0.1200000000000001,2.0900000000000007,-0.25,0.6600000000000001,-0.1299999999999999,-0.5599999999999996,-0.6499999999999995,-0.9699999999999998,-1.1600000000000001,0.5899999999999999,1.2000000000000002,-1.7199999999999998,0.9699999999999998,-0.17999999999999972,-0.8499999999999996,-1.1099999999999994,1.25,-1.46,0.3600000000000003,1.87,-0.6899999999999995,-0.9699999999999998,-0.5099999999999998,1.7999999999999998,-0.25,0.0,0.9300000000000006,-0.6099999999999994,-0.9799999999999995,1.3399999999999999,-0.9399999999999995,0.3199999999999994,0.0,-0.9700000000000006,-2.3500000000000005,-2.130000000000001,0.7400000000000002,-1.6500000000000004,-1.1500000000000004,-1.9800000000000004,-0.13000000000000078,0.0699999999999994,0.08999999999999986,-0.9200000000000008,-0.5600000000000005,-1.7600000000000007,-2.1000000000000005,-1.0500000000000007,1.1600000000000001,-1.1800000000000006,-0.27000000000000046,-1.0600000000000005,-1.4900000000000002,-1.58,-1.9000000000000004,-2.0900000000000007,-0.34000000000000075,0.2699999999999996,-2.6500000000000004,0.03999999999999915,-1.1100000000000003,-1.7800000000000002,-2.04,0.3199999999999994,-2.3900000000000006,-0.5700000000000003,0.9399999999999995,-1.62,-1.9000000000000004,-1.4400000000000004,0.8699999999999992,-1.1800000000000006,-0.9300000000000006,0.0,-1.54,-1.9100000000000001,0.40999999999999925,-1.87,1.8599999999999994,1.54,0.5699999999999994,-0.8100000000000005,-0.5900000000000007,2.2800000000000002,-0.11000000000000032,0.3899999999999997,-0.4400000000000004,1.4099999999999993,1.6099999999999994,1.63,0.6199999999999992,0.9799999999999995,-0.22000000000000064,-0.5600000000000005,0.4899999999999993,2.7,0.35999999999999943,1.2699999999999996,0.47999999999999954,0.04999999999999982,-0.040000000000000036,-0.3600000000000003,-0.5500000000000007,1.1999999999999993,1.8099999999999996,-1.1100000000000003,1.5799999999999992,0.4299999999999997,-0.2400000000000002,-0.5,1.8599999999999994,-0.8500000000000005,0.9699999999999998,2.4799999999999995,-0.08000000000000007,-0.3600000000000003,0.09999999999999964,2.4099999999999993,0.35999999999999943,0.6099999999999994,1.54,0.0,-0.3700000000000001,1.9499999999999993,-0.33000000000000007,2.2299999999999995,1.9100000000000001,0.9399999999999995,-0.4400000000000004,-0.22000000000000064,2.6500000000000004,0.2599999999999998,0.7599999999999998,-0.07000000000000028,1.7799999999999994,1.9799999999999995,2.0,0.9899999999999993,1.3499999999999996,0.14999999999999947,-0.1900000000000004,0.8599999999999994,3.0700000000000003,0.7299999999999995,1.6399999999999997,0.8499999999999996,0.41999999999999993,0.33000000000000007,0.009999999999999787,-0.1800000000000006,1.5699999999999994,2.1799999999999997,-0.7400000000000002,1.9499999999999993,0.7999999999999998,0.1299999999999999,-0.1299999999999999,2.2299999999999995,-0.4800000000000004,1.3399999999999999,2.8499999999999996,0.29000000000000004,0.009999999999999787,0.46999999999999975,2.7799999999999994,0.7299999999999995,0.9799999999999995,1.9100000000000001,0.3700000000000001,0.0,2.3199999999999994,0.040000000000000036,-0.08999999999999986,-0.40999999999999925,-1.38,-2.76,-2.54,0.33000000000000096,-2.0599999999999996,-1.5599999999999996,-2.3899999999999997,-0.54,-0.33999999999999986,-0.3199999999999994,-1.33,-0.9699999999999998,-2.17,-2.51,-1.46,0.7500000000000009,-1.5899999999999999,-0.6799999999999997,-1.4699999999999998,-1.8999999999999995,-1.9899999999999993,-2.3099999999999996,-2.5,-0.75,-0.13999999999999968,-3.0599999999999996,-0.3700000000000001,-1.5199999999999996,-2.1899999999999995,-2.4499999999999993,-0.08999999999999986,-2.8,-0.9799999999999995,0.5300000000000002,-2.0299999999999994,-2.3099999999999996,-1.8499999999999996,0.45999999999999996,-1.5899999999999999,-1.3399999999999999,-0.40999999999999925,-1.9499999999999993,-2.3199999999999994,0.0,-2.2799999999999994,2.1899999999999995,1.87,0.8999999999999995,-0.4800000000000004,-0.2600000000000007,2.6100000000000003,0.21999999999999975,0.7199999999999998,-0.11000000000000032,1.7399999999999993,1.9399999999999995,1.96,0.9499999999999993,1.3099999999999996,0.10999999999999943,-0.23000000000000043,0.8199999999999994,3.0300000000000002,0.6899999999999995,1.5999999999999996,0.8099999999999996,0.3799999999999999,0.29000000000000004,-0.03000000000000025,-0.22000000000000064,1.5299999999999994,2.1399999999999997,-0.7800000000000002,1.9099999999999993,0.7599999999999998,0.08999999999999986,-0.16999999999999993,2.1899999999999995,-0.5200000000000005,1.2999999999999998,2.8099999999999996,0.25,-0.03000000000000025,0.4299999999999997,2.7399999999999993,0.6899999999999995,0.9399999999999995,1.87,0.33000000000000007,-0.040000000000000036,2.2799999999999994,0.0,0.0,-3.0900000000000007,-3.1400000000000006,-3.46,-1.21,0.34999999999999964,-0.11000000000000121,-1.0500000000000007,-2.0700000000000003,-2.0700000000000003,-0.7700000000000005,-2.5300000000000002,-2.83,-2.0900000000000007,-4.130000000000001,-2.3600000000000003,-2.49,-1.0100000000000007,-3.0300000000000002,-1.6900000000000004,-2.62,-1.5900000000000007,-1.42,-1.1900000000000004,-2.29,-2.62,-1.75,-1.4300000000000006,-2.6400000000000006,-3.1900000000000004,-1.4300000000000006,-2.8400000000000007,-1.3800000000000008,-0.7300000000000004,-1.1600000000000001,-2.08,-1.5700000000000003,-4.08,-3.46,-3.3000000000000007,-2.7800000000000002,-1.67,-0.6600000000000001,-1.6900000000000004,-3.5200000000000005,-2.0700000000000003,-3.2800000000000002,3.0900000000000007,0.0,-0.04999999999999982,-0.3699999999999992,1.8800000000000008,3.4400000000000004,2.9799999999999995,2.04,1.0200000000000005,1.0200000000000005,2.3200000000000003,0.5600000000000005,0.2600000000000007,1.0,-1.04,0.7300000000000004,0.6000000000000005,2.08,0.0600000000000005,1.4000000000000004,0.47000000000000064,1.5,1.6700000000000008,1.9000000000000004,0.8000000000000007,0.47000000000000064,1.3400000000000007,1.6600000000000001,0.4500000000000002,-0.09999999999999964,1.6600000000000001,0.25,1.71,2.3600000000000003,1.9300000000000006,1.0100000000000007,1.5200000000000005,-0.9899999999999993,-0.3699999999999992,-0.20999999999999996,0.3100000000000005,1.4200000000000008,2.4300000000000006,1.4000000000000004,-0.4299999999999997,1.0200000000000005,-0.1899999999999995,3.1400000000000006,0.04999999999999982,0.0,-0.3199999999999994,1.9300000000000006,3.49,3.0299999999999994,2.09,1.0700000000000003,1.0700000000000003,2.37,0.6100000000000003,0.3100000000000005,1.0499999999999998,-0.9900000000000002,0.7800000000000002,0.6500000000000004,2.13,0.11000000000000032,1.4500000000000002,0.5200000000000005,1.5499999999999998,1.7200000000000006,1.9500000000000002,0.8500000000000005,0.5200000000000005,1.3900000000000006,1.71,0.5,-0.04999999999999982,1.71,0.2999999999999998,1.7599999999999998,2.41,1.9800000000000004,1.0600000000000005,1.5700000000000003,-0.9399999999999995,-0.3199999999999994,-0.16000000000000014,0.3600000000000003,1.4700000000000006,2.4800000000000004,1.4500000000000002,-0.3799999999999999,1.0700000000000003,-0.13999999999999968,3.46,0.3699999999999992,0.3199999999999994,0.0,2.25,3.8099999999999996,3.3499999999999988,2.4099999999999993,1.3899999999999997,1.3899999999999997,2.6899999999999995,0.9299999999999997,0.6299999999999999,1.3699999999999992,-0.6700000000000008,1.0999999999999996,0.9699999999999998,2.4499999999999993,0.4299999999999997,1.7699999999999996,0.8399999999999999,1.8699999999999992,2.04,2.2699999999999996,1.17,0.8399999999999999,1.71,2.0299999999999994,0.8199999999999994,0.2699999999999996,2.0299999999999994,0.6199999999999992,2.079999999999999,2.7299999999999995,2.3,1.38,1.8899999999999997,-0.6200000000000001,0.0,0.15999999999999925,0.6799999999999997,1.79,2.8,1.7699999999999996,-0.0600000000000005,1.3899999999999997,0.17999999999999972,1.21,-1.8800000000000008,-1.9300000000000006,-2.25,0.0,1.5599999999999996,1.0999999999999988,0.15999999999999925,-0.8600000000000003,-0.8600000000000003,0.4399999999999995,-1.3200000000000003,-1.62,-0.8800000000000008,-2.920000000000001,-1.1500000000000004,-1.2800000000000002,0.1999999999999993,-1.8200000000000003,-0.4800000000000004,-1.4100000000000001,-0.3800000000000008,-0.20999999999999996,0.019999999999999574,-1.08,-1.4100000000000001,-0.54,-0.22000000000000064,-1.4300000000000006,-1.9800000000000004,-0.22000000000000064,-1.6300000000000008,-0.17000000000000082,0.47999999999999954,0.04999999999999982,-0.8700000000000001,-0.3600000000000003,-2.87,-2.25,-2.0900000000000007,-1.5700000000000003,-0.45999999999999996,0.5499999999999998,-0.4800000000000004,-2.3100000000000005,-0.8600000000000003,-2.0700000000000003,-0.34999999999999964,-3.4400000000000004,-3.49,-3.8099999999999996,-1.5599999999999996,0.0,-0.46000000000000085,-1.4000000000000004,-2.42,-2.42,-1.12,-2.88,-3.1799999999999997,-2.4400000000000004,-4.48,-2.71,-2.84,-1.3600000000000003,-3.38,-2.04,-2.9699999999999998,-1.9400000000000004,-1.7699999999999996,-1.54,-2.6399999999999997,-2.9699999999999998,-2.0999999999999996,-1.7800000000000002,-2.99,-3.54,-1.7800000000000002,-3.1900000000000004,-1.7300000000000004,-1.08,-1.5099999999999998,-2.4299999999999997,-1.92,-4.43,-3.8099999999999996,-3.6500000000000004,-3.13,-2.0199999999999996,-1.0099999999999998,-2.04,-3.87,-2.42,-3.63,0.11000000000000121,-2.9799999999999995,-3.0299999999999994,-3.3499999999999988,-1.0999999999999988,0.46000000000000085,0.0,-0.9399999999999995,-1.959999999999999,-1.959999999999999,-0.6599999999999993,-2.419999999999999,-2.719999999999999,-1.9799999999999995,-4.02,-2.249999999999999,-2.379999999999999,-0.8999999999999995,-2.919999999999999,-1.5799999999999992,-2.509999999999999,-1.4799999999999995,-1.3099999999999987,-1.0799999999999992,-2.179999999999999,-2.509999999999999,-1.6399999999999988,-1.3199999999999994,-2.5299999999999994,-3.079999999999999,-1.3199999999999994,-2.7299999999999995,-1.2699999999999996,-0.6199999999999992,-1.049999999999999,-1.9699999999999989,-1.459999999999999,-3.969999999999999,-3.3499999999999988,-3.1899999999999995,-2.669999999999999,-1.5599999999999987,-0.5499999999999989,-1.5799999999999992,-3.4099999999999993,-1.959999999999999,-3.169999999999999,1.0500000000000007,-2.04,-2.09,-2.4099999999999993,-0.15999999999999925,1.4000000000000004,0.9399999999999995,0.0,-1.0199999999999996,-1.0199999999999996,0.28000000000000025,-1.4799999999999995,-1.7799999999999994,-1.04,-3.08,-1.3099999999999996,-1.4399999999999995,0.040000000000000036,-1.9799999999999995,-0.6399999999999997,-1.5699999999999994,-0.54,-0.3699999999999992,-0.13999999999999968,-1.2399999999999993,-1.5699999999999994,-0.6999999999999993,-0.3799999999999999,-1.5899999999999999,-2.1399999999999997,-0.3799999999999999,-1.79,-0.33000000000000007,0.3200000000000003,-0.10999999999999943,-1.0299999999999994,-0.5199999999999996,-3.0299999999999994,-2.4099999999999993,-2.25,-1.7299999999999995,-0.6199999999999992,0.39000000000000057,-0.6399999999999997,-2.4699999999999998,-1.0199999999999996,-2.2299999999999995,2.0700000000000003,-1.0200000000000005,-1.0700000000000003,-1.3899999999999997,0.8600000000000003,2.42,1.959999999999999,1.0199999999999996,0.0,0.0,1.2999999999999998,-0.45999999999999996,-0.7599999999999998,-0.020000000000000462,-2.0600000000000005,-0.29000000000000004,-0.41999999999999993,1.0599999999999996,-0.96,0.3799999999999999,-0.5499999999999998,0.47999999999999954,0.6500000000000004,0.8799999999999999,-0.21999999999999975,-0.5499999999999998,0.3200000000000003,0.6399999999999997,-0.5700000000000003,-1.12,0.6399999999999997,-0.7700000000000005,0.6899999999999995,1.3399999999999999,0.9100000000000001,-0.009999999999999787,0.5,-2.01,-1.3899999999999997,-1.2300000000000004,-0.71,0.40000000000000036,1.4100000000000001,0.3799999999999999,-1.4500000000000002,0.0,-1.21,2.0700000000000003,-1.0200000000000005,-1.0700000000000003,-1.3899999999999997,0.8600000000000003,2.42,1.959999999999999,1.0199999999999996,0.0,0.0,1.2999999999999998,-0.45999999999999996,-0.7599999999999998,-0.020000000000000462,-2.0600000000000005,-0.29000000000000004,-0.41999999999999993,1.0599999999999996,-0.96,0.3799999999999999,-0.5499999999999998,0.47999999999999954,0.6500000000000004,0.8799999999999999,-0.21999999999999975,-0.5499999999999998,0.3200000000000003,0.6399999999999997,-0.5700000000000003,-1.12,0.6399999999999997,-0.7700000000000005,0.6899999999999995,1.3399999999999999,0.9100000000000001,-0.009999999999999787,0.5,-2.01,-1.3899999999999997,-1.2300000000000004,-0.71,0.40000000000000036,1.4100000000000001,0.3799999999999999,-1.4500000000000002,0.0,-1.21,0.7700000000000005,-2.3200000000000003,-2.37,-2.6899999999999995,-0.4399999999999995,1.12,0.6599999999999993,-0.28000000000000025,-1.2999999999999998,-1.2999999999999998,0.0,-1.7599999999999998,-2.0599999999999996,-1.3200000000000003,-3.3600000000000003,-1.5899999999999999,-1.7199999999999998,-0.2400000000000002,-2.26,-0.9199999999999999,-1.8499999999999996,-0.8200000000000003,-0.6499999999999995,-0.41999999999999993,-1.5199999999999996,-1.8499999999999996,-0.9799999999999995,-0.6600000000000001,-1.87,-2.42,-0.6600000000000001,-2.0700000000000003,-0.6100000000000003,0.040000000000000036,-0.3899999999999997,-1.3099999999999996,-0.7999999999999998,-3.3099999999999996,-2.6899999999999995,-2.5300000000000002,-2.01,-0.8999999999999995,0.11000000000000032,-0.9199999999999999,-2.75,-1.2999999999999998,-2.51,2.5300000000000002,-0.5600000000000005,-0.6100000000000003,-0.9299999999999997,1.3200000000000003,2.88,2.419999999999999,1.4799999999999995,0.45999999999999996,0.45999999999999996,1.7599999999999998,0.0,-0.2999999999999998,0.4399999999999995,-1.6000000000000005,0.16999999999999993,0.040000000000000036,1.5199999999999996,-0.5,0.8399999999999999,-0.08999999999999986,0.9399999999999995,1.1100000000000003,1.3399999999999999,0.2400000000000002,-0.08999999999999986,0.7800000000000002,1.0999999999999996,-0.11000000000000032,-0.6600000000000001,1.0999999999999996,-0.3100000000000005,1.1499999999999995,1.7999999999999998,1.37,0.4500000000000002,0.96,-1.5499999999999998,-0.9299999999999997,-0.7700000000000005,-0.25,0.8600000000000003,1.87,0.8399999999999999,-0.9900000000000002,0.45999999999999996,-0.75,2.83,-0.2600000000000007,-0.3100000000000005,-0.6299999999999999,1.62,3.1799999999999997,2.719999999999999,1.7799999999999994,0.7599999999999998,0.7599999999999998,2.0599999999999996,0.2999999999999998,0.0,0.7399999999999993,-1.3000000000000007,0.46999999999999975,0.33999999999999986,1.8199999999999994,-0.20000000000000018,1.1399999999999997,0.20999999999999996,1.2399999999999993,1.4100000000000001,1.6399999999999997,0.54,0.20999999999999996,1.08,1.3999999999999995,0.1899999999999995,-0.3600000000000003,1.3999999999999995,-0.010000000000000675,1.4499999999999993,2.0999999999999996,1.67,0.75,1.2599999999999998,-1.25,-0.6299999999999999,-0.47000000000000064,0.04999999999999982,1.1600000000000001,2.17,1.1399999999999997,-0.6900000000000004,0.7599999999999998,-0.4500000000000002,2.0900000000000007,-1.0,-1.0499999999999998,-1.3699999999999992,0.8800000000000008,2.4400000000000004,1.9799999999999995,1.04,0.020000000000000462,0.020000000000000462,1.3200000000000003,-0.4399999999999995,-0.7399999999999993,0.0,-2.04,-0.2699999999999996,-0.39999999999999947,1.08,-0.9399999999999995,0.40000000000000036,-0.5299999999999994,0.5,0.6700000000000008,0.9000000000000004,-0.1999999999999993,-0.5299999999999994,0.34000000000000075,0.6600000000000001,-0.5499999999999998,-1.0999999999999996,0.6600000000000001,-0.75,0.71,1.3600000000000003,0.9300000000000006,0.010000000000000675,0.5200000000000005,-1.9899999999999993,-1.3699999999999992,-1.21,-0.6899999999999995,0.4200000000000008,1.4300000000000006,0.40000000000000036,-1.4299999999999997,0.020000000000000462,-1.1899999999999995,4.130000000000001,1.04,0.9900000000000002,0.6700000000000008,2.920000000000001,4.48,4.02,3.08,2.0600000000000005,2.0600000000000005,3.3600000000000003,1.6000000000000005,1.3000000000000007,2.04,0.0,1.7700000000000005,1.6400000000000006,3.12,1.1000000000000005,2.4400000000000004,1.5100000000000007,2.54,2.710000000000001,2.9400000000000004,1.8400000000000007,1.5100000000000007,2.380000000000001,2.7,1.4900000000000002,0.9400000000000004,2.7,1.29,2.75,3.4000000000000004,2.9700000000000006,2.0500000000000007,2.5600000000000005,0.05000000000000071,0.6700000000000008,0.8300000000000001,1.3500000000000005,2.460000000000001,3.4700000000000006,2.4400000000000004,0.6100000000000003,2.0600000000000005,0.8500000000000005,2.3600000000000003,-0.7300000000000004,-0.7800000000000002,-1.0999999999999996,1.1500000000000004,2.71,2.249999999999999,1.3099999999999996,0.29000000000000004,0.29000000000000004,1.5899999999999999,-0.16999999999999993,-0.46999999999999975,0.2699999999999996,-1.7700000000000005,0.0,-0.1299999999999999,1.3499999999999996,-0.6699999999999999,0.6699999999999999,-0.2599999999999998,0.7699999999999996,0.9400000000000004,1.17,0.07000000000000028,-0.2599999999999998,0.6100000000000003,0.9299999999999997,-0.28000000000000025,-0.8300000000000001,0.9299999999999997,-0.4800000000000004,0.9799999999999995,1.63,1.2000000000000002,0.28000000000000025,0.79,-1.7199999999999998,-1.0999999999999996,-0.9400000000000004,-0.41999999999999993,0.6900000000000004,1.7000000000000002,0.6699999999999999,-1.1600000000000001,0.29000000000000004,-0.9199999999999999,2.49,-0.6000000000000005,-0.6500000000000004,-0.9699999999999998,1.2800000000000002,2.84,2.379999999999999,1.4399999999999995,0.41999999999999993,0.41999999999999993,1.7199999999999998,-0.040000000000000036,-0.33999999999999986,0.39999999999999947,-1.6400000000000006,0.1299999999999999,0.0,1.4799999999999995,-0.54,0.7999999999999998,-0.1299999999999999,0.8999999999999995,1.0700000000000003,1.2999999999999998,0.20000000000000018,-0.1299999999999999,0.7400000000000002,1.0599999999999996,-0.15000000000000036,-0.7000000000000002,1.0599999999999996,-0.35000000000000053,1.1099999999999994,1.7599999999999998,1.33,0.41000000000000014,0.9199999999999999,-1.5899999999999999,-0.9699999999999998,-0.8100000000000005,-0.29000000000000004,0.8200000000000003,1.83,0.7999999999999998,-1.0300000000000002,0.41999999999999993,-0.79,1.0100000000000007,-2.08,-2.13,-2.4499999999999993,-0.1999999999999993,1.3600000000000003,0.8999999999999995,-0.040000000000000036,-1.0599999999999996,-1.0599999999999996,0.2400000000000002,-1.5199999999999996,-1.8199999999999994,-1.08,-3.12,-1.3499999999999996,-1.4799999999999995,0.0,-2.0199999999999996,-0.6799999999999997,-1.6099999999999994,-0.5800000000000001,-0.40999999999999925,-0.17999999999999972,-1.2799999999999994,-1.6099999999999994,-0.7399999999999993,-0.41999999999999993,-1.63,-2.1799999999999997,-0.41999999999999993,-1.83,-0.3700000000000001,0.28000000000000025,-0.14999999999999947,-1.0699999999999994,-0.5599999999999996,-3.0699999999999994,-2.4499999999999993,-2.29,-1.7699999999999996,-0.6599999999999993,0.35000000000000053,-0.6799999999999997,-2.51,-1.0599999999999996,-2.2699999999999996,3.0300000000000002,-0.0600000000000005,-0.11000000000000032,-0.4299999999999997,1.8200000000000003,3.38,2.919999999999999,1.9799999999999995,0.96,0.96,2.26,0.5,0.20000000000000018,0.9399999999999995,-1.1000000000000005,0.6699999999999999,0.54,2.0199999999999996,0.0,1.3399999999999999,0.41000000000000014,1.4399999999999995,1.6100000000000003,1.8399999999999999,0.7400000000000002,0.41000000000000014,1.2800000000000002,1.5999999999999996,0.3899999999999997,-0.16000000000000014,1.5999999999999996,0.1899999999999995,1.6499999999999995,2.3,1.87,0.9500000000000002,1.46,-1.0499999999999998,-0.4299999999999997,-0.27000000000000046,0.25,1.3600000000000003,2.37,1.3399999999999999,-0.4900000000000002,0.96,-0.25,1.6900000000000004,-1.4000000000000004,-1.4500000000000002,-1.7699999999999996,0.4800000000000004,2.04,1.5799999999999992,0.6399999999999997,-0.3799999999999999,-0.3799999999999999,0.9199999999999999,-0.8399999999999999,-1.1399999999999997,-0.40000000000000036,-2.4400000000000004,-0.6699999999999999,-0.7999999999999998,0.6799999999999997,-1.3399999999999999,0.0,-0.9299999999999997,0.09999999999999964,0.27000000000000046,0.5,-0.5999999999999996,-0.9299999999999997,-0.05999999999999961,0.2599999999999998,-0.9500000000000002,-1.5,0.2599999999999998,-1.1500000000000004,0.3099999999999996,0.96,0.5300000000000002,-0.3899999999999997,0.1200000000000001,-2.3899999999999997,-1.7699999999999996,-1.6100000000000003,-1.0899999999999999,0.020000000000000462,1.0300000000000002,0.0,-1.83,-0.3799999999999999,-1.5899999999999999,2.62,-0.47000000000000064,-0.5200000000000005,-0.8399999999999999,1.4100000000000001,2.9699999999999998,2.509999999999999,1.5699999999999994,0.5499999999999998,0.5499999999999998,1.8499999999999996,0.08999999999999986,-0.20999999999999996,0.5299999999999994,-1.5100000000000007,0.2599999999999998,0.1299999999999999,1.6099999999999994,-0.41000000000000014,0.9299999999999997,0.0,1.0299999999999994,1.2000000000000002,1.4299999999999997,0.33000000000000007,0.0,0.8700000000000001,1.1899999999999995,-0.020000000000000462,-0.5700000000000003,1.1899999999999995,-0.22000000000000064,1.2399999999999993,1.8899999999999997,1.46,0.54,1.0499999999999998,-1.46,-0.8399999999999999,-0.6800000000000006,-0.16000000000000014,0.9500000000000002,1.96,0.9299999999999997,-0.9000000000000004,0.5499999999999998,-0.6600000000000001,1.5900000000000007,-1.5,-1.5499999999999998,-1.8699999999999992,0.3800000000000008,1.9400000000000004,1.4799999999999995,0.54,-0.47999999999999954,-0.47999999999999954,0.8200000000000003,-0.9399999999999995,-1.2399999999999993,-0.5,-2.54,-0.7699999999999996,-0.8999999999999995,0.5800000000000001,-1.4399999999999995,-0.09999999999999964,-1.0299999999999994,0.0,0.17000000000000082,0.40000000000000036,-0.6999999999999993,-1.0299999999999994,-0.15999999999999925,0.16000000000000014,-1.0499999999999998,-1.5999999999999996,0.16000000000000014,-1.25,0.20999999999999996,0.8600000000000003,0.4300000000000006,-0.4899999999999993,0.020000000000000462,-2.4899999999999993,-1.8699999999999992,-1.71,-1.1899999999999995,-0.07999999999999918,0.9300000000000006,-0.09999999999999964,-1.9299999999999997,-0.47999999999999954,-1.6899999999999995,1.42,-1.6700000000000008,-1.7200000000000006,-2.04,0.20999999999999996,1.7699999999999996,1.3099999999999987,0.3699999999999992,-0.6500000000000004,-0.6500000000000004,0.6499999999999995,-1.1100000000000003,-1.4100000000000001,-0.6700000000000008,-2.710000000000001,-0.9400000000000004,-1.0700000000000003,0.40999999999999925,-1.6100000000000003,-0.27000000000000046,-1.2000000000000002,-0.17000000000000082,0.0,0.22999999999999954,-0.8700000000000001,-1.2000000000000002,-0.33000000000000007,-0.010000000000000675,-1.2200000000000006,-1.7700000000000005,-0.010000000000000675,-1.4200000000000008,0.03999999999999915,0.6899999999999995,0.2599999999999998,-0.6600000000000001,-0.15000000000000036,-2.66,-2.04,-1.8800000000000008,-1.3600000000000003,-0.25,0.7599999999999998,-0.27000000000000046,-2.1000000000000005,-0.6500000000000004,-1.8600000000000003,1.1900000000000004,-1.9000000000000004,-1.9500000000000002,-2.2699999999999996,-0.019999999999999574,1.54,1.0799999999999992,0.13999999999999968,-0.8799999999999999,-0.8799999999999999,0.41999999999999993,-1.3399999999999999,-1.6399999999999997,-0.9000000000000004,-2.9400000000000004,-1.17,-1.2999999999999998,0.17999999999999972,-1.8399999999999999,-0.5,-1.4299999999999997,-0.40000000000000036,-0.22999999999999954,0.0,-1.0999999999999996,-1.4299999999999997,-0.5599999999999996,-0.2400000000000002,-1.4500000000000002,-2.0,-0.2400000000000002,-1.6500000000000004,-0.1900000000000004,0.45999999999999996,0.03000000000000025,-0.8899999999999997,-0.3799999999999999,-2.8899999999999997,-2.2699999999999996,-2.1100000000000003,-1.5899999999999999,-0.47999999999999954,0.5300000000000002,-0.5,-2.33,-0.8799999999999999,-2.09,2.29,-0.8000000000000007,-0.8500000000000005,-1.17,1.08,2.6399999999999997,2.179999999999999,1.2399999999999993,0.21999999999999975,0.21999999999999975,1.5199999999999996,-0.2400000000000002,-0.54,0.1999999999999993,-1.8400000000000007,-0.07000000000000028,-0.20000000000000018,1.2799999999999994,-0.7400000000000002,0.5999999999999996,-0.33000000000000007,0.6999999999999993,0.8700000000000001,1.0999999999999996,0.0,-0.33000000000000007,0.54,0.8599999999999994,-0.35000000000000053,-0.9000000000000004,0.8599999999999994,-0.5500000000000007,0.9099999999999993,1.5599999999999996,1.13,0.20999999999999996,0.7199999999999998,-1.79,-1.17,-1.0100000000000007,-0.4900000000000002,0.6200000000000001,1.63,0.5999999999999996,-1.2300000000000004,0.21999999999999975,-0.9900000000000002,2.62,-0.47000000000000064,-0.5200000000000005,-0.8399999999999999,1.4100000000000001,2.9699999999999998,2.509999999999999,1.5699999999999994,0.5499999999999998,0.5499999999999998,1.8499999999999996,0.08999999999999986,-0.20999999999999996,0.5299999999999994,-1.5100000000000007,0.2599999999999998,0.1299999999999999,1.6099999999999994,-0.41000000000000014,0.9299999999999997,0.0,1.0299999999999994,1.2000000000000002,1.4299999999999997,0.33000000000000007,0.0,0.8700000000000001,1.1899999999999995,-0.020000000000000462,-0.5700000000000003,1.1899999999999995,-0.22000000000000064,1.2399999999999993,1.8899999999999997,1.46,0.54,1.0499999999999998,-1.46,-0.8399999999999999,-0.6800000000000006,-0.16000000000000014,0.9500000000000002,1.96,0.9299999999999997,-0.9000000000000004,0.5499999999999998,-0.6600000000000001,1.75,-1.3400000000000007,-1.3900000000000006,-1.71,0.54,2.0999999999999996,1.6399999999999988,0.6999999999999993,-0.3200000000000003,-0.3200000000000003,0.9799999999999995,-0.7800000000000002,-1.08,-0.34000000000000075,-2.380000000000001,-0.6100000000000003,-0.7400000000000002,0.7399999999999993,-1.2800000000000002,0.05999999999999961,-0.8700000000000001,0.15999999999999925,0.33000000000000007,0.5599999999999996,-0.54,-0.8700000000000001,0.0,0.3199999999999994,-0.8900000000000006,-1.4400000000000004,0.3199999999999994,-1.0900000000000007,0.3699999999999992,1.0199999999999996,0.5899999999999999,-0.33000000000000007,0.17999999999999972,-2.33,-1.71,-1.5500000000000007,-1.0300000000000002,0.08000000000000007,1.0899999999999999,0.05999999999999961,-1.7700000000000005,-0.3200000000000003,-1.5300000000000002,1.4300000000000006,-1.6600000000000001,-1.71,-2.0299999999999994,0.22000000000000064,1.7800000000000002,1.3199999999999994,0.3799999999999999,-0.6399999999999997,-0.6399999999999997,0.6600000000000001,-1.0999999999999996,-1.3999999999999995,-0.6600000000000001,-2.7,-0.9299999999999997,-1.0599999999999996,0.41999999999999993,-1.5999999999999996,-0.2599999999999998,-1.1899999999999995,-0.16000000000000014,0.010000000000000675,0.2400000000000002,-0.8599999999999994,-1.1899999999999995,-0.3199999999999994,0.0,-1.21,-1.7599999999999998,0.0,-1.4100000000000001,0.04999999999999982,0.7000000000000002,0.27000000000000046,-0.6499999999999995,-0.13999999999999968,-2.6499999999999995,-2.0299999999999994,-1.87,-1.3499999999999996,-0.23999999999999932,0.7700000000000005,-0.2599999999999998,-2.09,-0.6399999999999997,-1.8499999999999996,2.6400000000000006,-0.4500000000000002,-0.5,-0.8199999999999994,1.4300000000000006,2.99,2.5299999999999994,1.5899999999999999,0.5700000000000003,0.5700000000000003,1.87,0.11000000000000032,-0.1899999999999995,0.5499999999999998,-1.4900000000000002,0.28000000000000025,0.15000000000000036,1.63,-0.3899999999999997,0.9500000000000002,0.020000000000000462,1.0499999999999998,1.2200000000000006,1.4500000000000002,0.35000000000000053,0.020000000000000462,0.8900000000000006,1.21,0.0,-0.5499999999999998,1.21,-0.20000000000000018,1.2599999999999998,1.9100000000000001,1.4800000000000004,0.5600000000000005,1.0700000000000003,-1.4399999999999995,-0.8199999999999994,-0.6600000000000001,-0.13999999999999968,0.9700000000000006,1.9800000000000004,0.9500000000000002,-0.8799999999999999,0.5700000000000003,-0.6399999999999997,3.1900000000000004,0.09999999999999964,0.04999999999999982,-0.2699999999999996,1.9800000000000004,3.54,3.079999999999999,2.1399999999999997,1.12,1.12,2.42,0.6600000000000001,0.3600000000000003,1.0999999999999996,-0.9400000000000004,0.8300000000000001,0.7000000000000002,2.1799999999999997,0.16000000000000014,1.5,0.5700000000000003,1.5999999999999996,1.7700000000000005,2.0,0.9000000000000004,0.5700000000000003,1.4400000000000004,1.7599999999999998,0.5499999999999998,0.0,1.7599999999999998,0.34999999999999964,1.8099999999999996,2.46,2.0300000000000002,1.1100000000000003,1.62,-0.8899999999999997,-0.2699999999999996,-0.11000000000000032,0.41000000000000014,1.5200000000000005,2.5300000000000002,1.5,-0.33000000000000007,1.12,-0.08999999999999986,1.4300000000000006,-1.6600000000000001,-1.71,-2.0299999999999994,0.22000000000000064,1.7800000000000002,1.3199999999999994,0.3799999999999999,-0.6399999999999997,-0.6399999999999997,0.6600000000000001,-1.0999999999999996,-1.3999999999999995,-0.6600000000000001,-2.7,-0.9299999999999997,-1.0599999999999996,0.41999999999999993,-1.5999999999999996,-0.2599999999999998,-1.1899999999999995,-0.16000000000000014,0.010000000000000675,0.2400000000000002,-0.8599999999999994,-1.1899999999999995,-0.3199999999999994,0.0,-1.21,-1.7599999999999998,0.0,-1.4100000000000001,0.04999999999999982,0.7000000000000002,0.27000000000000046,-0.6499999999999995,-0.13999999999999968,-2.6499999999999995,-2.0299999999999994,-1.87,-1.3499999999999996,-0.23999999999999932,0.7700000000000005,-0.2599999999999998,-2.09,-0.6399999999999997,-1.8499999999999996,2.8400000000000007,-0.25,-0.2999999999999998,-0.6199999999999992,1.6300000000000008,3.1900000000000004,2.7299999999999995,1.79,0.7700000000000005,0.7700000000000005,2.0700000000000003,0.3100000000000005,0.010000000000000675,0.75,-1.29,0.4800000000000004,0.35000000000000053,1.83,-0.1899999999999995,1.1500000000000004,0.22000000000000064,1.25,1.4200000000000008,1.6500000000000004,0.5500000000000007,0.22000000000000064,1.0900000000000007,1.4100000000000001,0.20000000000000018,-0.34999999999999964,1.4100000000000001,0.0,1.46,2.1100000000000003,1.6800000000000006,0.7600000000000007,1.2700000000000005,-1.2399999999999993,-0.6199999999999992,-0.45999999999999996,0.0600000000000005,1.1700000000000008,2.1800000000000006,1.1500000000000004,-0.6799999999999997,0.7700000000000005,-0.4399999999999995,1.3800000000000008,-1.71,-1.7599999999999998,-2.079999999999999,0.17000000000000082,1.7300000000000004,1.2699999999999996,0.33000000000000007,-0.6899999999999995,-0.6899999999999995,0.6100000000000003,-1.1499999999999995,-1.4499999999999993,-0.71,-2.75,-0.9799999999999995,-1.1099999999999994,0.3700000000000001,-1.6499999999999995,-0.3099999999999996,-1.2399999999999993,-0.20999999999999996,-0.03999999999999915,0.1900000000000004,-0.9099999999999993,-1.2399999999999993,-0.3699999999999992,-0.04999999999999982,-1.2599999999999998,-1.8099999999999996,-0.04999999999999982,-1.46,0.0,0.6500000000000004,0.22000000000000064,-0.6999999999999993,-0.1899999999999995,-2.6999999999999993,-2.079999999999999,-1.92,-1.3999999999999995,-0.28999999999999915,0.7200000000000006,-0.3099999999999996,-2.1399999999999997,-0.6899999999999995,-1.8999999999999995,0.7300000000000004,-2.3600000000000003,-2.41,-2.7299999999999995,-0.47999999999999954,1.08,0.6199999999999992,-0.3200000000000003,-1.3399999999999999,-1.3399999999999999,-0.040000000000000036,-1.7999999999999998,-2.0999999999999996,-1.3600000000000003,-3.4000000000000004,-1.63,-1.7599999999999998,-0.28000000000000025,-2.3,-0.96,-1.8899999999999997,-0.8600000000000003,-0.6899999999999995,-0.45999999999999996,-1.5599999999999996,-1.8899999999999997,-1.0199999999999996,-0.7000000000000002,-1.9100000000000001,-2.46,-0.7000000000000002,-2.1100000000000003,-0.6500000000000004,0.0,-0.4299999999999997,-1.3499999999999996,-0.8399999999999999,-3.3499999999999996,-2.7299999999999995,-2.5700000000000003,-2.05,-0.9399999999999995,0.07000000000000028,-0.96,-2.79,-1.3399999999999999,-2.55,1.1600000000000001,-1.9300000000000006,-1.9800000000000004,-2.3,-0.04999999999999982,1.5099999999999998,1.049999999999999,0.10999999999999943,-0.9100000000000001,-0.9100000000000001,0.3899999999999997,-1.37,-1.67,-0.9300000000000006,-2.9700000000000006,-1.2000000000000002,-1.33,0.14999999999999947,-1.87,-0.5300000000000002,-1.46,-0.4300000000000006,-0.2599999999999998,-0.03000000000000025,-1.13,-1.46,-0.5899999999999999,-0.27000000000000046,-1.4800000000000004,-2.0300000000000002,-0.27000000000000046,-1.6800000000000006,-0.22000000000000064,0.4299999999999997,0.0,-0.9199999999999999,-0.41000000000000014,-2.92,-2.3,-2.1400000000000006,-1.62,-0.5099999999999998,0.5,-0.5300000000000002,-2.3600000000000003,-0.9100000000000001,-2.12,2.08,-1.0100000000000007,-1.0600000000000005,-1.38,0.8700000000000001,2.4299999999999997,1.9699999999999989,1.0299999999999994,0.009999999999999787,0.009999999999999787,1.3099999999999996,-0.4500000000000002,-0.75,-0.010000000000000675,-2.0500000000000007,-0.28000000000000025,-0.41000000000000014,1.0699999999999994,-0.9500000000000002,0.3899999999999997,-0.54,0.4899999999999993,0.6600000000000001,0.8899999999999997,-0.20999999999999996,-0.54,0.33000000000000007,0.6499999999999995,-0.5600000000000005,-1.1100000000000003,0.6499999999999995,-0.7600000000000007,0.6999999999999993,1.3499999999999996,0.9199999999999999,0.0,0.5099999999999998,-2.0,-1.38,-1.2200000000000006,-0.7000000000000002,0.41000000000000014,1.42,0.3899999999999997,-1.4400000000000004,0.009999999999999787,-1.2000000000000002,1.5700000000000003,-1.5200000000000005,-1.5700000000000003,-1.8899999999999997,0.3600000000000003,1.92,1.459999999999999,0.5199999999999996,-0.5,-0.5,0.7999999999999998,-0.96,-1.2599999999999998,-0.5200000000000005,-2.5600000000000005,-0.79,-0.9199999999999999,0.5599999999999996,-1.46,-0.1200000000000001,-1.0499999999999998,-0.020000000000000462,0.15000000000000036,0.3799999999999999,-0.7199999999999998,-1.0499999999999998,-0.17999999999999972,0.13999999999999968,-1.0700000000000003,-1.62,0.13999999999999968,-1.2700000000000005,0.1899999999999995,0.8399999999999999,0.41000000000000014,-0.5099999999999998,0.0,-2.51,-1.8899999999999997,-1.7300000000000004,-1.21,-0.09999999999999964,0.9100000000000001,-0.1200000000000001,-1.9500000000000002,-0.5,-1.71,4.08,0.9899999999999993,0.9399999999999995,0.6200000000000001,2.87,4.43,3.969999999999999,3.0299999999999994,2.01,2.01,3.3099999999999996,1.5499999999999998,1.25,1.9899999999999993,-0.05000000000000071,1.7199999999999998,1.5899999999999999,3.0699999999999994,1.0499999999999998,2.3899999999999997,1.46,2.4899999999999993,2.66,2.8899999999999997,1.79,1.46,2.33,2.6499999999999995,1.4399999999999995,0.8899999999999997,2.6499999999999995,1.2399999999999993,2.6999999999999993,3.3499999999999996,2.92,2.0,2.51,0.0,0.6200000000000001,0.7799999999999994,1.2999999999999998,2.41,3.42,2.3899999999999997,0.5599999999999996,2.01,0.7999999999999998,3.46,0.3699999999999992,0.3199999999999994,0.0,2.25,3.8099999999999996,3.3499999999999988,2.4099999999999993,1.3899999999999997,1.3899999999999997,2.6899999999999995,0.9299999999999997,0.6299999999999999,1.3699999999999992,-0.6700000000000008,1.0999999999999996,0.9699999999999998,2.4499999999999993,0.4299999999999997,1.7699999999999996,0.8399999999999999,1.8699999999999992,2.04,2.2699999999999996,1.17,0.8399999999999999,1.71,2.0299999999999994,0.8199999999999994,0.2699999999999996,2.0299999999999994,0.6199999999999992,2.079999999999999,2.7299999999999995,2.3,1.38,1.8899999999999997,-0.6200000000000001,0.0,0.15999999999999925,0.6799999999999997,1.79,2.8,1.7699999999999996,-0.0600000000000005,1.3899999999999997,0.17999999999999972,3.3000000000000007,0.20999999999999996,0.16000000000000014,-0.15999999999999925,2.0900000000000007,3.6500000000000004,3.1899999999999995,2.25,1.2300000000000004,1.2300000000000004,2.5300000000000002,0.7700000000000005,0.47000000000000064,1.21,-0.8300000000000001,0.9400000000000004,0.8100000000000005,2.29,0.27000000000000046,1.6100000000000003,0.6800000000000006,1.71,1.8800000000000008,2.1100000000000003,1.0100000000000007,0.6800000000000006,1.5500000000000007,1.87,0.6600000000000001,0.11000000000000032,1.87,0.45999999999999996,1.92,2.5700000000000003,2.1400000000000006,1.2200000000000006,1.7300000000000004,-0.7799999999999994,-0.15999999999999925,0.0,0.5200000000000005,1.6300000000000008,2.6400000000000006,1.6100000000000003,-0.21999999999999975,1.2300000000000004,0.020000000000000462,2.7800000000000002,-0.3100000000000005,-0.3600000000000003,-0.6799999999999997,1.5700000000000003,3.13,2.669999999999999,1.7299999999999995,0.71,0.71,2.01,0.25,-0.04999999999999982,0.6899999999999995,-1.3500000000000005,0.41999999999999993,0.29000000000000004,1.7699999999999996,-0.25,1.0899999999999999,0.16000000000000014,1.1899999999999995,1.3600000000000003,1.5899999999999999,0.4900000000000002,0.16000000000000014,1.0300000000000002,1.3499999999999996,0.13999999999999968,-0.41000000000000014,1.3499999999999996,-0.0600000000000005,1.3999999999999995,2.05,1.62,0.7000000000000002,1.21,-1.2999999999999998,-0.6799999999999997,-0.5200000000000005,0.0,1.1100000000000003,2.12,1.0899999999999999,-0.7400000000000002,0.71,-0.5,1.67,-1.4200000000000008,-1.4700000000000006,-1.79,0.45999999999999996,2.0199999999999996,1.5599999999999987,0.6199999999999992,-0.40000000000000036,-0.40000000000000036,0.8999999999999995,-0.8600000000000003,-1.1600000000000001,-0.4200000000000008,-2.460000000000001,-0.6900000000000004,-0.8200000000000003,0.6599999999999993,-1.3600000000000003,-0.020000000000000462,-0.9500000000000002,0.07999999999999918,0.25,0.47999999999999954,-0.6200000000000001,-0.9500000000000002,-0.08000000000000007,0.23999999999999932,-0.9700000000000006,-1.5200000000000005,0.23999999999999932,-1.1700000000000008,0.28999999999999915,0.9399999999999995,0.5099999999999998,-0.41000000000000014,0.09999999999999964,-2.41,-1.79,-1.6300000000000008,-1.1100000000000003,0.0,1.0099999999999998,-0.020000000000000462,-1.8500000000000005,-0.40000000000000036,-1.6100000000000003,0.6600000000000001,-2.4300000000000006,-2.4800000000000004,-2.8,-0.5499999999999998,1.0099999999999998,0.5499999999999989,-0.39000000000000057,-1.4100000000000001,-1.4100000000000001,-0.11000000000000032,-1.87,-2.17,-1.4300000000000006,-3.4700000000000006,-1.7000000000000002,-1.83,-0.35000000000000053,-2.37,-1.0300000000000002,-1.96,-0.9300000000000006,-0.7599999999999998,-0.5300000000000002,-1.63,-1.96,-1.0899999999999999,-0.7700000000000005,-1.9800000000000004,-2.5300000000000002,-0.7700000000000005,-2.1800000000000006,-0.7200000000000006,-0.07000000000000028,-0.5,-1.42,-0.9100000000000001,-3.42,-2.8,-2.6400000000000006,-2.12,-1.0099999999999998,0.0,-1.0300000000000002,-2.8600000000000003,-1.4100000000000001,-2.62,1.6900000000000004,-1.4000000000000004,-1.4500000000000002,-1.7699999999999996,0.4800000000000004,2.04,1.5799999999999992,0.6399999999999997,-0.3799999999999999,-0.3799999999999999,0.9199999999999999,-0.8399999999999999,-1.1399999999999997,-0.40000000000000036,-2.4400000000000004,-0.6699999999999999,-0.7999999999999998,0.6799999999999997,-1.3399999999999999,0.0,-0.9299999999999997,0.09999999999999964,0.27000000000000046,0.5,-0.5999999999999996,-0.9299999999999997,-0.05999999999999961,0.2599999999999998,-0.9500000000000002,-1.5,0.2599999999999998,-1.1500000000000004,0.3099999999999996,0.96,0.5300000000000002,-0.3899999999999997,0.1200000000000001,-2.3899999999999997,-1.7699999999999996,-1.6100000000000003,-1.0899999999999999,0.020000000000000462,1.0300000000000002,0.0,-1.83,-0.3799999999999999,-1.5899999999999999,3.5200000000000005,0.4299999999999997,0.3799999999999999,0.0600000000000005,2.3100000000000005,3.87,3.4099999999999993,2.4699999999999998,1.4500000000000002,1.4500000000000002,2.75,0.9900000000000002,0.6900000000000004,1.4299999999999997,-0.6100000000000003,1.1600000000000001,1.0300000000000002,2.51,0.4900000000000002,1.83,0.9000000000000004,1.9299999999999997,2.1000000000000005,2.33,1.2300000000000004,0.9000000000000004,1.7700000000000005,2.09,0.8799999999999999,0.33000000000000007,2.09,0.6799999999999997,2.1399999999999997,2.79,2.3600000000000003,1.4400000000000004,1.9500000000000002,-0.5599999999999996,0.0600000000000005,0.21999999999999975,0.7400000000000002,1.8500000000000005,2.8600000000000003,1.83,0.0,1.4500000000000002,0.2400000000000002,2.0700000000000003,-1.0200000000000005,-1.0700000000000003,-1.3899999999999997,0.8600000000000003,2.42,1.959999999999999,1.0199999999999996,0.0,0.0,1.2999999999999998,-0.45999999999999996,-0.7599999999999998,-0.020000000000000462,-2.0600000000000005,-0.29000000000000004,-0.41999999999999993,1.0599999999999996,-0.96,0.3799999999999999,-0.5499999999999998,0.47999999999999954,0.6500000000000004,0.8799999999999999,-0.21999999999999975,-0.5499999999999998,0.3200000000000003,0.6399999999999997,-0.5700000000000003,-1.12,0.6399999999999997,-0.7700000000000005,0.6899999999999995,1.3399999999999999,0.9100000000000001,-0.009999999999999787,0.5,-2.01,-1.3899999999999997,-1.2300000000000004,-0.71,0.40000000000000036,1.4100000000000001,0.3799999999999999,-1.4500000000000002,0.0,-1.21,3.2800000000000002,0.1899999999999995,0.13999999999999968,-0.17999999999999972,2.0700000000000003,3.63,3.169999999999999,2.2299999999999995,1.21,1.21,2.51,0.75,0.4500000000000002,1.1899999999999995,-0.8500000000000005,0.9199999999999999,0.79,2.2699999999999996,0.25,1.5899999999999999,0.6600000000000001,1.6899999999999995,1.8600000000000003,2.09,0.9900000000000002,0.6600000000000001,1.5300000000000002,1.8499999999999996,0.6399999999999997,0.08999999999999986,1.8499999999999996,0.4399999999999995,1.8999999999999995,2.55,2.12,1.2000000000000002,1.71,-0.7999999999999998,-0.17999999999999972,-0.020000000000000462,0.5,1.6100000000000003,2.62,1.5899999999999999,-0.2400000000000002,1.21,0.0
0.0,-1.89592158601213,-1.747277923961665,0.022057640051909466,0.15788134031502032,-1.2806064997826203,-1.0909251487368339,0.13740489772480124,-1.6171961002606636,-0.08299699022545681,-1.1393362519200414,-1.797643387207522,-1.5035386586342794,-2.531739285263316,-1.6611848845675468,-1.5663074865403388,-0.767278165792102,-0.8095815267158342,0.010029309614149717,-1.6725830594128173,0.3496117941938133,-1.6388323673237002,-1.0932584798809133,-0.8590309260358273,-1.488655524583442,-1.3125999974517608,-0.2176419561848819,-2.095191705697639,-0.4101766587236284,-0.7962352520590885,-1.0297852769096751,0.1674260935805023,-0.9715834635823519,-1.7633905197123063,-0.29352446137413857,-1.3908266117433055,-1.081383945098306,-0.06446135457678714,-0.8437648840445737,0.5033232909170042,-2.180648651941455,-0.41019034092207285,-0.39596343608717355,-1.6451772932360962,-0.27265420380795113,-1.7862928419021173,-0.015433261690160904,0.4489400371903285,1.89592158601213,0.0,0.14864366205046498,1.9179792260640394,2.0538029263271502,0.6153150862295096,0.804996437275296,2.033326483736931,0.2787254857514663,1.812924595786673,0.7565853340920885,0.09827819880460797,0.3923829273778505,-0.6358176992511861,0.23473670144458314,0.3296140994717911,1.128643420220028,1.0863400592962957,1.9059508956262796,0.22333852659931264,2.245533380205943,0.2570892186884297,0.8026631061312166,1.0368906599763026,0.4072660614286878,0.5833215885603691,1.678279629827248,-0.1992701196855089,1.4857449272885015,1.0996863339530414,0.8661363091024548,2.063347679592632,0.924338122429778,0.13253106629982359,1.6023971246379913,0.5050949742688244,0.8145376409138239,1.8314602314353428,1.0521567019675562,2.399244876929134,-0.2847270659293253,1.485731245090057,1.4999581499249564,0.2507442927760337,1.6232673822041788,0.10962874411001255,1.880488324321969,2.3448616232024584,1.747277923961665,-0.14864366205046498,0.0,1.7693355640135744,1.9051592642766852,0.4666714241790446,0.656352775224831,1.8846828216864662,0.1300818237010013,1.6642809337362081,0.6079416720416235,-0.050365463245857,0.24373926532738555,-0.7844613613016511,0.08609303939411816,0.18097043742132612,0.979999758169563,0.9376963972458308,1.7573072335758146,0.07469486454884766,2.096889718155478,0.10844555663796474,0.6540194440807516,0.8882469979258376,0.25862239937822284,0.4346779265099041,1.529635967776783,-0.34791378173597387,1.3371012652380365,0.9510426719025764,0.7174926470519898,1.9147040175421672,0.775694460379313,-0.01611259575064139,1.4537534625875264,0.35645131221835946,0.6658939788633589,1.6828165693848778,0.9035130399170912,2.250601214878669,-0.43337072797979026,1.337087583039592,1.3513144878744914,0.10210063072556874,1.4746237201537138,-0.03901491794045242,1.731844662271504,2.1962179611519934,-0.022057640051909466,-1.9179792260640394,-1.7693355640135744,0.0,0.13582370026311086,-1.3026641398345298,-1.1129827887887433,0.11534725767289178,-1.639253740312573,-0.10505463027736628,-1.1613938919719509,-1.8197010272594314,-1.5255962986861888,-2.5537969253152255,-1.6832425246194562,-1.5883651265922483,-0.7893358058440114,-0.8316391667677436,-0.012028330437759749,-1.6946406994647267,0.3275541541419038,-1.6608900073756097,-1.1153161199328228,-0.8810885660877368,-1.5107131646353515,-1.3346576375036703,-0.23969959623679138,-2.1172493457495483,-0.4322342987755379,-0.818292892110998,-1.0518429169615846,0.14536845352859284,-0.9936411036342614,-1.7854481597642158,-0.31558210142604803,-1.412884251795215,-1.1034415851502155,-0.08651899462869661,-0.8658225240964832,0.48126565086509476,-2.2027062919933647,-0.4322479809739823,-0.418021076139083,-1.6672349332880056,-0.2947118438598606,-1.8083504819540268,-0.03749090174207037,0.426882397138419,-0.15788134031502032,-2.0538029263271502,-1.9051592642766852,-0.13582370026311086,0.0,-1.4384878400976406,-1.2488064890518542,-0.02047644259021908,-1.775077440575684,-0.24087833054047714,-1.2972175922350617,-1.9555247275225422,-1.6614199989492997,-2.6896206255783364,-1.819066224882567,-1.7241888268553591,-0.9251595061071223,-0.9674628670308545,-0.1478520307008706,-1.8304643997278376,0.19173045387879295,-1.7967137076387205,-1.2511398201959336,-1.0169122663508476,-1.6465368648984624,-1.4704813377667811,-0.37552329649990224,-2.253073046012659,-0.5680579990386487,-0.9541165923741088,-1.1876666172246955,0.009544753265481987,-1.1294648038973722,-1.9212718600273266,-0.4514058016891589,-1.5487079520583258,-1.2392652854133264,-0.22234269489180747,-1.001646224359594,0.3454419506019839,-2.3385299922564755,-0.5680716812370932,-0.5538447764021939,-1.8030586335511165,-0.43053554412297146,-1.9441741822171377,-0.17331460200518123,0.29105869687530816,1.2806064997826203,-0.6153150862295096,-0.4666714241790446,1.3026641398345298,1.4384878400976406,0.0,0.18968135104578643,1.4180113975074216,-0.3365896004780433,1.1976095095571635,0.1412702478625789,-0.5170368874249016,-0.22293215885165907,-1.2511327854806957,-0.38057838478492645,-0.2857009867577185,0.5133283339905184,0.47102497306678615,1.29063580939677,-0.39197655963019695,1.6302182939764336,-0.3582258675410799,0.18734801990170702,0.421575573746793,-0.20804902480082177,-0.0319934976691405,1.0629645435977384,-0.8145852059150185,0.8704298410589919,0.4843712477235318,0.25082122287294517,1.4480325933631226,0.3090230362002684,-0.482784019929686,0.9870820384084817,-0.11022011196068515,0.19922255468431427,1.2161451452058332,0.4368416157380466,1.7839297906996245,-0.9000421521588349,0.8704161588605475,0.8846430636954468,-0.36457079345347587,1.0079522959746692,-0.505686342119497,1.2651732380924594,1.7295465369729488,1.0909251487368339,-0.804996437275296,-0.656352775224831,1.1129827887887433,1.2488064890518542,-0.18968135104578643,0.0,1.2283300464616351,-0.5262709515238297,1.007928158511377,-0.048411103183207516,-0.706718238470688,-0.4126135098974455,-1.4408141365264822,-0.5702597358307129,-0.4753823378035049,0.32364698294473193,0.2813436220209997,1.1009544583509836,-0.5816579106759834,1.4405369429306472,-0.5479072185868663,-0.002333331144079409,0.23189422270100657,-0.3977303758466082,-0.22167484871492693,0.873283192551952,-1.004266556960805,0.6807484900132055,0.29468989667774537,0.06113987182715874,1.2583512423173362,0.11934168515448196,-0.6724653709754724,0.7974006873626953,-0.2999014630064716,0.00954120363852784,1.0264637941600467,0.24716026469226016,1.5942484396538381,-1.0897235032046213,0.680734807814761,0.6949617126496603,-0.5542521444992623,0.8182709449288827,-0.6953676931652835,1.075491887046673,1.5398651859271624,-0.13740489772480124,-2.033326483736931,-1.8846828216864662,-0.11534725767289178,0.02047644259021908,-1.4180113975074216,-1.2283300464616351,0.0,-1.7546009979854649,-0.22040188795025806,-1.2767411496448426,-1.9350482849323232,-1.6409435563590806,-2.6691441829881173,-1.798589782292348,-1.70371238426514,-0.9046830635169032,-0.9469864244406354,-0.12737558811065153,-1.8099879571376185,0.21220689646901203,-1.7762372650485014,-1.2306633776057145,-0.9964358237606286,-1.6260604223082433,-1.450004895176562,-0.35504685390968316,-2.23259660342244,-0.5475815564484297,-0.9336401497838898,-1.1671901746344764,0.030021195855701066,-1.1089883613071532,-1.9007954174371076,-0.4309293590989398,-1.5282315094681067,-1.2187888428231073,-0.2018662523015884,-0.981169781769375,0.365918393192203,-2.3180535496662564,-0.5475952386468741,-0.5333683338119748,-1.7825821909608974,-0.4100591015327524,-1.9236977396269186,-0.15283815941496215,0.31153513946552724,1.6171961002606636,-0.2787254857514663,-0.1300818237010013,1.639253740312573,1.775077440575684,0.3365896004780433,0.5262709515238297,1.7546009979854649,0.0,1.5341991100352068,0.47785984834062223,-0.1804472869468583,0.11365744162638425,-0.9145431850026524,-0.04398878430688313,0.05088861372032483,0.8499179344685617,0.8076145735448295,1.6272254098748133,-0.055386959152153636,1.966807894454477,-0.021636267063036563,0.5239376203797503,0.7581651742248363,0.12854057567722155,0.3045961028089028,1.3995541440757817,-0.47799560543697517,1.2070194415370352,0.8209608482015751,0.5874108233509885,1.784622193841166,0.6456126366783117,-0.1461944194516427,1.323671638886525,0.22636948851735816,0.5358121551623576,1.5527347456838765,0.7734312162160899,2.120519391177668,-0.5634525516807916,1.2070057593385908,1.22123266417349,-0.027981192975432556,1.3445418964527125,-0.16909674164145372,1.6017628385705027,2.066136137450992,0.08299699022545681,-1.812924595786673,-1.6642809337362081,0.10505463027736628,0.24087833054047714,-1.1976095095571635,-1.007928158511377,0.22040188795025806,-1.5341991100352068,0.0,-1.0563392616945846,-1.7146463969820651,-1.4205416684088226,-2.4487422950378592,-1.57818789434209,-1.483310496314882,-0.6842811755666451,-0.7265845364903774,0.09302629983960653,-1.5895860691873605,0.4326087844192701,-1.5558353770982434,-1.0102614896554565,-0.7760339358103705,-1.4056585343579853,-1.229603007226304,-0.1346449659594251,-2.012194715472182,-0.3271796684981716,-0.7132382618336317,-0.9467882866842183,0.2504230838059591,-0.8885864733568951,-1.6803935294868495,-0.21052747114868176,-1.3078296215178487,-0.9983869548728492,0.01853563564866967,-0.7607678938191169,0.586320281142461,-2.0976516617159984,-0.32719335069661604,-0.31296644586171674,-1.5621803030106394,-0.18965721358249432,-1.7032958516766605,0.06756372853529591,0.5319370274157853,1.1393362519200414,-0.7565853340920885,-0.6079416720416235,1.1613938919719509,1.2972175922350617,-0.1412702478625789,0.048411103183207516,1.2767411496448426,-0.47785984834062223,1.0563392616945846,0.0,-0.6583071352874805,-0.364202406714238,-1.3924030333432746,-0.5218486326475054,-0.4269712346202974,0.37205808612793945,0.32975472520420723,1.1493655615341911,-0.5332468074927759,1.4889480461138547,-0.4994961154036588,0.046077772039128106,0.2803053258842141,-0.3493192726634007,-0.17326374553171942,0.9216942957351595,-0.9558554537775974,0.729159593196413,0.3431009998609529,0.10955097501036626,1.3067623455005437,0.16775278833768947,-0.6240542677922649,0.8458117905459028,-0.25149035982326406,0.057952306821735355,1.0748748973432543,0.29557136787546767,1.6426595428370456,-1.0413124000214138,0.7291459109979685,0.7433728158328679,-0.5058410413160548,0.8666820481120903,-0.646956589982076,1.1239029902298805,1.5882762891103699,1.797643387207522,-0.09827819880460797,0.050365463245857,1.8197010272594314,1.9555247275225422,0.5170368874249016,0.706718238470688,1.9350482849323232,0.1804472869468583,1.7146463969820651,0.6583071352874805,0.0,0.29410472857324255,-0.7340958980557941,0.13645850263997517,0.23133590066718313,1.03036522141542,0.9880618604916878,1.8076726968216716,0.12506032779470466,2.147255181401335,0.15881101988382174,0.7043849073266086,0.9386124611716946,0.30898786262407985,0.4850433897557611,1.58000143102264,-0.29754831849011687,1.3874667284838935,1.0014081351484334,0.7678581102978468,1.9650694807880242,0.82605992362517,0.03425286749521561,1.5041189258333834,0.40681677546421646,0.7162594421092159,1.7331820326307348,0.9538785031629482,2.300966678124526,-0.38300526473393326,1.387453046285449,1.4016799511203484,0.15246609397142574,1.5249891833995708,0.01135054530540458,1.782210125517361,2.2465834243978504,1.5035386586342794,-0.3923829273778505,-0.24373926532738555,1.5255962986861888,1.6614199989492997,0.22293215885165907,0.4126135098974455,1.6409435563590806,-0.11365744162638425,1.4205416684088226,0.364202406714238,-0.29410472857324255,0.0,-1.0282006266290367,-0.15764622593326738,-0.06276882790605942,0.7362604928421774,0.6939571319184452,1.513567968248429,-0.16904440077853788,1.8531504528280927,-0.1352937086894208,0.4102801787533661,0.6445077325984521,0.014883134050837299,0.19093866118251857,1.2858967024493975,-0.5916530470633594,1.093361999910651,0.7073034065751909,0.47375338172460424,1.6709647522147817,0.5319551950519275,-0.25985186107802694,1.2100141972601408,0.11271204689097392,0.42215471353597334,1.4390773040574922,0.6597737745897057,2.0068619495512836,-0.6771099933071758,1.0933483177122065,1.1075752225471058,-0.1416386346018168,1.2308844548263282,-0.28275418326783797,1.4881053969441185,1.9524786958246079,2.531739285263316,0.6358176992511861,0.7844613613016511,2.5537969253152255,2.6896206255783364,1.2511327854806957,1.4408141365264822,2.6691441829881173,0.9145431850026524,2.4487422950378592,1.3924030333432746,0.7340958980557941,1.0282006266290367,0.0,0.8705544006957693,0.9654317987229772,1.764461119471214,1.7221577585474819,2.5417685948774658,0.8591562258504988,2.8813510794571293,0.8929069179396159,1.4384808053824027,1.6727083592274887,1.043083760679874,1.2191392878115552,2.314097329078434,0.43654757956567725,2.1215626265396876,1.7355040332042275,1.501954008353641,2.6991653788438184,1.5601558216809641,0.7683487655510097,2.2382148238891775,1.1409126735200106,1.45035534016501,2.467277930686529,1.6879744012187423,3.0350625761803203,0.35109063332186086,2.121548944341243,2.1357758491761425,0.8865619920272199,2.259085081455365,0.7454464433611987,2.516306023573155,2.9806793224536445,1.6611848845675468,-0.23473670144458314,-0.08609303939411816,1.6832425246194562,1.819066224882567,0.38057838478492645,0.5702597358307129,1.798589782292348,0.04398878430688313,1.57818789434209,0.5218486326475054,-0.13645850263997517,0.15764622593326738,-0.8705544006957693,0.0,0.09487739802720796,0.8939067187754448,0.8516033578517126,1.6712141941816965,-0.011398174845270503,2.01079667876136,0.02235251724384657,0.5679264046866335,0.8021539585317194,0.17252935998410468,0.34858488711578595,1.4435429283826648,-0.43400682113009204,1.2510082258439184,0.8649496325084582,0.6313996076578716,1.828610978148049,0.6896014209851948,-0.10220563514475955,1.3676604231934082,0.2703582728242413,0.5798009394692407,1.5967235299907596,0.817420000522973,2.164508175484551,-0.5194637673739084,1.250994543645474,1.2652214484803732,0.016007591331450577,1.3885306807595956,-0.12510795733457059,1.6457516228773859,2.1101249217578752,1.5663074865403388,-0.3296140994717911,-0.18097043742132612,1.5883651265922483,1.7241888268553591,0.2857009867577185,0.4753823378035049,1.70371238426514,-0.05088861372032483,1.483310496314882,0.4269712346202974,-0.23133590066718313,0.06276882790605942,-0.9654317987229772,-0.09487739802720796,0.0,0.7990293207482368,0.7567259598245046,1.5763367961544885,-0.10627557287247846,1.915919280734152,-0.07252488078336139,0.4730490066594255,0.7072765605045115,0.07765196195689672,0.253707489088578,1.3486655303554569,-0.5288842191573,1.1561308278167104,0.7700722344812503,0.5365222096306637,1.7337335801208411,0.5947240229579869,-0.19708303317196751,1.2727830251662002,0.17548087479703334,0.48492354144203276,1.5018461319635517,0.7225426024957651,2.069630777457343,-0.6143411654011164,1.156117145618266,1.1703440504531653,-0.07886980669575738,1.2936532827323877,-0.21998535536177855,1.550874224850178,2.0152475237306673,0.767278165792102,-1.128643420220028,-0.979999758169563,0.7893358058440114,0.9251595061071223,-0.5133283339905184,-0.32364698294473193,0.9046830635169032,-0.8499179344685617,0.6842811755666451,-0.37205808612793945,-1.03036522141542,-0.7362604928421774,-1.764461119471214,-0.8939067187754448,-0.7990293207482368,0.0,-0.042303360923732214,0.7773074754062517,-0.9053048936207153,1.1168899599859152,-0.8715542015315982,-0.32598031408881134,-0.09175276024372536,-0.7213773587913401,-0.5453218316596589,0.54963620960722,-1.3279135399055368,0.35710150706847354,-0.028957086266986565,-0.2625071111175732,0.9347042593726043,-0.20430529779024997,-0.9961123539202044,0.4737537044179634,-0.6235484459512035,-0.3141057793062041,0.7028168112153148,-0.07648671825247177,1.2706014567091062,-1.4133704861493532,0.3570878248700291,0.3713147297049284,-0.8778991274439942,0.4946239619841508,-1.0190146761100154,0.751844904101941,1.2162182029824304,0.8095815267158342,-1.0863400592962957,-0.9376963972458308,0.8316391667677436,0.9674628670308545,-0.47102497306678615,-0.2813436220209997,0.9469864244406354,-0.8076145735448295,0.7265845364903774,-0.32975472520420723,-0.9880618604916878,-0.6939571319184452,-1.7221577585474819,-0.8516033578517126,-0.7567259598245046,0.042303360923732214,0.0,0.8196108363299839,-0.8630015326969831,1.1591933209096474,-0.829250840607866,-0.2836769531650791,-0.04944939931999315,-0.6790739978676079,-0.5030184707359266,0.5919395705309523,-1.2856101789818046,0.39940486799220576,0.01334627465674565,-0.22020375019384097,0.9770076202963365,-0.16200193686651776,-0.9538089929964721,0.5160570653416956,-0.5812450850274713,-0.2718024183824719,0.745120172139047,-0.03418335732873956,1.3129048176328384,-1.371067125225621,0.3993911857937613,0.4136180906286606,-0.835595766520262,0.536927322907883,-0.9767113151862832,0.7941482650256733,1.2585215639061627,-0.010029309614149717,-1.9059508956262796,-1.7573072335758146,0.012028330437759749,0.1478520307008706,-1.29063580939677,-1.1009544583509836,0.12737558811065153,-1.6272254098748133,-0.09302629983960653,-1.1493655615341911,-1.8076726968216716,-1.513567968248429,-2.5417685948774658,-1.6712141941816965,-1.5763367961544885,-0.7773074754062517,-0.8196108363299839,0.0,-1.682612369026967,0.33958248457966356,-1.64886167693785,-1.103287789495063,-0.869060235649977,-1.4986848341975918,-1.3226293070659105,-0.22767126579903163,-2.1052210153117885,-0.4202059683377781,-0.8062645616732382,-1.0398145865238249,0.1573967839663526,-0.9816127731965016,-1.773419829326456,-0.3035537709882883,-1.4008559213574552,-1.0914132547124558,-0.07449066419093686,-0.8537941936587234,0.4932939813028545,-2.190677961555605,-0.42021965053622257,-0.40599274570132327,-1.655206602850246,-0.28268351342210085,-1.796322151516267,-0.02546257130431062,0.43891072757617877,1.6725830594128173,-0.22333852659931264,-0.07469486454884766,1.6946406994647267,1.8304643997278376,0.39197655963019695,0.5816579106759834,1.8099879571376185,0.055386959152153636,1.5895860691873605,0.5332468074927759,-0.12506032779470466,0.16904440077853788,-0.8591562258504988,0.011398174845270503,0.10627557287247846,0.9053048936207153,0.8630015326969831,1.682612369026967,0.0,2.0221948536066305,0.033750692089117074,0.579324579531904,0.81355213337699,0.18392753482937518,0.35998306196105645,1.4549411032279354,-0.42260864628482153,1.2624064006891889,0.8763478073537287,0.6427977825031421,1.8400091529933196,0.7009995958304653,-0.09080746029948905,1.3790585980386787,0.2817564476695118,0.5911991143145112,1.6081217048360301,0.8288181753682435,2.1759063503298215,-0.5080655925286379,1.2623927184907444,1.2766196233256437,0.02740576617672108,1.3999288556048661,-0.11370978248930008,1.6571497977226564,2.1215230966031458,-0.3496117941938133,-2.245533380205943,-2.096889718155478,-0.3275541541419038,-0.19173045387879295,-1.6302182939764336,-1.4405369429306472,-0.21220689646901203,-1.966807894454477,-0.4326087844192701,-1.4889480461138547,-2.147255181401335,-1.8531504528280927,-2.8813510794571293,-2.01079667876136,-1.915919280734152,-1.1168899599859152,-1.1591933209096474,-0.33958248457966356,-2.0221948536066305,0.0,-1.9884441615175135,-1.4428702740747266,-1.2086427202296406,-1.8382673187772554,-1.662211791645574,-0.5672537503786952,-2.444803499891452,-0.7597884529174417,-1.1458470462529018,-1.3793970711034884,-0.18218570061331096,-1.3211952577761652,-2.1130023139061196,-0.6431362555679518,-1.7404384059371187,-1.4309957392921193,-0.4140731487706004,-1.193376678238387,0.15371149672319095,-2.5302604461352685,-0.7598021351158861,-0.7455752302809868,-1.9947890874299095,-0.6222659980017644,-2.1359046360959306,-0.3650450558839742,0.09932824299651521,1.6388323673237002,-0.2570892186884297,-0.10844555663796474,1.6608900073756097,1.7967137076387205,0.3582258675410799,0.5479072185868663,1.7762372650485014,0.021636267063036563,1.5558353770982434,0.4994961154036588,-0.15881101988382174,0.1352937086894208,-0.8929069179396159,-0.02235251724384657,0.07252488078336139,0.8715542015315982,0.829250840607866,1.64886167693785,-0.033750692089117074,1.9884441615175135,0.0,0.5455738874427869,0.7798014412878729,0.1501768427402581,0.3262323698719394,1.4211904111388183,-0.4563593383739386,1.2286557086000718,0.8425971152646117,0.609047090414025,1.8062584609042025,0.6672489037413483,-0.12455815238860612,1.3453079059495616,0.24800575558039473,0.5574484222253941,1.574371012746913,0.7950674832791265,2.1421556582407044,-0.541816284617755,1.2286420264016273,1.2428689312365266,-0.006344925912395993,1.366178163515749,-0.14746047457841716,1.6233991056335393,2.0877724045140287,1.0932584798809133,-0.8026631061312166,-0.6540194440807516,1.1153161199328228,1.2511398201959336,-0.18734801990170702,0.002333331144079409,1.2306633776057145,-0.5239376203797503,1.0102614896554565,-0.046077772039128106,-0.7043849073266086,-0.4102801787533661,-1.4384808053824027,-0.5679264046866335,-0.4730490066594255,0.32598031408881134,0.2836769531650791,1.103287789495063,-0.579324579531904,1.4428702740747266,-0.5455738874427869,0.0,0.23422755384508598,-0.3953970447025288,-0.21934151757084752,0.8756165236960314,-1.0019332258167255,0.6830818211572849,0.2970232278218248,0.06347320297123815,1.2606845734614156,0.12167501629856137,-0.670132039831393,0.7997340185067747,-0.29756813186239217,0.011874534782607249,1.0287971253041261,0.24949359583633957,1.5965817707979175,-1.087390172060542,0.6830681389588404,0.6972950437937397,-0.5519188133551829,0.8206042760729622,-0.693034362021204,1.0778252181907524,1.5421985170712418,0.8590309260358273,-1.0368906599763026,-0.8882469979258376,0.8810885660877368,1.0169122663508476,-0.421575573746793,-0.23189422270100657,0.9964358237606286,-0.7581651742248363,0.7760339358103705,-0.2803053258842141,-0.9386124611716946,-0.6445077325984521,-1.6727083592274887,-0.8021539585317194,-0.7072765605045115,0.09175276024372536,0.04944939931999315,0.869060235649977,-0.81355213337699,1.2086427202296406,-0.7798014412878729,-0.23422755384508598,0.0,-0.6296245985476148,-0.4535690714159335,0.6413889698509454,-1.2361607796618115,0.4488542673121989,0.0627956739767388,-0.17075435087384783,1.0264570196163296,-0.11255253754652461,-0.904359593676479,0.5655064646616887,-0.5317956857074781,-0.22235301906247873,0.7945695714590402,0.015266041991253587,1.3623542169528315,-1.3216177259056279,0.44884058511375446,0.46306748994865377,-0.7861463672002689,0.5863767222278762,-0.92726191586629,0.8435976643456664,1.3079709632261558,1.488655524583442,-0.4072660614286878,-0.25862239937822284,1.5107131646353515,1.6465368648984624,0.20804902480082177,0.3977303758466082,1.6260604223082433,-0.12854057567722155,1.4056585343579853,0.3493192726634007,-0.30898786262407985,-0.014883134050837299,-1.043083760679874,-0.17252935998410468,-0.07765196195689672,0.7213773587913401,0.6790739978676079,1.4986848341975918,-0.18392753482937518,1.8382673187772554,-0.1501768427402581,0.3953970447025288,0.6296245985476148,0.0,0.17605552713168127,1.2710135683985602,-0.6065361811141967,1.0784788658598137,0.6924202725243536,0.45887024767376694,1.6560816181639444,0.5170720610010902,-0.27473499512886423,1.1951310632093035,0.09782891284013662,0.40727157948513604,1.424194170006655,0.6448906405388684,1.9919788155004463,-0.6919931273580131,1.0784651836613692,1.0926920884962685,-0.1565217686526541,1.216001320775491,-0.29763731731867527,1.4732222628932812,1.9375955617737706,1.3125999974517608,-0.5833215885603691,-0.4346779265099041,1.3346576375036703,1.4704813377667811,0.0319934976691405,0.22167484871492693,1.450004895176562,-0.3045961028089028,1.229603007226304,0.17326374553171942,-0.4850433897557611,-0.19093866118251857,-1.2191392878115552,-0.34858488711578595,-0.253707489088578,0.5453218316596589,0.5030184707359266,1.3226293070659105,-0.35998306196105645,1.662211791645574,-0.3262323698719394,0.21934151757084752,0.4535690714159335,-0.17605552713168127,0.0,1.094958041266879,-0.782591708245878,0.9024233387281324,0.5163647453926723,0.2828147205420857,1.4800260910322631,0.3410165338694089,-0.4507905222605455,1.0190755360776222,-0.07822661429154465,0.23121605235345477,1.2481386428749737,0.4688351134071871,1.815923288368765,-0.8680486544896944,0.902409656529688,0.9166365613645873,-0.33257729578433537,1.0399457936438097,-0.47369284445035653,1.2971667357616,1.7615400346420893,0.2176419561848819,-1.678279629827248,-1.529635967776783,0.23969959623679138,0.37552329649990224,-1.0629645435977384,-0.873283192551952,0.35504685390968316,-1.3995541440757817,0.1346449659594251,-0.9216942957351595,-1.58000143102264,-1.2858967024493975,-2.314097329078434,-1.4435429283826648,-1.3486655303554569,-0.54963620960722,-0.5919395705309523,0.22767126579903163,-1.4549411032279354,0.5672537503786952,-1.4211904111388183,-0.8756165236960314,-0.6413889698509454,-1.2710135683985602,-1.094958041266879,0.0,-1.8775497495127569,-0.1925347025387465,-0.5785932958742066,-0.8121433207247932,0.3850680497653842,-0.75394150739747,-1.5457485635274244,-0.07588250518925665,-1.1731846555584236,-0.8637419889134241,0.15318060160809477,-0.6261229278596918,0.7209652471018861,-1.9630066957565733,-0.19254838473719094,-0.17832147990229164,-1.4275353370512143,-0.05501224762306922,-1.5686508857172354,0.202208694494721,0.6665819933752104,2.095191705697639,0.1992701196855089,0.34791378173597387,2.1172493457495483,2.253073046012659,0.8145852059150185,1.004266556960805,2.23259660342244,0.47799560543697517,2.012194715472182,0.9558554537775974,0.29754831849011687,0.5916530470633594,-0.43654757956567725,0.43400682113009204,0.5288842191573,1.3279135399055368,1.2856101789818046,2.1052210153117885,0.42260864628482153,2.444803499891452,0.4563593383739386,1.0019332258167255,1.2361607796618115,0.6065361811141967,0.782591708245878,1.8775497495127569,0.0,1.6850150469740104,1.2989564536385503,1.0654064287879637,2.262617799278141,1.1236082421152869,0.3318011859853325,1.8016672443235002,0.7043650939543333,1.0138077605993328,2.0307303511208517,1.251426821653065,2.598514996614643,-0.08545694624381639,1.685001364775566,1.6992282696104652,0.4500144124615426,1.8225375018896877,0.30889886379552145,2.079758444007478,2.5441317428879673,0.4101766587236284,-1.4857449272885015,-1.3371012652380365,0.4322342987755379,0.5680579990386487,-0.8704298410589919,-0.6807484900132055,0.5475815564484297,-1.2070194415370352,0.3271796684981716,-0.729159593196413,-1.3874667284838935,-1.093361999910651,-2.1215626265396876,-1.2510082258439184,-1.1561308278167104,-0.35710150706847354,-0.39940486799220576,0.4202059683377781,-1.2624064006891889,0.7597884529174417,-1.2286557086000718,-0.6830818211572849,-0.4488542673121989,-1.0784788658598137,-0.9024233387281324,0.1925347025387465,-1.6850150469740104,0.0,-0.3860585933354601,-0.6196086181860467,0.5776027523041307,-0.5614068048587235,-1.353213860988678,0.11665219734948984,-0.9806499530196771,-0.6712072863746776,0.34571530414684126,-0.4335882253209453,0.9134999496406326,-1.7704719932178268,-1.3682198444442406e-05,0.014213222636454859,-1.2350006345124678,0.13752245491567727,-1.376116183178489,0.3947433970334675,0.8591166959139569,0.7962352520590885,-1.0996863339530414,-0.9510426719025764,0.818292892110998,0.9541165923741088,-0.4843712477235318,-0.29468989667774537,0.9336401497838898,-0.8209608482015751,0.7132382618336317,-0.3431009998609529,-1.0014081351484334,-0.7073034065751909,-1.7355040332042275,-0.8649496325084582,-0.7700722344812503,0.028957086266986565,-0.01334627465674565,0.8062645616732382,-0.8763478073537287,1.1458470462529018,-0.8425971152646117,-0.2970232278218248,-0.0627956739767388,-0.6924202725243536,-0.5163647453926723,0.5785932958742066,-1.2989564536385503,0.3860585933354601,0.0,-0.23355002485058662,0.9636613456395908,-0.1753482115232634,-0.9671552676532178,0.50271079068495,-0.594591359684217,-0.2851486930392175,0.7317738974823014,-0.04752963198548521,1.2995585429760927,-1.3844133998823667,0.38604491113701567,0.40027181597191497,-0.8489420411770077,0.5235810482511374,-0.9900575898430288,0.7808019903689276,1.245175289249417,1.0297852769096751,-0.8661363091024548,-0.7174926470519898,1.0518429169615846,1.1876666172246955,-0.25082122287294517,-0.06113987182715874,1.1671901746344764,-0.5874108233509885,0.9467882866842183,-0.10955097501036626,-0.7678581102978468,-0.47375338172460424,-1.501954008353641,-0.6313996076578716,-0.5365222096306637,0.2625071111175732,0.22020375019384097,1.0398145865238249,-0.6427977825031421,1.3793970711034884,-0.609047090414025,-0.06347320297123815,0.17075435087384783,-0.45887024767376694,-0.2828147205420857,0.8121433207247932,-1.0654064287879637,0.6196086181860467,0.23355002485058662,0.0,1.1972113704901775,0.058201813327323215,-0.7336052428026312,0.7362608155355366,-0.3610413348336303,-0.0515986681886309,0.965323922332888,0.1860203928651014,1.5331085678266794,-1.15086337503178,0.6195949359876023,0.6338218408225016,-0.615392016326421,0.757131073101724,-0.7565075649924422,1.0143520152195142,1.4787253141000036,-0.1674260935805023,-2.063347679592632,-1.9147040175421672,-0.14536845352859284,-0.009544753265481987,-1.4480325933631226,-1.2583512423173362,-0.030021195855701066,-1.784622193841166,-0.2504230838059591,-1.3067623455005437,-1.9650694807880242,-1.6709647522147817,-2.6991653788438184,-1.828610978148049,-1.7337335801208411,-0.9347042593726043,-0.9770076202963365,-0.1573967839663526,-1.8400091529933196,0.18218570061331096,-1.8062584609042025,-1.2606845734614156,-1.0264570196163296,-1.6560816181639444,-1.4800260910322631,-0.3850680497653842,-2.262617799278141,-0.5776027523041307,-0.9636613456395908,-1.1972113704901775,0.0,-1.1390095571628542,-1.9308166132928086,-0.4609505549546409,-1.5582527053238078,-1.2488100386788084,-0.23188744815728946,-1.011190977625076,0.3358971973365019,-2.3480747455219575,-0.5776164345025752,-0.5633895296676759,-1.8126033868165985,-0.44008029738845345,-1.9537189354826197,-0.18285935527066322,0.2815139436098262,0.9715834635823519,-0.924338122429778,-0.775694460379313,0.9936411036342614,1.1294648038973722,-0.3090230362002684,-0.11934168515448196,1.1089883613071532,-0.6456126366783117,0.8885864733568951,-0.16775278833768947,-0.82605992362517,-0.5319551950519275,-1.5601558216809641,-0.6896014209851948,-0.5947240229579869,0.20430529779024997,0.16200193686651776,0.9816127731965016,-0.7009995958304653,1.3211952577761652,-0.6672489037413483,-0.12167501629856137,0.11255253754652461,-0.5170720610010902,-0.3410165338694089,0.75394150739747,-1.1236082421152869,0.5614068048587235,0.1753482115232634,-0.058201813327323215,1.1390095571628542,0.0,-0.7918070561299544,0.6780590022082134,-0.41924314816095354,-0.10980048151595412,0.9071221090055648,0.1278185795377782,1.4749067544993562,-1.2090651883591033,0.5613931226602791,0.5756200274951784,-0.6735938296537443,0.6989292597744008,-0.8147093783197654,0.956150201892191,1.4205235007726804,1.7633905197123063,-0.13253106629982359,0.01611259575064139,1.7854481597642158,1.9212718600273266,0.482784019929686,0.6724653709754724,1.9007954174371076,0.1461944194516427,1.6803935294868495,0.6240542677922649,-0.03425286749521561,0.25985186107802694,-0.7683487655510097,0.10220563514475955,0.19708303317196751,0.9961123539202044,0.9538089929964721,1.773419829326456,0.09080746029948905,2.1130023139061196,0.12455815238860612,0.670132039831393,0.904359593676479,0.27473499512886423,0.4507905222605455,1.5457485635274244,-0.3318011859853325,1.353213860988678,0.9671552676532178,0.7336052428026312,1.9308166132928086,0.7918070561299544,0.0,1.4698660583381677,0.37256390796900085,0.6820065746140003,1.6989291651355192,0.9196256356677326,2.2667138106293105,-0.41725813222914887,1.3532001787902335,1.3674270836251328,0.11821322647621013,1.4907363159043552,-0.02290232218981103,1.7479572580221454,2.212330556902635,0.29352446137413857,-1.6023971246379913,-1.4537534625875264,0.31558210142604803,0.4514058016891589,-0.9870820384084817,-0.7974006873626953,0.4309293590989398,-1.323671638886525,0.21052747114868176,-0.8458117905459028,-1.5041189258333834,-1.2100141972601408,-2.2382148238891775,-1.3676604231934082,-1.2727830251662002,-0.4737537044179634,-0.5160570653416956,0.3035537709882883,-1.3790585980386787,0.6431362555679518,-1.3453079059495616,-0.7997340185067747,-0.5655064646616887,-1.1951310632093035,-1.0190755360776222,0.07588250518925665,-1.8016672443235002,-0.11665219734948984,-0.50271079068495,-0.7362608155355366,0.4609505549546409,-0.6780590022082134,-1.4698660583381677,0.0,-1.097302150369167,-0.7878594837241675,0.22906310679735142,-0.5502404226704352,0.7968477522911428,-1.8871241905673166,-0.11666587954793428,-0.10243897471303498,-1.3516528318619576,0.020870257566187433,-1.4927683805279788,0.27809119968397766,0.7424644985644671,1.3908266117433055,-0.5050949742688244,-0.35645131221835946,1.412884251795215,1.5487079520583258,0.11022011196068515,0.2999014630064716,1.5282315094681067,-0.22636948851735816,1.3078296215178487,0.25149035982326406,-0.40681677546421646,-0.11271204689097392,-1.1409126735200106,-0.2703582728242413,-0.17548087479703334,0.6235484459512035,0.5812450850274713,1.4008559213574552,-0.2817564476695118,1.7404384059371187,-0.24800575558039473,0.29756813186239217,0.5317956857074781,-0.09782891284013662,0.07822661429154465,1.1731846555584236,-0.7043650939543333,0.9806499530196771,0.594591359684217,0.3610413348336303,1.5582527053238078,0.41924314816095354,-0.37256390796900085,1.097302150369167,0.0,0.3094426666449994,1.3263652571665183,0.5470617276987317,1.8941499026603097,-0.7898220401981497,0.9806362708212326,0.9948631756561319,-0.2543506814927907,1.1181724079353543,-0.3954662301588119,1.3753933500531446,1.839766648933634,1.081383945098306,-0.8145376409138239,-0.6658939788633589,1.1034415851502155,1.2392652854133264,-0.19922255468431427,-0.00954120363852784,1.2187888428231073,-0.5358121551623576,0.9983869548728492,-0.057952306821735355,-0.7162594421092159,-0.42215471353597334,-1.45035534016501,-0.5798009394692407,-0.48492354144203276,0.3141057793062041,0.2718024183824719,1.0914132547124558,-0.5911991143145112,1.4309957392921193,-0.5574484222253941,-0.011874534782607249,0.22235301906247873,-0.40727157948513604,-0.23121605235345477,0.8637419889134241,-1.0138077605993328,0.6712072863746776,0.2851486930392175,0.0515986681886309,1.2488100386788084,0.10980048151595412,-0.6820065746140003,0.7878594837241675,-0.3094426666449994,0.0,1.016922590521519,0.23761906105373232,1.5847072360153103,-1.0992647068431491,0.6711936041762332,0.6854205090111325,-0.5637933481377901,0.8087297412903549,-0.7049088968038113,1.0659506834081451,1.5303239822886345,0.06446135457678714,-1.8314602314353428,-1.6828165693848778,0.08651899462869661,0.22234269489180747,-1.2161451452058332,-1.0264637941600467,0.2018662523015884,-1.5527347456838765,-0.01853563564866967,-1.0748748973432543,-1.7331820326307348,-1.4390773040574922,-2.467277930686529,-1.5967235299907596,-1.5018461319635517,-0.7028168112153148,-0.745120172139047,0.07449066419093686,-1.6081217048360301,0.4140731487706004,-1.574371012746913,-1.0287971253041261,-0.7945695714590402,-1.424194170006655,-1.2481386428749737,-0.15318060160809477,-2.0307303511208517,-0.34571530414684126,-0.7317738974823014,-0.965323922332888,0.23188744815728946,-0.9071221090055648,-1.6989291651355192,-0.22906310679735142,-1.3263652571665183,-1.016922590521519,0.0,-0.7793035294677866,0.5677846454937914,-2.116187297364668,-0.3457289863452857,-0.3315020815103864,-1.580715938659309,-0.208192849231164,-1.7218314873253302,0.04902809288662624,0.5134013917671156,0.8437648840445737,-1.0521567019675562,-0.9035130399170912,0.8658225240964832,1.001646224359594,-0.4368416157380466,-0.24716026469226016,0.981169781769375,-0.7734312162160899,0.7607678938191169,-0.29557136787546767,-0.9538785031629482,-0.6597737745897057,-1.6879744012187423,-0.817420000522973,-0.7225426024957651,0.07648671825247177,0.03418335732873956,0.8537941936587234,-0.8288181753682435,1.193376678238387,-0.7950674832791265,-0.24949359583633957,-0.015266041991253587,-0.6448906405388684,-0.4688351134071871,0.6261229278596918,-1.251426821653065,0.4335882253209453,0.04752963198548521,-0.1860203928651014,1.011190977625076,-0.1278185795377782,-0.9196256356677326,0.5502404226704352,-0.5470617276987317,-0.23761906105373232,0.7793035294677866,0.0,1.347088174961578,-1.3368837678968815,0.4335745431225009,0.4478014479574002,-0.8014124091915225,0.5711106802366226,-0.9425279578575436,0.8283316223544128,1.2927049212349022,-0.5033232909170042,-2.399244876929134,-2.250601214878669,-0.48126565086509476,-0.3454419506019839,-1.7839297906996245,-1.5942484396538381,-0.365918393192203,-2.120519391177668,-0.586320281142461,-1.6426595428370456,-2.300966678124526,-2.0068619495512836,-3.0350625761803203,-2.164508175484551,-2.069630777457343,-1.2706014567091062,-1.3129048176328384,-0.4932939813028545,-2.1759063503298215,-0.15371149672319095,-2.1421556582407044,-1.5965817707979175,-1.3623542169528315,-1.9919788155004463,-1.815923288368765,-0.7209652471018861,-2.598514996614643,-0.9134999496406326,-1.2995585429760927,-1.5331085678266794,-0.3358971973365019,-1.4749067544993562,-2.2667138106293105,-0.7968477522911428,-1.8941499026603097,-1.5847072360153103,-0.5677846454937914,-1.347088174961578,0.0,-2.6839719428584594,-0.9135136318390771,-0.8992867270041778,-2.1485005841531004,-0.7759774947249554,-2.2896161328191216,-0.5187565526071651,-0.05438325372667574,2.180648651941455,0.2847270659293253,0.43337072797979026,2.2027062919933647,2.3385299922564755,0.9000421521588349,1.0897235032046213,2.3180535496662564,0.5634525516807916,2.0976516617159984,1.0413124000214138,0.38300526473393326,0.6771099933071758,-0.35109063332186086,0.5194637673739084,0.6143411654011164,1.4133704861493532,1.371067125225621,2.190677961555605,0.5080655925286379,2.5302604461352685,0.541816284617755,1.087390172060542,1.3216177259056279,0.6919931273580131,0.8680486544896944,1.9630066957565733,0.08545694624381639,1.7704719932178268,1.3844133998823667,1.15086337503178,2.3480747455219575,1.2090651883591033,0.41725813222914887,1.8871241905673166,0.7898220401981497,1.0992647068431491,2.116187297364668,1.3368837678968815,2.6839719428584594,0.0,1.7704583110193823,1.7846852158542816,0.535471358705359,1.907994448133504,0.39435581003933784,2.1652153902512943,2.6295886891317837,0.41019034092207285,-1.485731245090057,-1.337087583039592,0.4322479809739823,0.5680716812370932,-0.8704161588605475,-0.680734807814761,0.5475952386468741,-1.2070057593385908,0.32719335069661604,-0.7291459109979685,-1.387453046285449,-1.0933483177122065,-2.121548944341243,-1.250994543645474,-1.156117145618266,-0.3570878248700291,-0.3993911857937613,0.42021965053622257,-1.2623927184907444,0.7598021351158861,-1.2286420264016273,-0.6830681389588404,-0.44884058511375446,-1.0784651836613692,-0.902409656529688,0.19254838473719094,-1.685001364775566,1.3682198444442406e-05,-0.38604491113701567,-0.6195949359876023,0.5776164345025752,-0.5613931226602791,-1.3532001787902335,0.11666587954793428,-0.9806362708212326,-0.6711936041762332,0.3457289863452857,-0.4335745431225009,0.9135136318390771,-1.7704583110193823,0.0,0.014226904834899301,-1.2349869523140233,0.13753613711412171,-1.3761025009800445,0.39475707923191194,0.8591303781124013,0.39596343608717355,-1.4999581499249564,-1.3513144878744914,0.418021076139083,0.5538447764021939,-0.8846430636954468,-0.6949617126496603,0.5333683338119748,-1.22123266417349,0.31296644586171674,-0.7433728158328679,-1.4016799511203484,-1.1075752225471058,-2.1357758491761425,-1.2652214484803732,-1.1703440504531653,-0.3713147297049284,-0.4136180906286606,0.40599274570132327,-1.2766196233256437,0.7455752302809868,-1.2428689312365266,-0.6972950437937397,-0.46306748994865377,-1.0926920884962685,-0.9166365613645873,0.17832147990229164,-1.6992282696104652,-0.014213222636454859,-0.40027181597191497,-0.6338218408225016,0.5633895296676759,-0.5756200274951784,-1.3674270836251328,0.10243897471303498,-0.9948631756561319,-0.6854205090111325,0.3315020815103864,-0.4478014479574002,0.8992867270041778,-1.7846852158542816,-0.014226904834899301,0.0,-1.2492138571489226,0.12330923227922241,-1.3903294058149438,0.38053017439701264,0.844903473277502,1.6451772932360962,-0.2507442927760337,-0.10210063072556874,1.6672349332880056,1.8030586335511165,0.36457079345347587,0.5542521444992623,1.7825821909608974,0.027981192975432556,1.5621803030106394,0.5058410413160548,-0.15246609397142574,0.1416386346018168,-0.8865619920272199,-0.016007591331450577,0.07886980669575738,0.8778991274439942,0.835595766520262,1.655206602850246,-0.02740576617672108,1.9947890874299095,0.006344925912395993,0.5519188133551829,0.7861463672002689,0.1565217686526541,0.33257729578433537,1.4275353370512143,-0.4500144124615426,1.2350006345124678,0.8489420411770077,0.615392016326421,1.8126033868165985,0.6735938296537443,-0.11821322647621013,1.3516528318619576,0.2543506814927907,0.5637933481377901,1.580715938659309,0.8014124091915225,2.1485005841531004,-0.535471358705359,1.2349869523140233,1.2492138571489226,0.0,1.372523089428145,-0.14111554866602116,1.6297440315459353,2.0941173304264247,0.27265420380795113,-1.6232673822041788,-1.4746237201537138,0.2947118438598606,0.43053554412297146,-1.0079522959746692,-0.8182709449288827,0.4100591015327524,-1.3445418964527125,0.18965721358249432,-0.8666820481120903,-1.5249891833995708,-1.2308844548263282,-2.259085081455365,-1.3885306807595956,-1.2936532827323877,-0.4946239619841508,-0.536927322907883,0.28268351342210085,-1.3999288556048661,0.6222659980017644,-1.366178163515749,-0.8206042760729622,-0.5863767222278762,-1.216001320775491,-1.0399457936438097,0.05501224762306922,-1.8225375018896877,-0.13752245491567727,-0.5235810482511374,-0.757131073101724,0.44008029738845345,-0.6989292597744008,-1.4907363159043552,-0.020870257566187433,-1.1181724079353543,-0.8087297412903549,0.208192849231164,-0.5711106802366226,0.7759774947249554,-1.907994448133504,-0.13753613711412171,-0.12330923227922241,-1.372523089428145,0.0,-1.5136386380941662,0.25722094211779023,0.7215942409982796,1.7862928419021173,-0.10962874411001255,0.03901491794045242,1.8083504819540268,1.9441741822171377,0.505686342119497,0.6953676931652835,1.9236977396269186,0.16909674164145372,1.7032958516766605,0.646956589982076,-0.01135054530540458,0.28275418326783797,-0.7454464433611987,0.12510795733457059,0.21998535536177855,1.0190146761100154,0.9767113151862832,1.796322151516267,0.11370978248930008,2.1359046360959306,0.14746047457841716,0.693034362021204,0.92726191586629,0.29763731731867527,0.47369284445035653,1.5686508857172354,-0.30889886379552145,1.376116183178489,0.9900575898430288,0.7565075649924422,1.9537189354826197,0.8147093783197654,0.02290232218981103,1.4927683805279788,0.3954662301588119,0.7049088968038113,1.7218314873253302,0.9425279578575436,2.2896161328191216,-0.39435581003933784,1.3761025009800445,1.3903294058149438,0.14111554866602116,1.5136386380941662,0.0,1.7708595802119564,2.235232879092446,0.015433261690160904,-1.880488324321969,-1.731844662271504,0.03749090174207037,0.17331460200518123,-1.2651732380924594,-1.075491887046673,0.15283815941496215,-1.6017628385705027,-0.06756372853529591,-1.1239029902298805,-1.782210125517361,-1.4881053969441185,-2.516306023573155,-1.6457516228773859,-1.550874224850178,-0.751844904101941,-0.7941482650256733,0.02546257130431062,-1.6571497977226564,0.3650450558839742,-1.6233991056335393,-1.0778252181907524,-0.8435976643456664,-1.4732222628932812,-1.2971667357616,-0.202208694494721,-2.079758444007478,-0.3947433970334675,-0.7808019903689276,-1.0143520152195142,0.18285935527066322,-0.956150201892191,-1.7479572580221454,-0.27809119968397766,-1.3753933500531446,-1.0659506834081451,-0.04902809288662624,-0.8283316223544128,0.5187565526071651,-2.1652153902512943,-0.39475707923191194,-0.38053017439701264,-1.6297440315459353,-0.25722094211779023,-1.7708595802119564,0.0,0.4643732988804894,-0.4489400371903285,-2.3448616232024584,-2.1962179611519934,-0.426882397138419,-0.29105869687530816,-1.7295465369729488,-1.5398651859271624,-0.31153513946552724,-2.066136137450992,-0.5319370274157853,-1.5882762891103699,-2.2465834243978504,-1.9524786958246079,-2.9806793224536445,-2.1101249217578752,-2.0152475237306673,-1.2162182029824304,-1.2585215639061627,-0.43891072757617877,-2.1215230966031458,-0.09932824299651521,-2.0877724045140287,-1.5421985170712418,-1.3079709632261558,-1.9375955617737706,-1.7615400346420893,-0.6665819933752104,-2.5441317428879673,-0.8591166959139569,-1.245175289249417,-1.4787253141000036,-0.2815139436098262,-1.4205235007726804,-2.212330556902635,-0.7424644985644671,-1.839766648933634,-1.5303239822886345,-0.5134013917671156,-1.2927049212349022,0.05438325372667574,-2.6295886891317837,-0.8591303781124013,-0.844903473277502,-2.0941173304264247,-0.7215942409982796,-2.235232879092446,-0.4643732988804894,0.0,0.0,0.5874766591703677,0.799962284660003,1.9282642451866732,0.3797104199921808,0.05208936942764897,0.03535273202415201,0.3616419096873553,0.4991402079766605,-0.3728416291677936,0.37595131568813045,1.544637192300276,0.13012532420602252,1.6368491379456094,0.27991014051660645,1.7643484371363316,0.8968235072171238,1.2979726094884505,0.3653641792628104,1.7473263622311723,0.49790523193010827,-0.5091341755272643,1.9847116313525728,2.145600789246698,1.7081669951792993,1.3253404963857047,-0.24571118358232447,-0.43774049697938544,0.26285458524816896,-0.3053859755042776,1.3625914194408715,-0.19327808664435864,0.8877214052793931,0.020318783114499972,-0.24816733847468342,1.5087095980083625,-1.0040286272465107,0.6198516641400316,0.21849228113715835,-0.24012015278478405,-0.09811208437150398,0.2432262950700652,1.2523986200183854,1.6418544839004916,0.5990902946731742,0.20545905291543765,0.7345034277098934,0.9815413418882244,-0.5874766591703677,0.0,0.21248562548963523,1.3407875860163054,-0.20776623917818693,-0.5353872897427188,-0.5521239271462157,-0.2258347494830124,-0.08833645119370725,-0.9603182883381614,-0.21152534348223728,0.9571605331299082,-0.4573513349643452,1.0493724787752416,-0.3075665186537613,1.1768717779659639,0.30934684804675605,0.7104959503180828,-0.22211247990755734,1.1598497030608046,-0.08957142724025946,-1.096610834697632,1.397234972182205,1.5581241300763304,1.1206903360089315,0.737863837215337,-0.8331878427526922,-1.0252171561497532,-0.3246220739221988,-0.8928626346746453,0.7751147602705037,-0.7807547458147264,0.3002447461090254,-0.5671578760558678,-0.8356439976450512,0.9212329388379947,-1.5915052864168784,0.032375004969663834,-0.3689843780332094,-0.8275968119551518,-0.6855887435418717,-0.3442503641003025,0.6649219608480177,1.0543778247301239,0.011613635502806474,-0.3820176062549301,0.14702676853952568,0.39406468271785666,-0.799962284660003,-0.21248562548963523,0.0,1.1283019605266702,-0.42025186466782216,-0.747872915232354,-0.764609552635851,-0.43832037497264764,-0.3008220766833425,-1.1728039138277966,-0.4240109689718725,0.744674907640273,-0.6698369604539804,0.8368868532856064,-0.5200521441433965,0.9643861524763286,0.09686122255712082,0.49801032482844754,-0.43459810539719257,0.9473640775711694,-0.3020570527298947,-1.3090964601872672,1.1847493466925698,1.3456385045866952,0.9082047105192963,0.5253782117257018,-1.0456734682423274,-1.2377027816393884,-0.537107699411834,-1.1053482601642806,0.5626291347808685,-0.9932403713043616,0.08775912061939017,-0.779643501545503,-1.0481296231346864,0.7087473133483595,-1.8039909119065136,-0.1801106205199714,-0.5814700035228446,-1.040082437444787,-0.898074369031507,-0.5567359895899378,0.45243633535838246,0.8418921992404886,-0.20087198998682876,-0.5945032317445653,-0.06545885695010956,0.18157905722822143,-1.9282642451866732,-1.3407875860163054,-1.1283019605266702,0.0,-1.5485538251944924,-1.8761748757590242,-1.8929115131625212,-1.5666223354993178,-1.4291240372100127,-2.301105874354467,-1.5523129294985427,-0.3836270528863972,-1.7981389209806506,-0.2914151072410638,-1.6483541046700667,-0.16391580805034156,-1.0314407379695494,-0.6302916356982227,-1.5629000659238628,-0.18093788295550084,-1.430359013256565,-2.4373984207139374,0.056447386165899616,0.217336544060025,-0.2200972500073739,-0.6029237488009684,-2.1739754287689976,-2.3660047421660586,-1.6654096599385042,-2.2336502206909508,-0.5656728257458017,-2.121542331831032,-1.04054283990728,-1.9079454620721732,-2.1764315836613566,-0.4195546471783107,-2.932292872433184,-1.3084125810466416,-1.7097719640495148,-2.168384397971457,-2.026376329558177,-1.685037950116608,-0.6758656251682877,-0.28640976128618156,-1.329173950513499,-1.7228051922712355,-1.1937608174767798,-0.9467229032984488,-0.3797104199921808,0.20776623917818693,0.42025186466782216,1.5485538251944924,0.0,-0.32762105056453183,-0.3443576879680288,-0.01806851030482548,0.11942978798447967,-0.7525520491599744,-0.0037591043040503536,1.1649267723080952,-0.24958509578615828,1.2571387179534286,-0.09980027947557435,1.3846380171441508,0.517113087224943,0.9182621894962697,-0.014346240729370408,1.3676159422389915,0.11819481193792747,-0.8888445955194451,1.605001211360392,1.7658903692545174,1.3284565751871185,0.9456300763935239,-0.6254216035745053,-0.8174509169715662,-0.11685583474401184,-0.6850963954964584,0.9828809994486907,-0.5729885066365394,0.5080109852872123,-0.35939163687768083,-0.6278777584668642,1.1289991780161817,-1.3837390472386915,0.24014124414785076,-0.16121813885502245,-0.6198305727769648,-0.4778225043636848,-0.1364841249221156,0.8726882000262046,1.2621440639083108,0.2193798746809934,-0.17425136707674316,0.3547930077177126,0.6018309218960436,-0.05208936942764897,0.5353872897427188,0.747872915232354,1.8761748757590242,0.32762105056453183,0.0,-0.016736637403496957,0.30955254025970635,0.4470508385490115,-0.4249309985954426,0.3238619462604815,1.492547822872627,0.07803595477837355,1.5847597685179604,0.22782077108895749,1.7122590677086826,0.8447341377894748,1.2458832400608015,0.3132748098351614,1.6952369928035234,0.4458158625024593,-0.5612235449549132,1.9326222619249238,2.093511419819049,1.6560776257516503,1.2732511269580558,-0.29780055300997343,-0.4898298664070344,0.21076521582052,-0.35747534493192656,1.3105020500132225,-0.2453674560720076,0.8356320358517442,-0.031770586313148996,-0.3002567079023324,1.4566202285807135,-1.0561179966741596,0.5677622947123826,0.16640291170950938,-0.292209522212433,-0.15020145379915295,0.19113692564241624,1.2003092505907365,1.5897651144728426,0.5470009252455252,0.15336968348778868,0.6824140582822444,0.9294519724605754,-0.03535273202415201,0.5521239271462157,0.764609552635851,1.8929115131625212,0.3443576879680288,0.016736637403496957,0.0,0.3262891776632033,0.46378747595250847,-0.40819436119194563,0.34059858366397844,1.509284460276124,0.09477259218187051,1.6014964059214574,0.24455740849245444,1.7289957051121796,0.8614707751929718,1.2626198774642985,0.3300114472386584,1.7119736302070203,0.46255249990595626,-0.5444869075514163,1.9493588993284208,2.110248057222546,1.6728142631551473,1.2899877643615527,-0.2810639156064765,-0.47309322900353745,0.22750185322401695,-0.3407387075284296,1.3272386874167195,-0.22863081866851065,0.8523686732552411,-0.01503394890965204,-0.28352007049883543,1.4733568659842105,-1.0393813592706627,0.5844989321158796,0.18313954911300634,-0.27547288480893606,-0.133464816395656,0.2078735630459132,1.2170458879942334,1.6065017518763396,0.5637375626490222,0.17010632089128563,0.6991506956857414,0.9461886098640724,-0.3616419096873553,0.2258347494830124,0.43832037497264764,1.5666223354993178,0.01806851030482548,-0.30955254025970635,-0.3262891776632033,0.0,0.13749829828930515,-0.7344835388551489,0.014309406000775127,1.1829952826129206,-0.2315165854813328,1.275207228258254,-0.08173176917074887,1.4027065274489763,0.5351815975297685,0.9363306998010952,0.0037222695754550728,1.385684452543817,0.13626332224275295,-0.8707760852146196,1.6230697216652175,1.7839588795593428,1.346525085491944,0.9636985866983494,-0.6073530932696798,-0.7993824066667408,-0.09878732443918636,-0.6670278851916329,1.0009495097535162,-0.554919996331714,0.5260794955920378,-0.34132312657285535,-0.6098092481620387,1.1470676883210071,-1.365670536933866,0.25820975445267624,-0.14314962855019697,-0.6017620624721394,-0.4597539940588593,-0.11841561461729011,0.8907567103310301,1.2802125742131363,0.23744838498581888,-0.15618285677191768,0.3728615180225381,0.6198994322008691,-0.4991402079766605,0.08833645119370725,0.3008220766833425,1.4291240372100127,-0.11942978798447967,-0.4470508385490115,-0.46378747595250847,-0.13749829828930515,0.0,-0.8719818371444541,-0.12318889228853003,1.0454969843236155,-0.36901488377063796,1.137708929968949,-0.21923006746005402,1.2652082291596711,0.3976832992404633,0.79883240151179,-0.13377602871385008,1.2481861542545118,-0.0012349760465522053,-1.0082743835039247,1.4855714233759123,1.6464605812700377,1.2090267872026388,0.8262002884090442,-0.7448513915589849,-0.9368807049560459,-0.23628562272849152,-0.8045261834809381,0.863451211464211,-0.6924182946210191,0.38858119730273266,-0.4788214248621605,-0.7473075464513439,1.009569390031702,-1.5031688352231711,0.12071145616337109,-0.2806479268395021,-0.7392603607614445,-0.5972522923481645,-0.25591391290659526,0.753258412041725,1.1427142759238311,0.09995008669651373,-0.29368115506122283,0.23536321973323293,0.4824011339115639,0.3728416291677936,0.9603182883381614,1.1728039138277966,2.301105874354467,0.7525520491599744,0.4249309985954426,0.40819436119194563,0.7344835388551489,0.8719818371444541,0.0,0.7487929448559241,1.9174788214680696,0.5029669533738161,2.009690767113403,0.6527517696844001,2.1371900663041252,1.2696651363849174,1.6708142386562441,0.738205808430604,2.120167991398966,0.8707468610979019,-0.13629254635947063,2.3575532605203664,2.518442418414492,2.081008624347093,1.6981821255534983,0.12713044558546915,-0.06489886781159182,0.6356962144159626,0.06745565366351602,1.735433048608665,0.17956354252343498,1.2605630344471868,0.3931604122822936,0.1246742906931102,1.881551227176156,-0.631186998078717,0.9926932933078252,0.591333910304952,0.13272147638300957,0.27472954479628964,0.6160679242378588,1.625240249186179,2.014696113068285,0.9719319238409678,0.5783006820832313,1.107345056877687,1.354382971056018,-0.37595131568813045,0.21152534348223728,0.4240109689718725,1.5523129294985427,0.0037591043040503536,-0.3238619462604815,-0.34059858366397844,-0.014309406000775127,0.12318889228853003,-0.7487929448559241,0.0,1.1686858766121455,-0.24582599148210793,1.260897822257479,-0.096041175171524,1.3883971214482012,0.5208721915289933,0.92202129380032,-0.010587136425320054,1.3713750465430419,0.12195391624197782,-0.8850854912153947,1.6087603156644423,1.7696494735585677,1.3322156794911688,0.9493891806975743,-0.6216624992704549,-0.8136918126675159,-0.11309673043996149,-0.681337291192408,0.986640103752741,-0.5692294023324891,0.5117700895912627,-0.3556325325736305,-0.6241186541628139,1.132758282320232,-1.379979942934641,0.24390034845190112,-0.1574590345509721,-0.6160714684729145,-0.47406340005963443,-0.13272502061806524,0.876447304330255,1.2659031682123612,0.22313897898504376,-0.1704922627726928,0.35855211202176296,0.605590026200094,-1.544637192300276,-0.9571605331299082,-0.744674907640273,0.3836270528863972,-1.1649267723080952,-1.492547822872627,-1.509284460276124,-1.1829952826129206,-1.0454969843236155,-1.9174788214680696,-1.1686858766121455,0.0,-1.4145118680942534,0.09221194564533342,-1.2647270517836695,0.21971124483605564,-0.6478136850831522,-0.24666458281182546,-1.1792730130374656,0.20268916993089636,-1.0467319603701677,-2.05377136782754,0.4400744390522968,0.6009635969464222,0.1635298028790233,-0.21929669591457124,-1.7903483758826004,-1.9823776892796614,-1.281782607052107,-1.8500231678045536,-0.1820457728594045,-1.7379152789446346,-0.6569157870208828,-1.524318409185776,-1.7928045307749594,-0.0359275942919135,-2.5486658195467866,-0.9247855281602444,-1.3261449111631176,-1.78475734508506,-1.64274927667178,-1.3014108972302108,-0.29223857228189054,0.09721729160021564,-0.9455468976271018,-1.3391781393848383,-0.8101337645903826,-0.5630958504120516,-0.13012532420602252,0.4573513349643452,0.6698369604539804,1.7981389209806506,0.24958509578615828,-0.07803595477837355,-0.09477259218187051,0.2315165854813328,0.36901488377063796,-0.5029669533738161,0.24582599148210793,1.4145118680942534,0.0,1.5067238137395869,0.14978481631058393,1.634223112930309,0.7666981830111013,1.167847285282428,0.23523885505678788,1.6172010380251498,0.36777990772408575,-0.6392594997332868,1.8545863071465503,2.0154754650406757,1.5780416709732767,1.1952151721796822,-0.375836507788347,-0.567865821185408,0.13272926104214644,-0.4355112997103001,1.232466095234849,-0.32340341085038116,0.7575960810733706,-0.10980654109152255,-0.37829266268070594,1.37858427380234,-1.1341539514525332,0.48972633993400905,0.08836695693113583,-0.37024547699080657,-0.2282374085775265,0.1131009708640427,1.122273295812363,1.511729159694469,0.4689649704671517,0.07533372870941513,0.6043781035038709,0.8514160176822019,-1.6368491379456094,-1.0493724787752416,-0.8368868532856064,0.2914151072410638,-1.2571387179534286,-1.5847597685179604,-1.6014964059214574,-1.275207228258254,-1.137708929968949,-2.009690767113403,-1.260897822257479,-0.09221194564533342,-1.5067238137395869,0.0,-1.356938997429003,0.12749929919072223,-0.7400256307284856,-0.3388765284571589,-1.271484958682799,0.11047722428556295,-1.138943906015501,-2.1459833134728736,0.3478624934069634,0.5087516513010888,0.07131785723368989,-0.31150864155990465,-1.8825603215279338,-2.074589634924995,-1.3739945526974404,-1.942235113449887,-0.2742577185047379,-1.830127224589968,-0.7491277326662162,-1.6165303548311094,-1.8850164764202928,-0.12813953993724692,-2.64087776519212,-1.0169974738055778,-1.418356856808451,-1.8769692907303934,-1.7349612223171134,-1.3936228428755442,-0.38445051792722396,0.005005345954882223,-1.0377588432724352,-1.4313900850301717,-0.902345710235716,-0.655307796057385,-0.27991014051660645,0.3075665186537613,0.5200521441433965,1.6483541046700667,0.09980027947557435,-0.22782077108895749,-0.24455740849245444,0.08173176917074887,0.21923006746005402,-0.6527517696844001,0.096041175171524,1.2647270517836695,-0.14978481631058393,1.356938997429003,0.0,1.4844382966197252,0.6169133667005173,1.018062468971844,0.08545403874620394,1.4674162217145659,0.21799509141350182,-0.7890443160438707,1.7048014908359663,1.8656906487300917,1.4282568546626928,1.0454303558690983,-0.5256213240989309,-0.7176506374959919,-0.017055555268437494,-0.585296116020884,1.082681278924265,-0.4731882271609651,0.6078112647627867,-0.2595913574021065,-0.5280774789912899,1.228799457491756,-1.283938767763117,0.3399415236234251,-0.0614178593794481,-0.5200302933013905,-0.37802222488811044,-0.03668384544654124,0.972488479501779,1.3619443433838851,0.31918015415656775,-0.07445108760116881,0.45459328719328695,0.7016312013716179,-1.7643484371363316,-1.1768717779659639,-0.9643861524763286,0.16391580805034156,-1.3846380171441508,-1.7122590677086826,-1.7289957051121796,-1.4027065274489763,-1.2652082291596711,-2.1371900663041252,-1.3883971214482012,-0.21971124483605564,-1.634223112930309,-0.12749929919072223,-1.4844382966197252,0.0,-0.8675249299192078,-0.4663758276478811,-1.3989842578735212,-0.01702207490515928,-1.2664432052062233,-2.273482612663596,0.22036319421624118,0.38125235211036657,-0.05618144195703234,-0.4390079407506269,-2.010059620718656,-2.202088934115717,-1.5014938518881626,-2.069734412640609,-0.40175701769546013,-1.9576265237806902,-0.8766270318569385,-1.7440296540218316,-2.012515775611015,-0.25563883912796914,-2.7683770643828423,-1.1444967729963,-1.5458561559991733,-2.0044685899211157,-1.8624605215078356,-1.5211221420662664,-0.5119498171179462,-0.12249395323584,-1.1652581424631574,-1.558889384220894,-1.0298450094264382,-0.7828070952481072,-0.8968235072171238,-0.30934684804675605,-0.09686122255712082,1.0314407379695494,-0.517113087224943,-0.8447341377894748,-0.8614707751929718,-0.5351815975297685,-0.3976832992404633,-1.2696651363849174,-0.5208721915289933,0.6478136850831522,-0.7666981830111013,0.7400256307284856,-0.6169133667005173,0.8675249299192078,0.0,0.4011491022713267,-0.5314593279543134,0.8505028550140485,-0.3989182752870155,-1.405957682744388,1.087888124135449,1.2487772820295744,0.8113434879621755,0.42851698916858094,-1.1425346907994482,-1.3345640041965092,-0.6339689219689548,-1.2022094827214014,0.4657679122237477,-1.0901015938614824,-0.009102101937730644,-0.8765047241026238,-1.1449908456918072,0.6118860907912387,-1.9008521344636344,-0.2769718430770922,-0.6783312260799654,-1.1369436600019078,-0.9949355915886278,-0.6535972121470586,0.35557511280126164,0.7450309766833678,-0.2977332125439496,-0.6913644543016861,-0.16232007950723037,0.08471783467110061,-1.2979726094884505,-0.7104959503180828,-0.49801032482844754,0.6302916356982227,-0.9182621894962697,-1.2458832400608015,-1.2626198774642985,-0.9363306998010952,-0.79883240151179,-1.6708142386562441,-0.92202129380032,0.24666458281182546,-1.167847285282428,0.3388765284571589,-1.018062468971844,0.4663758276478811,-0.4011491022713267,0.0,-0.9326084302256401,0.4493537527427218,-0.8000673775583422,-1.8071067850157148,0.6867390218641223,0.8476281797582477,0.41019438569084876,0.027367886897254223,-1.543683793070775,-1.735713106467836,-1.0351180242402815,-1.603358584992728,0.06461880995242097,-1.4912506961328091,-0.41025120420905736,-1.2776538263739505,-1.546139947963134,0.21073698851991196,-2.302001236734961,-0.6781209453484189,-1.0794803283512922,-1.5380927622732345,-1.3960846938599545,-1.0547463144183853,-0.04557398947006508,0.3438818744120411,-0.6988823148152763,-1.0925135565730129,-0.5634691817785571,-0.3164312676002261,-0.3653641792628104,0.22211247990755734,0.43459810539719257,1.5629000659238628,0.014346240729370408,-0.3132748098351614,-0.3300114472386584,-0.0037222695754550728,0.13377602871385008,-0.738205808430604,0.010587136425320054,1.1792730130374656,-0.23523885505678788,1.271484958682799,-0.08545403874620394,1.3989842578735212,0.5314593279543134,0.9326084302256401,0.0,1.381962182968362,0.13254105266729788,-0.8744983547900747,1.6193474520897624,1.7802366099838878,1.3428028159164889,0.9599763171228943,-0.6110753628451349,-0.8031046762421958,-0.10250959401464144,-0.670750154767088,0.9972272401780611,-0.558642265907169,0.5223572260165827,-0.3450453961483104,-0.6135315177374938,1.143345418745552,-1.369392806509321,0.25448748487722117,-0.14687189812565205,-0.6054843320475944,-0.4634762636343144,-0.12213788419274518,0.887034440755575,1.2764903046376812,0.2337261154103638,-0.15990512634737275,0.369139248447083,0.616177162625414,-1.7473263622311723,-1.1598497030608046,-0.9473640775711694,0.18093788295550084,-1.3676159422389915,-1.6952369928035234,-1.7119736302070203,-1.385684452543817,-1.2481861542545118,-2.120167991398966,-1.3713750465430419,-0.20268916993089636,-1.6172010380251498,-0.11047722428556295,-1.4674162217145659,0.01702207490515928,-0.8505028550140485,-0.4493537527427218,-1.381962182968362,0.0,-1.249421130301064,-2.2564605377584366,0.23738526912140046,0.39827442701552584,-0.03915936705187306,-0.4219858658454676,-1.9930375458134968,-2.1850668592105578,-1.4844717769830034,-2.05271233773545,-0.38473494279030085,-1.940604448875531,-0.8596049569517792,-1.7270075791166724,-1.9954937007058557,-0.23861676422280986,-2.751354989477683,-1.1274746980911408,-1.528834081094014,-1.9874465150159564,-1.8454384466026763,-1.5041000671611071,-0.4949277422127869,-0.10547187833068072,-1.1482360675579981,-1.5418673093157347,-1.012822934521279,-0.7657850203429479,-0.49790523193010827,0.08957142724025946,0.3020570527298947,1.430359013256565,-0.11819481193792747,-0.4458158625024593,-0.46255249990595626,-0.13626332224275295,0.0012349760465522053,-0.8707468610979019,-0.12195391624197782,1.0467319603701677,-0.36777990772408575,1.138943906015501,-0.21799509141350182,1.2664432052062233,0.3989182752870155,0.8000673775583422,-0.13254105266729788,1.249421130301064,0.0,-1.0070394074573725,1.4868063994224645,1.64769555731659,1.210261763249191,0.8274352644555965,-0.7436164155124327,-0.9356457289094937,-0.2350506466819393,-0.8032912074343859,0.8646861875107632,-0.6911833185744669,0.38981617334928487,-0.4775864488156083,-0.7460725704047917,1.0108043660782542,-1.501933859176619,0.1219464322099233,-0.2794129507929499,-0.7380253847148923,-0.5960173163016123,-0.25467893686004306,0.7544933880882772,1.1439492519703833,0.10118506274306593,-0.2924461790146706,0.23659819577978514,0.4836361099581161,0.5091341755272643,1.096610834697632,1.3090964601872672,2.4373984207139374,0.8888445955194451,0.5612235449549132,0.5444869075514163,0.8707760852146196,1.0082743835039247,0.13629254635947063,0.8850854912153947,2.05377136782754,0.6392594997332868,2.1459833134728736,0.7890443160438707,2.273482612663596,1.405957682744388,1.8071067850157148,0.8744983547900747,2.2564605377584366,1.0070394074573725,0.0,2.493845806879837,2.6547349647739624,2.2173011707065635,1.834474671912969,0.2634229919449398,0.07139367854787881,0.7719887607754332,0.20374820002298666,1.8717255949681357,0.3158560888829056,1.3968555808066574,0.5294529586417642,0.26096683705258084,2.0178437735356267,-0.4948944517192464,1.1289858396672958,0.7276264566644226,0.2690140227424802,0.41102209115576027,0.7523604705973295,1.7615327955456497,2.150988659427756,1.1082244702004385,0.7145932284427019,1.2436376032371577,1.4906755174154886,-1.9847116313525728,-1.397234972182205,-1.1847493466925698,-0.056447386165899616,-1.605001211360392,-1.9326222619249238,-1.9493588993284208,-1.6230697216652175,-1.4855714233759123,-2.3575532605203664,-1.6087603156644423,-0.4400744390522968,-1.8545863071465503,-0.3478624934069634,-1.7048014908359663,-0.22036319421624118,-1.087888124135449,-0.6867390218641223,-1.6193474520897624,-0.23738526912140046,-1.4868063994224645,-2.493845806879837,0.0,0.1608891578941254,-0.2765446361732735,-0.659371134966868,-2.2304228149348972,-2.422452128331958,-1.7218570461044038,-2.2900976068568504,-0.6221202119117013,-2.1779897179969314,-1.0969902260731796,-1.9643928482380728,-2.232878969827256,-0.4760020333442103,-2.9887402585990834,-1.3648599672125412,-1.7662193502154144,-2.224831784137357,-2.0828237157240768,-1.7414853362825076,-0.7323130113341874,-0.3428571474520812,-1.3856213366793986,-1.7792525784371351,-1.2502082036426794,-1.0031702894643484,-2.145600789246698,-1.5581241300763304,-1.3456385045866952,-0.217336544060025,-1.7658903692545174,-2.093511419819049,-2.110248057222546,-1.7839588795593428,-1.6464605812700377,-2.518442418414492,-1.7696494735585677,-0.6009635969464222,-2.0154754650406757,-0.5087516513010888,-1.8656906487300917,-0.38125235211036657,-1.2487772820295744,-0.8476281797582477,-1.7802366099838878,-0.39827442701552584,-1.64769555731659,-2.6547349647739624,-0.1608891578941254,0.0,-0.4374337940673989,-0.8202602928609934,-2.3913119728290226,-2.5833412862260836,-1.8827462039985292,-2.4509867647509758,-0.7830093698058267,-2.338878875891057,-1.257879383967305,-2.125282006132198,-2.3937681277213816,-0.6368911912383357,-3.149629416493209,-1.5257491251066666,-1.9271085081095398,-2.385720942031482,-2.243712873618202,-1.902374494176633,-0.8932021692283127,-0.5037463053462066,-1.546510494573524,-1.9401417363312605,-1.4110973615368048,-1.1640594473584738,-1.7081669951792993,-1.1206903360089315,-0.9082047105192963,0.2200972500073739,-1.3284565751871185,-1.6560776257516503,-1.6728142631551473,-1.346525085491944,-1.2090267872026388,-2.081008624347093,-1.3322156794911688,-0.1635298028790233,-1.5780416709732767,-0.07131785723368989,-1.4282568546626928,0.05618144195703234,-0.8113434879621755,-0.41019438569084876,-1.3428028159164889,0.03915936705187306,-1.210261763249191,-2.2173011707065635,0.2765446361732735,0.4374337940673989,0.0,-0.38282649879359454,-1.9538781787616237,-2.1459074921586847,-1.4453124099311303,-2.013552970683577,-0.3455755757384278,-1.901445081823658,-0.8204455898999061,-1.6878482120647993,-1.9563343336539827,-0.1994573971709368,-2.71219562242581,-1.0883153310392677,-1.489674714042141,-1.9482871479640833,-1.8062790795508032,-1.464940700109234,-0.45576837516091384,-0.06631251127880766,-1.109076700506125,-1.5027079422638616,-0.9736635674694059,-0.7266256532910749,-1.3253404963857047,-0.737863837215337,-0.5253782117257018,0.6029237488009684,-0.9456300763935239,-1.2732511269580558,-1.2899877643615527,-0.9636985866983494,-0.8262002884090442,-1.6981821255534983,-0.9493891806975743,0.21929669591457124,-1.1952151721796822,0.31150864155990465,-1.0454303558690983,0.4390079407506269,-0.42851698916858094,-0.027367886897254223,-0.9599763171228943,0.4219858658454676,-0.8274352644555965,-1.834474671912969,0.659371134966868,0.8202602928609934,0.38282649879359454,0.0,-1.5710516799680292,-1.7630809933650902,-1.0624859111375358,-1.6307264718899823,0.03725092305516675,-1.5186185830300634,-0.4376190911063116,-1.3050217132712048,-1.5735078348603881,0.18336910162265774,-2.3293691236322154,-0.7054888322456732,-1.1068482152485464,-1.5654606491704888,-1.4234525807572087,-1.0821142013156395,-0.0729418763673193,0.3165139875147869,-0.7262502017125305,-1.119881443470267,-0.5908370686758113,-0.34379915449748033,0.24571118358232447,0.8331878427526922,1.0456734682423274,2.1739754287689976,0.6254216035745053,0.29780055300997343,0.2810639156064765,0.6073530932696798,0.7448513915589849,-0.12713044558546915,0.6216624992704549,1.7903483758826004,0.375836507788347,1.8825603215279338,0.5256213240989309,2.010059620718656,1.1425346907994482,1.543683793070775,0.6110753628451349,1.9930375458134968,0.7436164155124327,-0.2634229919449398,2.2304228149348972,2.3913119728290226,1.9538781787616237,1.5710516799680292,0.0,-0.19202931339706097,0.5085657688304934,-0.05967479192195313,1.608302603023196,0.05243309693796583,1.1334325888617176,0.26602996669682444,-0.0024561548923589527,1.754420781590687,-0.7583174436641862,0.865562847722356,0.4642034647194828,0.005591030797540419,0.14759909921082048,0.4889374786523897,1.4981098036007099,1.887565667482816,0.8448014782554987,0.4511702364977621,0.9802146112922179,1.2272525254705489,0.43774049697938544,1.0252171561497532,1.2377027816393884,2.3660047421660586,0.8174509169715662,0.4898298664070344,0.47309322900353745,0.7993824066667408,0.9368807049560459,0.06489886781159182,0.8136918126675159,1.9823776892796614,0.567865821185408,2.074589634924995,0.7176506374959919,2.202088934115717,1.3345640041965092,1.735713106467836,0.8031046762421958,2.1850668592105578,0.9356457289094937,-0.07139367854787881,2.422452128331958,2.5833412862260836,2.1459074921586847,1.7630809933650902,0.19202931339706097,0.0,0.7005950822275544,0.13235452147510784,1.800331916420257,0.2444624103350268,1.3254619022587786,0.4580592800938854,0.18957315850470202,1.946450094987748,-0.5662881302671252,1.057592161119417,0.6562327781165438,0.1976203441946014,0.33962841260788146,0.6809667920494507,1.6901391169977709,2.079594980879877,1.0368307916525596,0.6431995498948231,1.1722439246892788,1.4192818388676098,-0.26285458524816896,0.3246220739221988,0.537107699411834,1.6654096599385042,0.11685583474401184,-0.21076521582052,-0.22750185322401695,0.09878732443918636,0.23628562272849152,-0.6356962144159626,0.11309673043996149,1.281782607052107,-0.13272926104214644,1.3739945526974404,0.017055555268437494,1.5014938518881626,0.6339689219689548,1.0351180242402815,0.10250959401464144,1.4844717769830034,0.2350506466819393,-0.7719887607754332,1.7218570461044038,1.8827462039985292,1.4453124099311303,1.0624859111375358,-0.5085657688304934,-0.7005950822275544,0.0,-0.5682405607524466,1.0997368341927025,-0.4561326718925276,0.6248668200312242,-0.242535802133669,-0.5110219237228524,1.2458550127601935,-1.2668832124946796,0.3569970788918626,-0.04436230411101061,-0.502974738032953,-0.36096666961967294,-0.019628290178103747,0.9895440347702165,1.3789998986523226,0.33623570942500525,-0.057395532332731314,0.47164884246172445,0.7186867566400554,0.3053859755042776,0.8928626346746453,1.1053482601642806,2.2336502206909508,0.6850963954964584,0.35747534493192656,0.3407387075284296,0.6670278851916329,0.8045261834809381,-0.06745565366351602,0.681337291192408,1.8500231678045536,0.4355112997103001,1.942235113449887,0.585296116020884,2.069734412640609,1.2022094827214014,1.603358584992728,0.670750154767088,2.05271233773545,0.8032912074343859,-0.20374820002298666,2.2900976068568504,2.4509867647509758,2.013552970683577,1.6307264718899823,0.05967479192195313,-0.13235452147510784,0.5682405607524466,0.0,1.667977394945149,0.11210788885991896,1.1931073807836707,0.32570475861877757,0.05721863702959418,1.81409557351264,-0.6986426517422331,0.9252376396443092,0.523878256641436,0.06526582271949355,0.2072738911327736,0.5486122705743428,1.557784595522663,1.9472404594047692,0.9044762701774518,0.5108450284197152,1.039889403214171,1.286927317392502,-1.3625914194408715,-0.7751147602705037,-0.5626291347808685,0.5656728257458017,-0.9828809994486907,-1.3105020500132225,-1.3272386874167195,-1.0009495097535162,-0.863451211464211,-1.735433048608665,-0.986640103752741,0.1820457728594045,-1.232466095234849,0.2742577185047379,-1.082681278924265,0.40175701769546013,-0.4657679122237477,-0.06461880995242097,-0.9972272401780611,0.38473494279030085,-0.8646861875107632,-1.8717255949681357,0.6221202119117013,0.7830093698058267,0.3455755757384278,-0.03725092305516675,-1.608302603023196,-1.800331916420257,-1.0997368341927025,-1.667977394945149,0.0,-1.5558695060852301,-0.47487001416147834,-1.3422726363263715,-1.610758757915555,0.14611817856749099,-2.366620046687382,-0.7427397553008399,-1.1440991383037131,-1.6027115722256555,-1.4607035038123755,-1.1193651243708063,-0.11019279942248605,0.2792630644596201,-0.7635011247676973,-1.1571323665254338,-0.6280879917309781,-0.3810500775526471,0.19327808664435864,0.7807547458147264,0.9932403713043616,2.121542331831032,0.5729885066365394,0.2453674560720076,0.22863081866851065,0.554919996331714,0.6924182946210191,-0.17956354252343498,0.5692294023324891,1.7379152789446346,0.32340341085038116,1.830127224589968,0.4731882271609651,1.9576265237806902,1.0901015938614824,1.4912506961328091,0.558642265907169,1.940604448875531,0.6911833185744669,-0.3158560888829056,2.1779897179969314,2.338878875891057,1.901445081823658,1.5186185830300634,-0.05243309693796583,-0.2444624103350268,0.4561326718925276,-0.11210788885991896,1.5558695060852301,0.0,1.0809994919237518,0.2135968697588586,-0.05488925183032478,1.701987684652721,-0.810750540602152,0.8131297507843902,0.411770367781517,-0.04684206614042541,0.09516600227285466,0.43650438171442385,1.445676706662744,1.8351325705448502,0.7923683813175328,0.3987371395597963,0.927781514354252,1.174819428532583,-0.8877214052793931,-0.3002447461090254,-0.08775912061939017,1.04054283990728,-0.5080109852872123,-0.8356320358517442,-0.8523686732552411,-0.5260794955920378,-0.38858119730273266,-1.2605630344471868,-0.5117700895912627,0.6569157870208828,-0.7575960810733706,0.7491277326662162,-0.6078112647627867,0.8766270318569385,0.009102101937730644,0.41025120420905736,-0.5223572260165827,0.8596049569517792,-0.38981617334928487,-1.3968555808066574,1.0969902260731796,1.257879383967305,0.8204455898999061,0.4376190911063116,-1.1334325888617176,-1.3254619022587786,-0.6248668200312242,-1.1931073807836707,0.47487001416147834,-1.0809994919237518,0.0,-0.8674026221648932,-1.1358887437540766,0.6209881927289693,-1.8917500325259038,-0.2678697411393616,-0.6692291241422348,-1.1278415580641772,-0.9858334896508971,-0.6444951102093279,0.3646772147389923,0.7541330786210985,-0.28863111060621893,-0.6822623523639555,-0.15321797756949973,0.09381993660883126,-0.020318783114499972,0.5671578760558678,0.779643501545503,1.9079454620721732,0.35939163687768083,0.031770586313148996,0.01503394890965204,0.34132312657285535,0.4788214248621605,-0.3931604122822936,0.3556325325736305,1.524318409185776,0.10980654109152255,1.6165303548311094,0.2595913574021065,1.7440296540218316,0.8765047241026238,1.2776538263739505,0.3450453961483104,1.7270075791166724,0.4775864488156083,-0.5294529586417642,1.9643928482380728,2.125282006132198,1.6878482120647993,1.3050217132712048,-0.26602996669682444,-0.4580592800938854,0.242535802133669,-0.32570475861877757,1.3422726363263715,-0.2135968697588586,0.8674026221648932,0.0,-0.2684861215891834,1.4883908148938625,-1.0243474103610106,0.5995328810255316,0.19817349802265838,-0.260438935899284,-0.11843086748600395,0.22290751195556524,1.2320798369038855,1.6215357007859916,0.5787715115586742,0.18514026980093767,0.7141846445953934,0.9612225587737244,0.24816733847468342,0.8356439976450512,1.0481296231346864,2.1764315836613566,0.6278777584668642,0.3002567079023324,0.28352007049883543,0.6098092481620387,0.7473075464513439,-0.1246742906931102,0.6241186541628139,1.7928045307749594,0.37829266268070594,1.8850164764202928,0.5280774789912899,2.012515775611015,1.1449908456918072,1.546139947963134,0.6135315177374938,1.9954937007058557,0.7460725704047917,-0.26096683705258084,2.232878969827256,2.3937681277213816,1.9563343336539827,1.5735078348603881,0.0024561548923589527,-0.18957315850470202,0.5110219237228524,-0.05721863702959418,1.610758757915555,0.05488925183032478,1.1358887437540766,0.2684861215891834,0.0,1.7568769364830459,-0.7558612887718272,0.868019002614715,0.46665961961184177,0.008047185689899372,0.15005525410317944,0.49139363354474863,1.5005659584930688,1.890021822375175,0.8472576331478576,0.45362639139012106,0.9826707661845768,1.2297086803629078,-1.5087095980083625,-0.9212329388379947,-0.7087473133483595,0.4195546471783107,-1.1289991780161817,-1.4566202285807135,-1.4733568659842105,-1.1470676883210071,-1.009569390031702,-1.881551227176156,-1.132758282320232,0.0359275942919135,-1.37858427380234,0.12813953993724692,-1.228799457491756,0.25563883912796914,-0.6118860907912387,-0.21073698851991196,-1.143345418745552,0.23861676422280986,-1.0108043660782542,-2.0178437735356267,0.4760020333442103,0.6368911912383357,0.1994573971709368,-0.18336910162265774,-1.754420781590687,-1.946450094987748,-1.2458550127601935,-1.81409557351264,-0.14611817856749099,-1.701987684652721,-0.6209881927289693,-1.4883908148938625,-1.7568769364830459,0.0,-2.512738225254873,-0.8888579338683309,-1.2902173168712041,-1.7488297507931465,-1.6068216823798664,-1.2654833029382972,-0.25631097798997704,0.13314488589212914,-0.9096193033351883,-1.3032505450929248,-0.774206170298469,-0.5271682561201381,1.0040286272465107,1.5915052864168784,1.8039909119065136,2.932292872433184,1.3837390472386915,1.0561179966741596,1.0393813592706627,1.365670536933866,1.5031688352231711,0.631186998078717,1.379979942934641,2.5486658195467866,1.1341539514525332,2.64087776519212,1.283938767763117,2.7683770643828423,1.9008521344636344,2.302001236734961,1.369392806509321,2.751354989477683,1.501933859176619,0.4948944517192464,2.9887402585990834,3.149629416493209,2.71219562242581,2.3293691236322154,0.7583174436641862,0.5662881302671252,1.2668832124946796,0.6986426517422331,2.366620046687382,0.810750540602152,1.8917500325259038,1.0243474103610106,0.7558612887718272,2.512738225254873,0.0,1.6238802913865422,1.222520908383669,0.7639084744617266,0.9059165428750067,1.2472549223165759,2.256427247264896,2.6458831111470023,1.6031189219196849,1.2094876801619483,1.738532054956404,1.985569969134735,-0.6198516641400316,-0.032375004969663834,0.1801106205199714,1.3084125810466416,-0.24014124414785076,-0.5677622947123826,-0.5844989321158796,-0.25820975445267624,-0.12071145616337109,-0.9926932933078252,-0.24390034845190112,0.9247855281602444,-0.48972633993400905,1.0169974738055778,-0.3399415236234251,1.1444967729963,0.2769718430770922,0.6781209453484189,-0.25448748487722117,1.1274746980911408,-0.1219464322099233,-1.1289858396672958,1.3648599672125412,1.5257491251066666,1.0883153310392677,0.7054888322456732,-0.865562847722356,-1.057592161119417,-0.3569970788918626,-0.9252376396443092,0.7427397553008399,-0.8131297507843902,0.2678697411393616,-0.5995328810255316,-0.868019002614715,0.8888579338683309,-1.6238802913865422,0.0,-0.4013593830028732,-0.8599718169248156,-0.7179637485115355,-0.37662536906996635,0.6325469558783539,1.02200281976046,-0.02076136946685736,-0.4143926112245939,0.11465176356986184,0.36168967774819283,-0.21849228113715835,0.3689843780332094,0.5814700035228446,1.7097719640495148,0.16121813885502245,-0.16640291170950938,-0.18313954911300634,0.14314962855019697,0.2806479268395021,-0.591333910304952,0.1574590345509721,1.3261449111631176,-0.08836695693113583,1.418356856808451,0.0614178593794481,1.5458561559991733,0.6783312260799654,1.0794803283512922,0.14687189812565205,1.528834081094014,0.2794129507929499,-0.7276264566644226,1.7662193502154144,1.9271085081095398,1.489674714042141,1.1068482152485464,-0.4642034647194828,-0.6562327781165438,0.04436230411101061,-0.523878256641436,1.1440991383037131,-0.411770367781517,0.6692291241422348,-0.19817349802265838,-0.46665961961184177,1.2902173168712041,-1.222520908383669,0.4013593830028732,0.0,-0.4586124339219424,-0.31660436550866233,0.024734013932906862,1.033906338881227,1.4233622027633333,0.38059801353601586,-0.013033228221720705,0.5160111465727351,0.763049060751066,0.24012015278478405,0.8275968119551518,1.040082437444787,2.168384397971457,0.6198305727769648,0.292209522212433,0.27547288480893606,0.6017620624721394,0.7392603607614445,-0.13272147638300957,0.6160714684729145,1.78475734508506,0.37024547699080657,1.8769692907303934,0.5200302933013905,2.0044685899211157,1.1369436600019078,1.5380927622732345,0.6054843320475944,1.9874465150159564,0.7380253847148923,-0.2690140227424802,2.224831784137357,2.385720942031482,1.9482871479640833,1.5654606491704888,-0.005591030797540419,-0.1976203441946014,0.502974738032953,-0.06526582271949355,1.6027115722256555,0.04684206614042541,1.1278415580641772,0.260438935899284,-0.008047185689899372,1.7488297507931465,-0.7639084744617266,0.8599718169248156,0.4586124339219424,0.0,0.14200806841328006,0.48334644785484926,1.4925187728031695,1.8819746366852756,0.8392104474579583,0.4455792057002217,0.9746235804946775,1.2216614946730084,0.09811208437150398,0.6855887435418717,0.898074369031507,2.026376329558177,0.4778225043636848,0.15020145379915295,0.133464816395656,0.4597539940588593,0.5972522923481645,-0.27472954479628964,0.47406340005963443,1.64274927667178,0.2282374085775265,1.7349612223171134,0.37802222488811044,1.8624605215078356,0.9949355915886278,1.3960846938599545,0.4634762636343144,1.8454384466026763,0.5960173163016123,-0.41102209115576027,2.0828237157240768,2.243712873618202,1.8062790795508032,1.4234525807572087,-0.14759909921082048,-0.33962841260788146,0.36096666961967294,-0.2072738911327736,1.4607035038123755,-0.09516600227285466,0.9858334896508971,0.11843086748600395,-0.15005525410317944,1.6068216823798664,-0.9059165428750067,0.7179637485115355,0.31660436550866233,-0.14200806841328006,0.0,0.3413383794415692,1.3505107043898894,1.7399665682719956,0.6972023790446782,0.30357113728694163,0.8326155120813974,1.0796534262597284,-0.2432262950700652,0.3442503641003025,0.5567359895899378,1.685037950116608,0.1364841249221156,-0.19113692564241624,-0.2078735630459132,0.11841561461729011,0.25591391290659526,-0.6160679242378588,0.13272502061806524,1.3014108972302108,-0.1131009708640427,1.3936228428755442,0.03668384544654124,1.5211221420662664,0.6535972121470586,1.0547463144183853,0.12213788419274518,1.5041000671611071,0.25467893686004306,-0.7523604705973295,1.7414853362825076,1.902374494176633,1.464940700109234,1.0821142013156395,-0.4889374786523897,-0.6809667920494507,0.019628290178103747,-0.5486122705743428,1.1193651243708063,-0.43650438171442385,0.6444951102093279,-0.22290751195556524,-0.49139363354474863,1.2654833029382972,-1.2472549223165759,0.37662536906996635,-0.024734013932906862,-0.48334644785484926,-0.3413383794415692,0.0,1.0091723249483202,1.3986281888304264,0.355863999603109,-0.03776724215462757,0.4912771326398282,0.7383150468181592,-1.2523986200183854,-0.6649219608480177,-0.45243633535838246,0.6758656251682877,-0.8726882000262046,-1.2003092505907365,-1.2170458879942334,-0.8907567103310301,-0.753258412041725,-1.625240249186179,-0.876447304330255,0.29223857228189054,-1.122273295812363,0.38445051792722396,-0.972488479501779,0.5119498171179462,-0.35557511280126164,0.04557398947006508,-0.887034440755575,0.4949277422127869,-0.7544933880882772,-1.7615327955456497,0.7323130113341874,0.8932021692283127,0.45576837516091384,0.0729418763673193,-1.4981098036007099,-1.6901391169977709,-0.9895440347702165,-1.557784595522663,0.11019279942248605,-1.445676706662744,-0.3646772147389923,-1.2320798369038855,-1.5005659584930688,0.25631097798997704,-2.256427247264896,-0.6325469558783539,-1.033906338881227,-1.4925187728031695,-1.3505107043898894,-1.0091723249483202,0.0,0.3894558638821062,-0.6533083253452112,-1.0469395671029478,-0.517895192308492,-0.270857278130161,-1.6418544839004916,-1.0543778247301239,-0.8418921992404886,0.28640976128618156,-1.2621440639083108,-1.5897651144728426,-1.6065017518763396,-1.2802125742131363,-1.1427142759238311,-2.014696113068285,-1.2659031682123612,-0.09721729160021564,-1.511729159694469,-0.005005345954882223,-1.3619443433838851,0.12249395323584,-0.7450309766833678,-0.3438818744120411,-1.2764903046376812,0.10547187833068072,-1.1439492519703833,-2.150988659427756,0.3428571474520812,0.5037463053462066,0.06631251127880766,-0.3165139875147869,-1.887565667482816,-2.079594980879877,-1.3789998986523226,-1.9472404594047692,-0.2792630644596201,-1.8351325705448502,-0.7541330786210985,-1.6215357007859916,-1.890021822375175,-0.13314488589212914,-2.6458831111470023,-1.02200281976046,-1.4233622027633333,-1.8819746366852756,-1.7399665682719956,-1.3986281888304264,-0.3894558638821062,0.0,-1.0427641892273174,-1.436395430985054,-0.9073510561905982,-0.6603131420122672,-0.5990902946731742,-0.011613635502806474,0.20087198998682876,1.329173950513499,-0.2193798746809934,-0.5470009252455252,-0.5637375626490222,-0.23744838498581888,-0.09995008669651373,-0.9719319238409678,-0.22313897898504376,0.9455468976271018,-0.4689649704671517,1.0377588432724352,-0.31918015415656775,1.1652581424631574,0.2977332125439496,0.6988823148152763,-0.2337261154103638,1.1482360675579981,-0.10118506274306593,-1.1082244702004385,1.3856213366793986,1.546510494573524,1.109076700506125,0.7262502017125305,-0.8448014782554987,-1.0368307916525596,-0.33623570942500525,-0.9044762701774518,0.7635011247676973,-0.7923683813175328,0.28863111060621893,-0.5787715115586742,-0.8472576331478576,0.9096193033351883,-1.6031189219196849,0.02076136946685736,-0.38059801353601586,-0.8392104474579583,-0.6972023790446782,-0.355863999603109,0.6533083253452112,1.0427641892273174,0.0,-0.39363124175773656,0.1354131330367192,0.3824510472150502,-0.20545905291543765,0.3820176062549301,0.5945032317445653,1.7228051922712355,0.17425136707674316,-0.15336968348778868,-0.17010632089128563,0.15618285677191768,0.29368115506122283,-0.5783006820832313,0.1704922627726928,1.3391781393848383,-0.07533372870941513,1.4313900850301717,0.07445108760116881,1.558889384220894,0.6913644543016861,1.0925135565730129,0.15990512634737275,1.5418673093157347,0.2924461790146706,-0.7145932284427019,1.7792525784371351,1.9401417363312605,1.5027079422638616,1.119881443470267,-0.4511702364977621,-0.6431995498948231,0.057395532332731314,-0.5108450284197152,1.1571323665254338,-0.3987371395597963,0.6822623523639555,-0.18514026980093767,-0.45362639139012106,1.3032505450929248,-1.2094876801619483,0.4143926112245939,0.013033228221720705,-0.4455792057002217,-0.30357113728694163,0.03776724215462757,1.0469395671029478,1.436395430985054,0.39363124175773656,0.0,0.5290443747944558,0.7760822889727867,-0.7345034277098934,-0.14702676853952568,0.06545885695010956,1.1937608174767798,-0.3547930077177126,-0.6824140582822444,-0.6991506956857414,-0.3728615180225381,-0.23536321973323293,-1.107345056877687,-0.35855211202176296,0.8101337645903826,-0.6043781035038709,0.902345710235716,-0.45459328719328695,1.0298450094264382,0.16232007950723037,0.5634691817785571,-0.369139248447083,1.012822934521279,-0.23659819577978514,-1.2436376032371577,1.2502082036426794,1.4110973615368048,0.9736635674694059,0.5908370686758113,-0.9802146112922179,-1.1722439246892788,-0.47164884246172445,-1.039889403214171,0.6280879917309781,-0.927781514354252,0.15321797756949973,-0.7141846445953934,-0.9826707661845768,0.774206170298469,-1.738532054956404,-0.11465176356986184,-0.5160111465727351,-0.9746235804946775,-0.8326155120813974,-0.4912771326398282,0.517895192308492,0.9073510561905982,-0.1354131330367192,-0.5290443747944558,0.0,0.247037914178331,-0.9815413418882244,-0.39406468271785666,-0.18157905722822143,0.9467229032984488,-0.6018309218960436,-0.9294519724605754,-0.9461886098640724,-0.6198994322008691,-0.4824011339115639,-1.354382971056018,-0.605590026200094,0.5630958504120516,-0.8514160176822019,0.655307796057385,-0.7016312013716179,0.7828070952481072,-0.08471783467110061,0.3164312676002261,-0.616177162625414,0.7657850203429479,-0.4836361099581161,-1.4906755174154886,1.0031702894643484,1.1640594473584738,0.7266256532910749,0.34379915449748033,-1.2272525254705489,-1.4192818388676098,-0.7186867566400554,-1.286927317392502,0.3810500775526471,-1.174819428532583,-0.09381993660883126,-0.9612225587737244,-1.2297086803629078,0.5271682561201381,-1.985569969134735,-0.36168967774819283,-0.763049060751066,-1.2216614946730084,-1.0796534262597284,-0.7383150468181592,0.270857278130161,0.6603131420122672,-0.3824510472150502,-0.7760822889727867,-0.247037914178331,0.0,0.0,0.6725721309138164,-0.6520352829880238,1.3566490508629325,-0.42917743070165315,0.7456295679589955,0.6959303602325688,-1.3728384181572375,0.6210543449999362,1.1760249162393288,0.09565912662742804,-0.3841280127080049,1.0349765282105547,0.5535210705907199,1.1697963019053406,-0.7133589650463978,0.8921117322877059,-2.061829967463553,-0.860270209142608,0.6180566591859948,-0.2772247227498763,1.0540803441844933,-0.16814411787514416,1.1914428719016446,1.6712071603218162,-0.704443336012484,-0.12109426387529698,1.0455421547020851,0.86821424889638,-0.3676883595213525,-0.7895289857903007,0.5892269925939599,-0.31762703196138986,-0.732112597800386,0.9730455469989545,0.6459313328590222,0.3993138108109031,-0.627591140993772,0.4542677456334818,0.10158734632618582,-1.1287835657648477,-1.6817187848075,-0.5184977696873974,-0.040720193359408796,-0.16663895558450914,-0.5120902976460986,-0.7589422113791704,-0.49534852685462916,-0.6725721309138164,0.0,-1.3246074139018402,0.6840769199491161,-1.1017495616154696,0.07305743704517909,0.02335822931875242,-2.045410549071054,-0.05151778591388023,0.5034527853255124,-0.5769130042863884,-1.0567001436218213,0.36240439729673835,-0.11905106032309654,0.49722417099152416,-1.3859310959602142,0.2195396013738895,-2.7344020983773696,-1.5328423400564244,-0.05451547172782156,-0.9497968536636927,0.38150821327067685,-0.8407162487889606,0.5188707409878281,0.9986350294079998,-1.3770154669263004,-0.7936663947891134,0.3729700237882687,0.1956421179825636,-1.0402604904351689,-1.4621011167041171,-0.08334513831985646,-0.9901991628752063,-1.4046847287142024,0.3004734160851381,-0.026640798054794246,-0.2732583201029133,-1.3001632719075884,-0.21830438528033458,-0.5709847845876306,-1.8013556966786641,-2.3542909157213163,-1.1910699006012138,-0.7132923242732252,-0.8392110864983255,-1.184662428559915,-1.4315143422929868,-1.1679206577684456,0.6520352829880238,1.3246074139018402,0.0,2.0086843338509563,0.22285785228637067,1.3976648509470193,1.3479656432205926,-0.7208031351692137,1.27308962798796,1.8280601992273526,0.7476944096154519,0.2679072702800189,1.6870118111985786,1.2055563535787437,1.8218315848933644,-0.06132368205837402,1.5441470152757297,-1.4097946844755294,-0.20823492615458417,1.2700919421740187,0.3748105602381475,1.706115627172517,0.48389116511287966,1.8434781548896684,2.32324244330984,-0.052408053024460166,0.5309410191127268,1.697577437690109,1.5202495318844038,0.28434692346667134,-0.1374937028022769,1.2412622755819838,0.33440825102663396,-0.08007731481236213,1.6250808299869783,1.297966615847046,1.051349093798927,0.024444141994251822,1.1063030286215056,0.7536226293142096,-0.4767482827768239,-1.029683501819476,0.13353751330062646,0.611315089628615,0.4853963274035147,0.13994498534192523,-0.10690692839114657,0.15668675613339467,-1.3566490508629325,-0.6840769199491161,-2.0086843338509563,0.0,-1.7858264815645857,-0.611019482903937,-0.6607186906303637,-2.72948746902017,-0.7355947058629964,-0.18062413462360372,-1.2609899242355045,-1.7407770635709374,-0.3216725226523778,-0.8031279802722127,-0.18685274895759196,-2.0700080159093304,-0.4645373185752266,-3.4184790183264857,-2.2169192600055405,-0.7385923916769377,-1.6338737736128088,-0.30256870667843927,-1.5247931687380767,-0.16520617896128797,0.31455810945888363,-2.0610923868754165,-1.4777433147382295,-0.3111068961608474,-0.48843480196655253,-1.724337410384285,-2.1461780366532333,-0.7674220582689726,-1.6742760828243224,-2.0887616486633185,-0.383603503863978,-0.7107177180039104,-0.9573352400520294,-1.9842401918567045,-0.9023813052294507,-1.2550617045367467,-2.4854326166277803,-3.0383678356704324,-1.8751468205503299,-1.3973692442223413,-1.5232880064474417,-1.8687393485090311,-2.115591262242103,-1.8519975777175617,0.42917743070165315,1.1017495616154696,-0.22285785228637067,1.7858264815645857,0.0,1.1748069986606486,1.125107790934222,-0.9436609874555844,1.0502317757015893,1.605202346940982,0.5248365573290812,0.045049417993648255,1.464153958912208,0.982698501292373,1.5989737326069937,-0.2841815343447447,1.321289162989359,-1.6326525367619,-0.43109277844095484,1.047234089887648,0.15195270795177684,1.4832577748861464,0.261033312826509,1.6206203026032977,2.1003845910234693,-0.27526590531083084,0.30808316682635617,1.4747195854037383,1.2973916795980331,0.06148907118030067,-0.3603515550886476,1.018404423295613,0.11155039874026329,-0.3029351670987328,1.4022229777006077,1.0751087635606753,0.8284912415125563,-0.19841371029211885,0.883445176335135,0.530764777027839,-0.6996061350631946,-1.2525413541058468,-0.08932033898574421,0.38845723734224435,0.262538475117144,-0.08291286694444544,-0.32976478067751724,-0.066171096152976,-0.7456295679589955,-0.07305743704517909,-1.3976648509470193,0.611019482903937,-1.1748069986606486,0.0,-0.049699207726426664,-2.118467986116233,-0.12457522295905932,0.4303953482803333,-0.6499704413315675,-1.1297575806670004,0.28934696025155926,-0.19210849736827562,0.4241667339463451,-1.4589885330053933,0.14648216432871042,-2.8074595354225487,-1.6058997771016035,-0.12757290877300065,-1.0228542907088718,0.30845077622549777,-0.9137736858341396,0.44581330394264906,0.9255775923628207,-1.4500729039714795,-0.8667238318342925,0.2999125867430896,0.1225846809373845,-1.113317927480348,-1.5351585537492962,-0.15640257536503555,-1.0632565999203853,-1.4777421657593814,0.22741597903995903,-0.09969823509997333,-0.3463157571480924,-1.3732207089527675,-0.29136182232551366,-0.6440422216328097,-1.8744131337238432,-2.4273483527664954,-1.2641273376463928,-0.7863497613184043,-0.9122685235435046,-1.257719865605094,-1.5045717793381659,-1.2409780948136246,-0.6959303602325688,-0.02335822931875242,-1.3479656432205926,0.6607186906303637,-1.125107790934222,0.049699207726426664,0.0,-2.0687687783898063,-0.07487601523263265,0.48009455600676,-0.6002712336051408,-1.0800583729405737,0.3390461679779859,-0.14240928964184896,0.47386594167277174,-1.4092893252789667,0.19618137205513708,-2.757760327696122,-1.5562005693751768,-0.07787370104657398,-0.9731550829824451,0.35814998395192443,-0.864074478107713,0.49551251166907573,0.9752768000892473,-1.4003736962450528,-0.8170246241078658,0.3496117944695163,0.17228388866381117,-1.0636187197539213,-1.4854593460228696,-0.10670336763860888,-1.0135573921939587,-1.4280429580329548,0.2771151867663857,-0.04999902737354667,-0.2966165494216657,-1.3235215012263408,-0.241662614599087,-0.594343013906383,-1.8247139259974166,-2.3776491450400687,-1.2144281299199662,-0.7366505535919776,-0.862569315817078,-1.2080206578786674,-1.4548725716117392,-1.191278887087198,1.3728384181572375,2.045410549071054,0.7208031351692137,2.72948746902017,0.9436609874555844,2.118467986116233,2.0687687783898063,0.0,1.9938927631571737,2.5488633343965663,1.4684975447846655,0.9887104054492326,2.4078149463677923,1.9263594887479574,2.542634720062578,0.6594794531108397,2.2649501504449434,-0.6889915493063157,0.5125682090146295,1.9908950773432323,1.0956136954073612,2.4269187623417308,1.2046943002820933,2.564281290058882,3.0440455784790537,0.6683950821447535,1.2517441542819405,2.4183805728593226,2.2410526670536175,1.005150058635885,0.5833094323669368,1.9620654107511974,1.0552113861958476,0.6407258203568515,2.345883965156192,2.0187697510162597,1.7721522289681406,0.7452472771634655,1.8271061637907193,1.4744257644834233,0.24405485239238978,-0.3088803666502624,0.8543406484698401,1.3321182247978287,1.2061994625727284,0.8607481205111389,0.6138962067780671,0.8774898913026083,-0.6210543449999362,0.05151778591388023,-1.27308962798796,0.7355947058629964,-1.0502317757015893,0.12457522295905932,0.07487601523263265,-1.9938927631571737,0.0,0.5549705712393926,-0.5253952183725081,-1.005182357707941,0.4139221832106186,-0.0675332744092163,0.5487419569054044,-1.334413310046334,0.27105738728776974,-2.6828843124634894,-1.4813245541425442,-0.002997685813941331,-0.8982790677498125,0.4330259991845571,-0.7891984628750803,0.5703885269017084,1.05015281532188,-1.3254976810124202,-0.7421486088752332,0.42448780970214894,0.24715990389644382,-0.9887427045212887,-1.410583330790237,-0.03182735240597623,-0.938681376961326,-1.3531669428003221,0.35199120199901834,0.024876987859085986,-0.22174053418903306,-1.2486454859937082,-0.16678659936645435,-0.5194669986737503,-1.749837910764784,-2.302773129807436,-1.1395521146873335,-0.661774538359345,-0.7876933005844453,-1.1331446426460348,-1.3799965563791066,-1.1164028718545653,-1.1760249162393288,-0.5034527853255124,-1.8280601992273526,0.18062413462360372,-1.605202346940982,-0.4303953482803333,-0.48009455600676,-2.5488633343965663,-0.5549705712393926,0.0,-1.0803657896119008,-1.5601529289473337,-0.14104838802877406,-0.6225038456486089,-0.006228614333988247,-1.8893838812857267,-0.2839131839516229,-3.237854883702882,-2.036295125381937,-0.557968257053334,-1.4532496389892051,-0.12194457205483555,-1.344169034114473,0.015417955662315741,0.49518224408248734,-1.8804682522518128,-1.2971191801146258,-0.1304827615372437,-0.3078106673429488,-1.5437132757606813,-1.9655539020296295,-0.5867979236453689,-1.4936519482007187,-1.9081375140397148,-0.2029793692403743,-0.5300935833803067,-0.7767111054284257,-1.8036160572331008,-0.721757170605847,-1.074437569913143,-2.3048084820041765,-2.8577437010468287,-1.6945226859267262,-1.2167451095987376,-1.342663871823838,-1.6881152138854274,-1.9349671276184992,-1.671373443093958,-0.09565912662742804,0.5769130042863884,-0.7476944096154519,1.2609899242355045,-0.5248365573290812,0.6499704413315675,0.6002712336051408,-1.4684975447846655,0.5253952183725081,1.0803657896119008,0.0,-0.47978713933543293,0.9393174015831267,0.45786194396329183,1.0741371752779125,-0.8090180916738259,0.7964526056602779,-2.157489094090981,-0.955929335770036,0.5223975325585668,-0.37288384937730434,0.9584212175570652,-0.2638032445025722,1.0957837452742165,1.5755480336943881,-0.800102462639912,-0.21675339050272502,0.9498830280746571,0.772555122268952,-0.4633474861487805,-0.8851881124177288,0.4935678659665319,-0.4132861585888179,-0.827771724427814,0.8773864203715265,0.5502722062315941,0.3036546841834751,-0.7232502676212,0.3586086190060538,0.005928219698757786,-1.2244426923922758,-1.777377911434928,-0.6141568963148254,-0.13637931998683683,-0.2622980822119372,-0.6077494242735266,-0.8546013380065984,-0.5910076534820572,0.3841280127080049,1.0567001436218213,-0.2679072702800189,1.7407770635709374,-0.045049417993648255,1.1297575806670004,1.0800583729405737,-0.9887104054492326,1.005182357707941,1.5601529289473337,0.47978713933543293,0.0,1.4191045409185596,0.9376490832987248,1.5539243146133455,-0.32923095233839295,1.2762397449957108,-1.6777019547555483,-0.4761421964346031,1.0021846718939997,0.10690328995812859,1.4382083568924982,0.21598389483286073,1.5755708846096494,2.055335173029821,-0.3203153233044791,0.2630337488327079,1.42967016741009,1.2523422616043849,0.016439653186652414,-0.40540097308229583,0.9733550053019648,0.06650098074661503,-0.34798458509238106,1.3571735597069594,1.030059345567027,0.783441823518908,-0.2434631282857671,0.8383957583414867,0.4857153590341907,-0.7446555530568428,-1.297590772099495,-0.13436975697939246,0.3434078193485961,0.21748905712349575,-0.1279622849380937,-0.3748141986711655,-0.11122051414662426,-1.0349765282105547,-0.36240439729673835,-1.6870118111985786,0.3216725226523778,-1.464153958912208,-0.28934696025155926,-0.3390461679779859,-2.4078149463677923,-0.4139221832106186,0.14104838802877406,-0.9393174015831267,-1.4191045409185596,0.0,-0.4814554576198349,0.13481977369478582,-1.7483354932569526,-0.14286479592284884,-3.096806495674108,-1.8952467373531627,-0.4169198690245599,-1.312201250960431,0.01910381597393851,-1.203120646085699,0.1564663436910898,0.6362306321112614,-1.7394198642230387,-1.1560707920858517,0.010565626491530367,-0.16676227931417476,-1.4026648877319072,-1.8245055140008555,-0.4457495356165948,-1.3526035601719446,-1.7670891260109407,-0.06193098121160023,-0.3890451953515326,-0.6356627173996516,-1.6625676692043267,-0.5807087825770729,-0.9333891818843689,-2.1637600939754025,-2.7166953130180547,-1.553474297897952,-1.0756967215699635,-1.2016154837950639,-1.5470668258566533,-1.7939187395897251,-1.530325055065184,-0.5535210705907199,0.11905106032309654,-1.2055563535787437,0.8031279802722127,-0.982698501292373,0.19210849736827562,0.14240928964184896,-1.9263594887479574,0.0675332744092163,0.6225038456486089,-0.45786194396329183,-0.9376490832987248,0.4814554576198349,0.0,0.6162752313146207,-1.2668800356371177,0.33859066169698604,-2.615351038054273,-1.4137912797333279,0.06453558859527497,-0.8307457933405962,0.5005592735937734,-0.721665188465864,0.6379218013109247,1.1176860897310963,-1.2579644066032039,-0.6746153344660168,0.49202108411136525,0.3146931783056601,-0.9212094301120723,-1.3430500563810206,0.035705922003240076,-0.8711481025521097,-1.2856336683911058,0.41952447640823465,0.09241026226830229,-0.15420725977981675,-1.1811122115844919,-0.09925332495723804,-0.45193372426453404,-1.6823046363555676,-2.23523985539822,-1.0720188402781172,-0.5942412639501287,-0.720160026175229,-1.0656113682368185,-1.3124632819698903,-1.048869597445349,-1.1697963019053406,-0.49722417099152416,-1.8218315848933644,0.18685274895759196,-1.5989737326069937,-0.4241667339463451,-0.47386594167277174,-2.542634720062578,-0.5487419569054044,0.006228614333988247,-1.0741371752779125,-1.5539243146133455,-0.13481977369478582,-0.6162752313146207,0.0,-1.8831552669517384,-0.27768456961763466,-3.2316262693688937,-2.0300665110479486,-0.5517396427193457,-1.4470210246552169,-0.1157159577208473,-1.3379404197804847,0.021646569996303988,0.5014108584164756,-1.8742396379178246,-1.2908905657806375,-0.12425414720325545,-0.30158205300896057,-1.537484661426693,-1.9593252876956413,-0.5805693093113806,-1.4874233338667304,-1.9019088997057265,-0.19675075490638605,-0.5238649690463184,-0.7704824910944374,-1.7973874428991126,-0.7155285562718587,-1.0682089555791547,-2.2985798676701883,-2.8515150867128405,-1.688294071592738,-1.2105164952647494,-1.3364352574898497,-1.6818865995514392,-1.928738513284511,-1.6651448287599697,0.7133589650463978,1.3859310959602142,0.06132368205837402,2.0700080159093304,0.2841815343447447,1.4589885330053933,1.4092893252789667,-0.6594794531108397,1.334413310046334,1.8893838812857267,0.8090180916738259,0.32923095233839295,1.7483354932569526,1.2668800356371177,1.8831552669517384,0.0,1.6054706973341037,-1.3484710024171553,-0.14691124409621015,1.3314156242323927,0.43613424229652153,1.767439309230891,0.5452148471712537,1.9048018369480424,2.384566125368214,0.008915629033913852,0.5922647011711009,1.758901119748483,1.5815732139427778,0.34567060552504536,-0.07617002074390289,1.3025859576403578,0.395731933085008,-0.018753632753988114,1.6864045120453524,1.35929029790542,1.112672775857301,0.08576782405262584,1.1676267106798797,0.8149463113725837,-0.4154246007184499,-0.9683598197611021,0.19486119535900048,0.672638771686989,0.5467200094618887,0.20126866740029925,-0.04558324633277255,0.21801043819176869,-0.8921117322877059,-0.2195396013738895,-1.5441470152757297,0.4645373185752266,-1.321289162989359,-0.14648216432871042,-0.19618137205513708,-2.2649501504449434,-0.27105738728776974,0.2839131839516229,-0.7964526056602779,-1.2762397449957108,0.14286479592284884,-0.33859066169698604,0.27768456961763466,-1.6054706973341037,0.0,-2.953941699751259,-1.752381941430314,-0.27405507310171107,-1.1693364550375822,0.16196861189678735,-1.06025585016285,0.29933113961393865,0.7790954280341102,-1.59655506830019,-1.0132059961630029,0.1534304224143792,-0.023897483391325913,-1.2598000918090584,-1.6816407180780066,-0.30288473969374596,-1.2097387642490958,-1.6242243300880919,0.08093381471124861,-0.24618039942868375,-0.4927979214768028,-1.519702873281478,-0.4378439866542241,-0.7905243859615201,-2.0208952980525536,-2.573830517095206,-1.4106095019751033,-0.9328319256471147,-1.058750687872215,-1.4042020299338045,-1.6510539436668763,-1.387460259142335,2.061829967463553,2.7344020983773696,1.4097946844755294,3.4184790183264857,1.6326525367619,2.8074595354225487,2.757760327696122,0.6889915493063157,2.6828843124634894,3.237854883702882,2.157489094090981,1.6777019547555483,3.096806495674108,2.615351038054273,3.2316262693688937,1.3484710024171553,2.953941699751259,0.0,1.2015597583209452,2.679886626649548,1.7846052447136769,3.1159103116480464,1.893685849588409,3.2532728393651977,3.7330371277853693,1.3573866314510692,1.9407357035882562,3.1073721221656383,2.930044216359933,1.6941416079422007,1.2723009816732525,2.651056960057513,1.7442029355021633,1.3297173696631672,3.0348755144625077,2.7077613003225753,2.4611437782744563,1.4342388264697812,2.516097713097035,2.163417313789739,0.9330464016987055,0.38011118265605326,1.5433321977761558,2.0211097741041444,1.895191011879044,1.5497396698174546,1.3028877560843828,1.566481440608924,0.860270209142608,1.5328423400564244,0.20823492615458417,2.2169192600055405,0.43109277844095484,1.6058997771016035,1.5562005693751768,-0.5125682090146295,1.4813245541425442,2.036295125381937,0.955929335770036,0.4761421964346031,1.8952467373531627,1.4137912797333279,2.0300665110479486,0.14691124409621015,1.752381941430314,-1.2015597583209452,0.0,1.4783268683286028,0.5830454863927317,1.9143505533271012,0.6921260912674638,2.0517130810442525,2.531477369464424,0.155826873130124,0.739175945267311,1.905812363844693,1.728484458038988,0.4925818496212555,0.07074122335230726,1.449497201736568,0.5426431771812181,0.12815761134222203,1.8333157561415625,1.5062015420016301,1.259584019953511,0.232679068148836,1.3145379547760898,0.9618575554687938,-0.26851335662223974,-0.8214485756648919,0.34177243945521063,0.8195500157831992,0.6936312535580988,0.3481799114965094,0.1013279977634376,0.36492168228797883,-0.6180566591859948,0.05451547172782156,-1.2700919421740187,0.7385923916769377,-1.047234089887648,0.12757290877300065,0.07787370104657398,-1.9908950773432323,0.002997685813941331,0.557968257053334,-0.5223975325585668,-1.0021846718939997,0.4169198690245599,-0.06453558859527497,0.5517396427193457,-1.3314156242323927,0.27405507310171107,-2.679886626649548,-1.4783268683286028,0.0,-0.8952813819358711,0.4360236849984984,-0.786200777061139,0.5733862127156497,1.0531505011358213,-1.3224999951984788,-0.7391509230612918,0.4274854955160903,0.25015758971038515,-0.9857450187073473,-1.4075856449762956,-0.028829666592034897,-0.9356836911473847,-1.3501692569863808,0.3549888878129597,0.027874673673027317,-0.21874284837509173,-1.2456478001797668,-0.16378891355251302,-0.516469312859809,-1.7468402249508426,-2.2997754439934948,-1.1365544288733922,-0.6587768525454036,-0.784695614770504,-1.1301469568320934,-1.3769988705651652,-1.113405186040624,0.2772247227498763,0.9497968536636927,-0.3748105602381475,1.6338737736128088,-0.15195270795177684,1.0228542907088718,0.9731550829824451,-1.0956136954073612,0.8982790677498125,1.4532496389892051,0.37288384937730434,-0.10690328995812859,1.312201250960431,0.8307457933405962,1.4470210246552169,-0.43613424229652153,1.1693364550375822,-1.7846052447136769,-0.5830454863927317,0.8952813819358711,0.0,1.3313050669343696,0.10908060487473215,1.4686675946515209,1.9484318830716925,-0.4272186132626077,0.15613045887457933,1.3227668774519614,1.1454389716462563,-0.09046363677147617,-0.5123042630404244,0.8664517153438362,-0.040402309211513554,-0.45488787505050965,1.2502702697488308,0.9231560556088985,0.6765385335607794,-0.3503664182438957,0.7314924683833581,0.37881206907606213,-0.8515588430149714,-1.4044940620576236,-0.24127304693752105,0.2365045293904675,0.11058576716536717,-0.23486557489622228,-0.4817174886292941,-0.21812380410475285,-1.0540803441844933,-0.38150821327067685,-1.706115627172517,0.30256870667843927,-1.4832577748861464,-0.30845077622549777,-0.35814998395192443,-2.4269187623417308,-0.4330259991845571,0.12194457205483555,-0.9584212175570652,-1.4382083568924982,-0.01910381597393851,-0.5005592735937734,0.1157159577208473,-1.767439309230891,-0.16196861189678735,-3.1159103116480464,-1.9143505533271012,-0.4360236849984984,-1.3313050669343696,0.0,-1.2222244620596374,0.1373625277171513,0.6171268161373229,-1.7585236801969772,-1.1751746080597902,-0.008538189482408143,-0.18586609528811326,-1.4217687037058457,-1.843609329974794,-0.4648533515905333,-1.3717073761458831,-1.7861929419848792,-0.08103479718553874,-0.4081490113254711,-0.6547665333735901,-1.6816714851782653,-0.5998125985510114,-0.9524929978583074,-2.182863909949341,-2.735799128991993,-1.5725781138718906,-1.094800537543902,-1.2207192997690024,-1.5661706418305918,-1.8130225555636637,-1.5494288710391224,0.16814411787514416,0.8407162487889606,-0.48389116511287966,1.5247931687380767,-0.261033312826509,0.9137736858341396,0.864074478107713,-1.2046943002820933,0.7891984628750803,1.344169034114473,0.2638032445025722,-0.21598389483286073,1.203120646085699,0.721665188465864,1.3379404197804847,-0.5452148471712537,1.06025585016285,-1.893685849588409,-0.6921260912674638,0.786200777061139,-0.10908060487473215,1.2222244620596374,0.0,1.3595869897767887,1.8393512781969603,-0.5362992181373398,0.04704985399984718,1.2136862725772293,1.0363583667715242,-0.19954424164620832,-0.6213848679151566,0.7573711104691041,-0.1494829140862457,-0.5639684799252418,1.1411896648740987,0.8140754507341663,0.5674579286860473,-0.45944702311862784,0.622411863508626,0.26973146420133,-0.9606394478897036,-1.5135746669323558,-0.3503536518122532,0.12742392451573537,0.0015051622906350204,-0.34394617977095443,-0.5907980935040262,-0.327204408979485,-1.1914428719016446,-0.5188707409878281,-1.8434781548896684,0.16520617896128797,-1.6206203026032977,-0.44581330394264906,-0.49551251166907573,-2.564281290058882,-0.5703885269017084,-0.015417955662315741,-1.0957837452742165,-1.5755708846096494,-0.1564663436910898,-0.6379218013109247,-0.021646569996303988,-1.9048018369480424,-0.29933113961393865,-3.2532728393651977,-2.0517130810442525,-0.5733862127156497,-1.4686675946515209,-0.1373625277171513,-1.3595869897767887,0.0,0.4797642884201716,-1.8958862079141285,-1.3125371357769415,-0.14590071719955944,-0.32322862300526456,-1.559131231422997,-1.9809718576919453,-0.6022158793076846,-1.5090699038630344,-1.9235554697020305,-0.21839732490269004,-0.5455115390426224,-0.7921290610907414,-1.8190340128954166,-0.7371751262681627,-1.0898555255754587,-2.3202264376664923,-2.8731616567091445,-1.709940641589042,-1.2321630652610533,-1.3580818274861537,-1.7035331695477431,-1.950385083280815,-1.6867913987562737,-1.6712071603218162,-0.9986350294079998,-2.32324244330984,-0.31455810945888363,-2.1003845910234693,-0.9255775923628207,-0.9752768000892473,-3.0440455784790537,-1.05015281532188,-0.49518224408248734,-1.5755480336943881,-2.055335173029821,-0.6362306321112614,-1.1176860897310963,-0.5014108584164756,-2.384566125368214,-0.7790954280341102,-3.7330371277853693,-2.531477369464424,-1.0531505011358213,-1.9484318830716925,-0.6171268161373229,-1.8393512781969603,-0.4797642884201716,0.0,-2.3756504963343,-1.7923014241971131,-0.625665005619731,-0.8029929114254362,-2.0388955198431686,-2.460736146112117,-1.0819801677278562,-1.988834192283206,-2.403319758122202,-0.6981616133228616,-1.025275827462794,-1.271893349510913,-2.298798301315588,-1.2169394146883343,-1.5696198139956303,-2.799990726086664,-3.352925945129316,-2.1897049300092135,-1.711927353681225,-1.8378461159063253,-2.1832974579679147,-2.4301493717009865,-2.1665556871764453,0.704443336012484,1.3770154669263004,0.052408053024460166,2.0610923868754165,0.27526590531083084,1.4500729039714795,1.4003736962450528,-0.6683950821447535,1.3254976810124202,1.8804682522518128,0.800102462639912,0.3203153233044791,1.7394198642230387,1.2579644066032039,1.8742396379178246,-0.008915629033913852,1.59655506830019,-1.3573866314510692,-0.155826873130124,1.3224999951984788,0.4272186132626077,1.7585236801969772,0.5362992181373398,1.8958862079141285,2.3756504963343,0.0,0.583349072137187,1.749985490714569,1.572657584908864,0.3367549764911315,-0.08508564977781674,1.293670328606444,0.38681630405109413,-0.027669261787901966,1.6774888830114385,1.3503746688715061,1.103757146823387,0.07685219501871199,1.1587110816459658,0.8060306823386698,-0.42434022975236374,-0.9772754487950159,0.18594556632508663,0.6637231426530752,0.5378043804279748,0.1923530383663854,-0.054498875366686406,0.20909480915785483,0.12109426387529698,0.7936663947891134,-0.5309410191127268,1.4777433147382295,-0.30808316682635617,0.8667238318342925,0.8170246241078658,-1.2517441542819405,0.7421486088752332,1.2971191801146258,0.21675339050272502,-0.2630337488327079,1.1560707920858517,0.6746153344660168,1.2908905657806375,-0.5922647011711009,1.0132059961630029,-1.9407357035882562,-0.739175945267311,0.7391509230612918,-0.15613045887457933,1.1751746080597902,-0.04704985399984718,1.3125371357769415,1.7923014241971131,-0.583349072137187,0.0,1.166636418577382,0.989308512771677,-0.2465940956460555,-0.6684347219150037,0.7103212564692569,-0.19653276808609288,-0.611018333925089,1.0941398108742515,0.7670255967343191,0.5204080746862001,-0.506496877118475,0.5753620095087788,0.2226816102014828,-1.0076893018895507,-1.560624520932203,-0.3974035058121004,0.08037407051588819,-0.04554469170921216,-0.3909960337708016,-0.6378479475038734,-0.3742542629793322,-1.0455421547020851,-0.3729700237882687,-1.697577437690109,0.3111068961608474,-1.4747195854037383,-0.2999125867430896,-0.3496117944695163,-2.4183805728593226,-0.42448780970214894,0.1304827615372437,-0.9498830280746571,-1.42967016741009,-0.010565626491530367,-0.49202108411136525,0.12425414720325545,-1.758901119748483,-0.1534304224143792,-3.1073721221656383,-1.905812363844693,-0.4274854955160903,-1.3227668774519614,0.008538189482408143,-1.2136862725772293,0.14590071719955944,0.625665005619731,-1.749985490714569,-1.166636418577382,0.0,-0.17732790580570512,-1.4132305142234376,-1.8350711404923858,-0.45631516210812517,-1.363169186663475,-1.777654752502471,-0.0724966077031306,-0.39961082184306296,-0.646228343891182,-1.6731332956958571,-0.5912744090686033,-0.9439548083758993,-2.174325720466933,-2.727260939509585,-1.5640399243894825,-1.086262348061494,-1.2121811102865943,-1.5576324523481837,-1.8044843660812555,-1.5408906815567143,-0.86821424889638,-0.1956421179825636,-1.5202495318844038,0.48843480196655253,-1.2973916795980331,-0.1225846809373845,-0.17228388866381117,-2.2410526670536175,-0.24715990389644382,0.3078106673429488,-0.772555122268952,-1.2523422616043849,0.16676227931417476,-0.3146931783056601,0.30158205300896057,-1.5815732139427778,0.023897483391325913,-2.930044216359933,-1.728484458038988,-0.25015758971038515,-1.1454389716462563,0.18586609528811326,-1.0363583667715242,0.32322862300526456,0.8029929114254362,-1.572657584908864,-0.989308512771677,0.17732790580570512,0.0,-1.2359026084177325,-1.6577432346866807,-0.27898725630242005,-1.1858412808577699,-1.600326846696766,0.10483129810257452,-0.22228291603735784,-0.4689004380854769,-1.495805389890152,-0.41394650326289817,-0.7666269025701942,-1.9969978146612277,-2.54993303370388,-1.3867120185837774,-0.9089344422557888,-1.0348532044808891,-1.3803045465424786,-1.6271564602755504,-1.3635627757510091,0.3676883595213525,1.0402604904351689,-0.28434692346667134,1.724337410384285,-0.06148907118030067,1.113317927480348,1.0636187197539213,-1.005150058635885,0.9887427045212887,1.5437132757606813,0.4633474861487805,-0.016439653186652414,1.4026648877319072,0.9212094301120723,1.537484661426693,-0.34567060552504536,1.2598000918090584,-1.6941416079422007,-0.4925818496212555,0.9857450187073473,0.09046363677147617,1.4217687037058457,0.19954424164620832,1.559131231422997,2.0388955198431686,-0.3367549764911315,0.2465940956460555,1.4132305142234376,1.2359026084177325,0.0,-0.42184062626894825,0.9569153521153124,0.05006132755996262,-0.3644242382790335,1.340733906520307,1.0136196923803746,0.7670021703322556,-0.2599027814724195,0.8219561051548343,0.4692757058475383,-0.7610952062434952,-1.3140304252861474,-0.15080941016604488,0.3269681661619437,0.20104940393684334,-0.1444019381247461,-0.3912538518578179,-0.12766016733327668,0.7895289857903007,1.4621011167041171,0.1374937028022769,2.1461780366532333,0.3603515550886476,1.5351585537492962,1.4854593460228696,-0.5833094323669368,1.410583330790237,1.9655539020296295,0.8851881124177288,0.40540097308229583,1.8245055140008555,1.3430500563810206,1.9593252876956413,0.07617002074390289,1.6816407180780066,-1.2723009816732525,-0.07074122335230726,1.4075856449762956,0.5123042630404244,1.843609329974794,0.6213848679151566,1.9809718576919453,2.460736146112117,0.08508564977781674,0.6684347219150037,1.8350711404923858,1.6577432346866807,0.42184062626894825,0.0,1.3787559783842607,0.47190195382891087,0.057416387989914774,1.7625745327892552,1.4354603186493229,1.1888427966012038,0.16193784479652873,1.2437967314237826,0.8911163321164866,-0.339254579974547,-0.8921897990171992,0.27103121610290337,0.7488087924308919,0.6228900302057916,0.27743868814420214,0.030586774411130335,0.2941804589356716,-0.5892269925939599,0.08334513831985646,-1.2412622755819838,0.7674220582689726,-1.018404423295613,0.15640257536503555,0.10670336763860888,-1.9620654107511974,0.03182735240597623,0.5867979236453689,-0.4935678659665319,-0.9733550053019648,0.4457495356165948,-0.035705922003240076,0.5805693093113806,-1.3025859576403578,0.30288473969374596,-2.651056960057513,-1.449497201736568,0.028829666592034897,-0.8664517153438362,0.4648533515905333,-0.7573711104691041,0.6022158793076846,1.0819801677278562,-1.293670328606444,-0.7103212564692569,0.45631516210812517,0.27898725630242005,-0.9569153521153124,-1.3787559783842607,0.0,-0.9068540245553498,-1.321339590394346,0.38381855440499457,0.056704340265062214,-0.18991318178305683,-1.216818133587732,-0.13495924696047812,-0.4876396462677741,-1.7180105583588077,-2.27094577740146,-1.1077247622813573,-0.6299471859533687,-0.7558659481784691,-1.1013172902400585,-1.3481692039731303,-1.084575519448589,0.31762703196138986,0.9901991628752063,-0.33440825102663396,1.6742760828243224,-0.11155039874026329,1.0632565999203853,1.0135573921939587,-1.0552113861958476,0.938681376961326,1.4936519482007187,0.4132861585888179,-0.06650098074661503,1.3526035601719446,0.8711481025521097,1.4874233338667304,-0.395731933085008,1.2097387642490958,-1.7442029355021633,-0.5426431771812181,0.9356836911473847,0.040402309211513554,1.3717073761458831,0.1494829140862457,1.5090699038630344,1.988834192283206,-0.38681630405109413,0.19653276808609288,1.363169186663475,1.1858412808577699,-0.05006132755996262,-0.47190195382891087,0.9068540245553498,0.0,-0.4144855658389961,1.2906725789603444,0.963558364820412,0.716940842772293,-0.30996410903238214,0.7718947775948717,0.4192143782875757,-0.8111565338034579,-1.36409175284611,-0.2008707377260075,0.27690683860198106,0.15098807637688072,-0.19446326568470873,-0.44131517941778053,-0.1777214948932393,0.732112597800386,1.4046847287142024,0.08007731481236213,2.0887616486633185,0.3029351670987328,1.4777421657593814,1.4280429580329548,-0.6407258203568515,1.3531669428003221,1.9081375140397148,0.827771724427814,0.34798458509238106,1.7670891260109407,1.2856336683911058,1.9019088997057265,0.018753632753988114,1.6242243300880919,-1.3297173696631672,-0.12815761134222203,1.3501692569863808,0.45488787505050965,1.7861929419848792,0.5639684799252418,1.9235554697020305,2.403319758122202,0.027669261787901966,0.611018333925089,1.777654752502471,1.600326846696766,0.3644242382790335,-0.057416387989914774,1.321339590394346,0.4144855658389961,0.0,1.7051581447993405,1.3780439306594081,1.131426408611289,0.10452145680661395,1.1863803434338678,0.8336999441265718,-0.3966709679644618,-0.949606187007114,0.2136148281129886,0.6913924044409772,0.5654736422158768,0.22002230015428736,-0.02682961357878444,0.2367640709457568,-0.9730455469989545,-0.3004734160851381,-1.6250808299869783,0.383603503863978,-1.4022229777006077,-0.22741597903995903,-0.2771151867663857,-2.345883965156192,-0.35199120199901834,0.2029793692403743,-0.8773864203715265,-1.3571735597069594,0.06193098121160023,-0.41952447640823465,0.19675075490638605,-1.6864045120453524,-0.08093381471124861,-3.0348755144625077,-1.8333157561415625,-0.3549888878129597,-1.2502702697488308,0.08103479718553874,-1.1411896648740987,0.21839732490269004,0.6981616133228616,-1.6774888830114385,-1.0941398108742515,0.0724966077031306,-0.10483129810257452,-1.340733906520307,-1.7625745327892552,-0.38381855440499457,-1.2906725789603444,-1.7051581447993405,0.0,-0.32711421413993236,-0.5737317361880514,-1.6006366879927265,-0.5187778013654727,-0.8714582006727687,-2.1018291127638022,-2.6547643318064544,-1.4915433166863519,-1.0137657403583633,-1.1396845025834637,-1.485135844645053,-1.731987758378125,-1.4683940738535837,-0.6459313328590222,0.026640798054794246,-1.297966615847046,0.7107177180039104,-1.0751087635606753,0.09969823509997333,0.04999902737354667,-2.0187697510162597,-0.024876987859085986,0.5300935833803067,-0.5502722062315941,-1.030059345567027,0.3890451953515326,-0.09241026226830229,0.5238649690463184,-1.35929029790542,0.24618039942868375,-2.7077613003225753,-1.5062015420016301,-0.027874673673027317,-0.9231560556088985,0.4081490113254711,-0.8140754507341663,0.5455115390426224,1.025275827462794,-1.3503746688715061,-0.7670255967343191,0.39961082184306296,0.22228291603735784,-1.0136196923803746,-1.4354603186493229,-0.056704340265062214,-0.963558364820412,-1.3780439306594081,0.32711421413993236,0.0,-0.24661752204811904,-1.2735224738527942,-0.19166358722554033,-0.5443439865328363,-1.7747148986238699,-2.327650117666522,-1.1644291025464195,-0.686651526218431,-0.8125702884435313,-1.1580216305051207,-1.4048735442381926,-1.1412798597136513,-0.3993138108109031,0.2732583201029133,-1.051349093798927,0.9573352400520294,-0.8284912415125563,0.3463157571480924,0.2966165494216657,-1.7721522289681406,0.22174053418903306,0.7767111054284257,-0.3036546841834751,-0.783441823518908,0.6356627173996516,0.15420725977981675,0.7704824910944374,-1.112672775857301,0.4927979214768028,-2.4611437782744563,-1.259584019953511,0.21874284837509173,-0.6765385335607794,0.6547665333735901,-0.5674579286860473,0.7921290610907414,1.271893349510913,-1.103757146823387,-0.5204080746862001,0.646228343891182,0.4689004380854769,-0.7670021703322556,-1.1888427966012038,0.18991318178305683,-0.716940842772293,-1.131426408611289,0.5737317361880514,0.24661752204811904,0.0,-1.0269049518046751,0.05495393482257871,-0.2977264644847173,-1.5280973765757508,-2.081032595618403,-0.9178115804983005,-0.4400340041703119,-0.5659527663954123,-0.9114041084570017,-1.1582560221900735,-0.8946623376655323,0.627591140993772,1.3001632719075884,-0.024444141994251822,1.9842401918567045,0.19841371029211885,1.3732207089527675,1.3235215012263408,-0.7452472771634655,1.2486454859937082,1.8036160572331008,0.7232502676212,0.2434631282857671,1.6625676692043267,1.1811122115844919,1.7973874428991126,-0.08576782405262584,1.519702873281478,-1.4342388264697812,-0.232679068148836,1.2456478001797668,0.3503664182438957,1.6816714851782653,0.45944702311862784,1.8190340128954166,2.298798301315588,-0.07685219501871199,0.506496877118475,1.6731332956958571,1.495805389890152,0.2599027814724195,-0.16193784479652873,1.216818133587732,0.30996410903238214,-0.10452145680661395,1.6006366879927265,1.2735224738527942,1.0269049518046751,0.0,1.0818588866272538,0.7291784873199578,-0.5011924247710757,-1.054127643813728,0.10909337130637464,0.5868709476343632,0.46095218540926286,0.11550084334767341,-0.1313510703853984,0.13224261413914284,-0.4542677456334818,0.21830438528033458,-1.1063030286215056,0.9023813052294507,-0.883445176335135,0.29136182232551366,0.241662614599087,-1.8271061637907193,0.16678659936645435,0.721757170605847,-0.3586086190060538,-0.8383957583414867,0.5807087825770729,0.09925332495723804,0.7155285562718587,-1.1676267106798797,0.4378439866542241,-2.516097713097035,-1.3145379547760898,0.16378891355251302,-0.7314924683833581,0.5998125985510114,-0.622411863508626,0.7371751262681627,1.2169394146883343,-1.1587110816459658,-0.5753620095087788,0.5912744090686033,0.41394650326289817,-0.8219561051548343,-1.2437967314237826,0.13495924696047812,-0.7718947775948717,-1.1863803434338678,0.5187778013654727,0.19166358722554033,-0.05495393482257871,-1.0818588866272538,0.0,-0.352680399307296,-1.5830513113983296,-2.1359865304409817,-0.9727655153208792,-0.4949879389928906,-0.620906701217991,-0.9663580432795804,-1.2132099570126522,-0.949616272488111,-0.10158734632618582,0.5709847845876306,-0.7536226293142096,1.2550617045367467,-0.530764777027839,0.6440422216328097,0.594343013906383,-1.4744257644834233,0.5194669986737503,1.074437569913143,-0.005928219698757786,-0.4857153590341907,0.9333891818843689,0.45193372426453404,1.0682089555791547,-0.8149463113725837,0.7905243859615201,-2.163417313789739,-0.9618575554687938,0.516469312859809,-0.37881206907606213,0.9524929978583074,-0.26973146420133,1.0898555255754587,1.5696198139956303,-0.8060306823386698,-0.2226816102014828,0.9439548083758993,0.7666269025701942,-0.4692757058475383,-0.8911163321164866,0.4876396462677741,-0.4192143782875757,-0.8336999441265718,0.8714582006727687,0.5443439865328363,0.2977264644847173,-0.7291784873199578,0.352680399307296,0.0,-1.2303709120910336,-1.7833061311336857,-0.6200851160135832,-0.14230753968559462,-0.26822630191069496,-0.6136776439722844,-0.8605295577053562,-0.596935873180815,1.1287835657648477,1.8013556966786641,0.4767482827768239,2.4854326166277803,0.6996061350631946,1.8744131337238432,1.8247139259974166,-0.24405485239238978,1.749837910764784,2.3048084820041765,1.2244426923922758,0.7446555530568428,2.1637600939754025,1.6823046363555676,2.2985798676701883,0.4154246007184499,2.0208952980525536,-0.9330464016987055,0.26851335662223974,1.7468402249508426,0.8515588430149714,2.182863909949341,0.9606394478897036,2.3202264376664923,2.799990726086664,0.42434022975236374,1.0076893018895507,2.174325720466933,1.9969978146612277,0.7610952062434952,0.339254579974547,1.7180105583588077,0.8111565338034579,0.3966709679644618,2.1018291127638022,1.7747148986238699,1.5280973765757508,0.5011924247710757,1.5830513113983296,1.2303709120910336,0.0,-0.5529352190426522,0.6102857960774504,1.088063372405439,0.9621446101803386,0.6166932681187491,0.36984135438567733,0.6334350389102186,1.6817187848075,2.3542909157213163,1.029683501819476,3.0383678356704324,1.2525413541058468,2.4273483527664954,2.3776491450400687,0.3088803666502624,2.302773129807436,2.8577437010468287,1.777377911434928,1.297590772099495,2.7166953130180547,2.23523985539822,2.8515150867128405,0.9683598197611021,2.573830517095206,-0.38011118265605326,0.8214485756648919,2.2997754439934948,1.4044940620576236,2.735799128991993,1.5135746669323558,2.8731616567091445,3.352925945129316,0.9772754487950159,1.560624520932203,2.727260939509585,2.54993303370388,1.3140304252861474,0.8921897990171992,2.27094577740146,1.36409175284611,0.949606187007114,2.6547643318064544,2.327650117666522,2.081032595618403,1.054127643813728,2.1359865304409817,1.7833061311336857,0.5529352190426522,0.0,1.1632210151201026,1.6409985914480911,1.5150798292229908,1.1696284871614013,0.9227765734283295,1.1863702579528708,0.5184977696873974,1.1910699006012138,-0.13353751330062646,1.8751468205503299,0.08932033898574421,1.2641273376463928,1.2144281299199662,-0.8543406484698401,1.1395521146873335,1.6945226859267262,0.6141568963148254,0.13436975697939246,1.553474297897952,1.0720188402781172,1.688294071592738,-0.19486119535900048,1.4106095019751033,-1.5433321977761558,-0.34177243945521063,1.1365544288733922,0.24127304693752105,1.5725781138718906,0.3503536518122532,1.709940641589042,2.1897049300092135,-0.18594556632508663,0.3974035058121004,1.5640399243894825,1.3867120185837774,0.15080941016604488,-0.27103121610290337,1.1077247622813573,0.2008707377260075,-0.2136148281129886,1.4915433166863519,1.1644291025464195,0.9178115804983005,-0.10909337130637464,0.9727655153208792,0.6200851160135832,-0.6102857960774504,-1.1632210151201026,0.0,0.47777757632798856,0.3518588141028882,0.006407472041298767,-0.24044444169177304,0.023149242832768202,0.040720193359408796,0.7132923242732252,-0.611315089628615,1.3973692442223413,-0.38845723734224435,0.7863497613184043,0.7366505535919776,-1.3321182247978287,0.661774538359345,1.2167451095987376,0.13637931998683683,-0.3434078193485961,1.0756967215699635,0.5942412639501287,1.2105164952647494,-0.672638771686989,0.9328319256471147,-2.0211097741041444,-0.8195500157831992,0.6587768525454036,-0.2365045293904675,1.094800537543902,-0.12742392451573537,1.2321630652610533,1.711927353681225,-0.6637231426530752,-0.08037407051588819,1.086262348061494,0.9089344422557888,-0.3269681661619437,-0.7488087924308919,0.6299471859533687,-0.27690683860198106,-0.6913924044409772,1.0137657403583633,0.686651526218431,0.4400340041703119,-0.5868709476343632,0.4949879389928906,0.14230753968559462,-1.088063372405439,-1.6409985914480911,-0.47777757632798856,0.0,-0.12591876222510034,-0.4713701042866898,-0.7182220180197616,-0.45462833349522036,0.16663895558450914,0.8392110864983255,-0.4853963274035147,1.5232880064474417,-0.262538475117144,0.9122685235435046,0.862569315817078,-1.2061994625727284,0.7876933005844453,1.342663871823838,0.2622980822119372,-0.21748905712349575,1.2016154837950639,0.720160026175229,1.3364352574898497,-0.5467200094618887,1.058750687872215,-1.895191011879044,-0.6936312535580988,0.784695614770504,-0.11058576716536717,1.2207192997690024,-0.0015051622906350204,1.3580818274861537,1.8378461159063253,-0.5378043804279748,0.04554469170921216,1.2121811102865943,1.0348532044808891,-0.20104940393684334,-0.6228900302057916,0.7558659481784691,-0.15098807637688072,-0.5654736422158768,1.1396845025834637,0.8125702884435313,0.5659527663954123,-0.46095218540926286,0.620906701217991,0.26822630191069496,-0.9621446101803386,-1.5150798292229908,-0.3518588141028882,0.12591876222510034,0.0,-0.34545134206158945,-0.5923032557946613,-0.32870957127012,0.5120902976460986,1.184662428559915,-0.13994498534192523,1.8687393485090311,0.08291286694444544,1.257719865605094,1.2080206578786674,-0.8607481205111389,1.1331446426460348,1.6881152138854274,0.6077494242735266,0.1279622849380937,1.5470668258566533,1.0656113682368185,1.6818865995514392,-0.20126866740029925,1.4042020299338045,-1.5497396698174546,-0.3481799114965094,1.1301469568320934,0.23486557489622228,1.5661706418305918,0.34394617977095443,1.7035331695477431,2.1832974579679147,-0.1923530383663854,0.3909960337708016,1.5576324523481837,1.3803045465424786,0.1444019381247461,-0.27743868814420214,1.1013172902400585,0.19446326568470873,-0.22002230015428736,1.485135844645053,1.1580216305051207,0.9114041084570017,-0.11550084334767341,0.9663580432795804,0.6136776439722844,-0.6166932681187491,-1.1696284871614013,-0.006407472041298767,0.4713701042866898,0.34545134206158945,0.0,-0.2468519137330718,0.016741770791469435,0.7589422113791704,1.4315143422929868,0.10690692839114657,2.115591262242103,0.32976478067751724,1.5045717793381659,1.4548725716117392,-0.6138962067780671,1.3799965563791066,1.9349671276184992,0.8546013380065984,0.3748141986711655,1.7939187395897251,1.3124632819698903,1.928738513284511,0.04558324633277255,1.6510539436668763,-1.3028877560843828,-0.1013279977634376,1.3769988705651652,0.4817174886292941,1.8130225555636637,0.5907980935040262,1.950385083280815,2.4301493717009865,0.054498875366686406,0.6378479475038734,1.8044843660812555,1.6271564602755504,0.3912538518578179,-0.030586774411130335,1.3481692039731303,0.44131517941778053,0.02682961357878444,1.731987758378125,1.4048735442381926,1.1582560221900735,0.1313510703853984,1.2132099570126522,0.8605295577053562,-0.36984135438567733,-0.9227765734283295,0.24044444169177304,0.7182220180197616,0.5923032557946613,0.2468519137330718,0.0,0.26359368452454124,0.49534852685462916,1.1679206577684456,-0.15668675613339467,1.8519975777175617,0.066171096152976,1.2409780948136246,1.191278887087198,-0.8774898913026083,1.1164028718545653,1.671373443093958,0.5910076534820572,0.11122051414662426,1.530325055065184,1.048869597445349,1.6651448287599697,-0.21801043819176869,1.387460259142335,-1.566481440608924,-0.36492168228797883,1.113405186040624,0.21812380410475285,1.5494288710391224,0.327204408979485,1.6867913987562737,2.1665556871764453,-0.20909480915785483,0.3742542629793322,1.5408906815567143,1.3635627757510091,0.12766016733327668,-0.2941804589356716,1.084575519448589,0.1777214948932393,-0.2367640709457568,1.4683940738535837,1.1412798597136513,0.8946623376655323,-0.13224261413914284,0.949616272488111,0.596935873180815,-0.6334350389102186,-1.1863702579528708,-0.023149242832768202,0.45462833349522036,0.32870957127012,-0.016741770791469435,-0.26359368452454124,0.0,0.0,0.6840875180418085,1.5984028675045678,0.44551212978227905,0.47737289237505554,0.17162848039630596,0.15717564381103255,-0.6397348963122118,0.9724071051953684,0.21428488080552555,1.427800643962743,-0.7618617455114967,1.0028791107346606,-0.47986845611634354,0.20766996577250119,0.028569756771913646,0.8985041241930416,1.854028667781737,0.1332888516266202,-0.2571186449454732,0.041733923773160875,-1.536661510085592,-0.20269507840104062,1.0399802753375722,1.1166154594190507,1.2015594484318823,-0.28210107774325976,0.5944284195607734,0.5568577768194443,0.34995097251234064,1.529076723480629,0.25381187408066097,-0.8673442214004572,-1.4468334154433702,1.0959049583079876,-0.36773989440095,-0.11926284093120376,-0.12999166194830547,-0.5816817846984801,-0.25448477677708325,0.7258570199541667,-1.4589472289060943,-0.4587672980944557,1.4889323185475414,-1.6473543629414973,1.3077849772710763,-0.892158089190449,0.027683624769971438,-0.6840875180418085,0.0,0.9143153494627594,-0.2385753882595294,-0.20671462566675292,-0.5124590376455025,-0.5269118742307759,-1.3238224143540203,0.28831958715356,-0.4698026372362829,0.7437131259209346,-1.445949263553305,0.3187915926928522,-1.163955974158152,-0.47641755226930727,-0.6555177612698948,0.21441660615123315,1.1699411497399286,-0.5507986664151883,-0.9412061629872817,-0.6423535942686476,-2.2207490281274005,-0.8867825964428491,0.35589275729576375,0.43252794137724226,0.5174719303900739,-0.9661885957850682,-0.08965909848103504,-0.1272297412223642,-0.3341365455294678,0.8449892054388206,-0.4302756439611475,-1.5514317394422656,-2.1309209334851786,0.41181744026617917,-1.0518274124427585,-0.8033503589730122,-0.8140791799901139,-1.2657693027402885,-0.9385722948188917,0.04176950191235829,-2.1430347469479027,-1.1428548161362642,0.8048448005057329,-2.3314418809833057,0.6236974592292679,-1.5762456072322575,-0.656403893271837,-1.5984028675045678,-0.9143153494627594,0.0,-1.1528907377222888,-1.1210299751295123,-1.4267743871082619,-1.4412272236935353,-2.2381377638167796,-0.6259957623091994,-1.3841179866990423,-0.17060222354182475,-2.3602646130160645,-0.5955237567699072,-2.0782713236209114,-1.3907329017320667,-1.5698331107326542,-0.6998987433115262,0.2556258002771692,-1.4651140158779477,-1.855521512450041,-1.556668943731407,-3.13506437759016,-1.8010979459056085,-0.5584225921669956,-0.4817874080855171,-0.3968434190726855,-1.8805039452478276,-1.0039744479437944,-1.0415450906851236,-1.2484518949922272,-0.06932614402393877,-1.3445909934239069,-2.465747088905025,-3.045236282947938,-0.5024979091965802,-1.9661427619055178,-1.7176657084357716,-1.7283945294528733,-2.180084652203048,-1.852887644281651,-0.8725458475504011,-3.057350096410662,-2.0571701655990235,-0.10947054895702646,-3.245757230446065,-0.2906178902334915,-2.490560956695017,-1.5707192427345964,-0.44551212978227905,0.2385753882595294,1.1528907377222888,0.0,0.03186076259277648,-0.2738836493859731,-0.2883364859712465,-1.0852470260944909,0.5268949754130894,-0.2312272489767535,0.982288514180464,-1.2073738752937757,0.5573669809523816,-0.9253805858986226,-0.23784216400977787,-0.4169423730103654,0.45299199441076254,1.408516537999458,-0.31222327815565887,-0.7026307747277523,-0.4037782060091182,-1.982173639867871,-0.6482072081833197,0.5944681455552931,0.6711033296367717,0.7560473186496033,-0.7276132075255388,0.14891628977849436,0.11134564703716521,-0.09556115726993841,1.08356459369835,-0.19170025570161808,-1.3128563511827362,-1.8923455452256492,0.6503928285257086,-0.8132520241832291,-0.5647749707134828,-0.5755037917305845,-1.0271939144807591,-0.6999969065593623,0.2803448901718877,-1.9044593586883733,-0.9042794278767348,1.0434201887652623,-2.0928664927237763,0.8622728474887973,-1.337670218972728,-0.4178285050123076,-0.47737289237505554,0.20671462566675292,1.1210299751295123,-0.03186076259277648,0.0,-0.3057444119787496,-0.320197248564023,-1.1171077886872673,0.4950342128203129,-0.26308801156953,0.9504277515876876,-1.2392346378865522,0.5255062183596051,-0.9572413484913991,-0.26970292660255435,-0.4488031356031419,0.42113123181798606,1.3766557754066815,-0.34408404074843535,-0.7344915373205287,-0.43563896860189466,-2.0140344024606476,-0.6800679707760962,0.5626073829625167,0.6392425670439952,0.7241865560568268,-0.7594739701183153,0.11705552718571788,0.07948488444438873,-0.1274219198627149,1.0517038311055735,-0.22356101829439456,-1.3447171137755127,-1.9242063078184257,0.6185320659329321,-0.8451127867760055,-0.5966357333062593,-0.607364554323361,-1.0590546770735356,-0.7318576691521388,0.2484841275791112,-1.9363201212811498,-0.9361401904695112,1.0115594261724858,-2.124727255316553,0.8304120848960208,-1.3695309815655046,-0.4496892676050841,-0.17162848039630596,0.5124590376455025,1.4267743871082619,0.2738836493859731,0.3057444119787496,0.0,-0.01445283658527341,-0.8113633767085178,0.8007786247990625,0.042656400409219586,1.2561721635664371,-0.9334902259078026,0.8312506303383547,-0.6514969365126495,0.036041485376195226,-0.14305872362439231,0.7268756437967356,1.682400187385431,-0.038339628769685774,-0.42874712534177917,-0.12989455662314509,-1.708289990481898,-0.3743235587973466,0.8683517949412662,0.9449869790227448,1.0299309680355764,-0.4537295581395657,0.42279993916446745,0.3852292964231383,0.17832249211603468,1.357448243084323,0.08218339368435501,-1.0389727017967632,-1.6184618958396761,0.9242764779116817,-0.539368374797256,-0.2908913213275097,-0.30162014234461143,-0.753310265094786,-0.4261132571733892,0.5542285395578608,-1.6305757093024003,-0.6303957784907617,1.3173038381512354,-1.8189828433378032,1.1361564968747704,-1.063786569586755,-0.14394485562633452,-0.15717564381103255,0.5269118742307759,1.4412272236935353,0.2883364859712465,0.320197248564023,0.01445283658527341,0.0,-0.7969105401232444,0.8152314613843359,0.057109236994492996,1.2706250001517105,-0.9190373893225292,0.8457034669236281,-0.6370440999273761,0.050494321961468636,-0.1286058870391189,0.741328480382009,1.6968530239707045,-0.023886792184412364,-0.41429428875650576,-0.11544172003787168,-1.6938371538966246,-0.35987072221207317,0.8828046315265397,0.9594398156080182,1.0443838046208498,-0.4392767215542923,0.43725277574974086,0.3996821330084117,0.1927753287013081,1.3719010796695965,0.09663623026962842,-1.0245198652114897,-1.6040090592544027,0.9387293144969551,-0.5249155382119826,-0.2764384847422363,-0.287167305759338,-0.7388574285095126,-0.4116604205881158,0.5686813761431342,-1.6161228727171268,-0.6159429419054883,1.3317566747365088,-1.8045300067525298,1.1506093334600438,-1.0493337330014816,-0.1294920190410611,0.6397348963122118,1.3238224143540203,2.2381377638167796,1.0852470260944909,1.1171077886872673,0.8113633767085178,0.7969105401232444,0.0,1.6121420015075802,0.8540197771177374,2.067535540274955,-0.12212684919928485,1.6426140070468724,0.15986644019586826,0.847404862084713,0.6683046530841255,1.5382390205052534,2.493763564093949,0.773023747938832,0.3826162513667386,0.6814688200853727,-0.8969266137733802,0.4370398179111712,1.679715171649784,1.7563503557312625,1.8412943447440941,0.35763381856895204,1.2341633158729852,1.196592673131656,0.9896858688245525,2.168811619792841,0.8935467703928728,-0.22760932508824538,-0.8070985191311584,1.7356398546201994,0.2719950019112618,0.520472055381008,0.5097432343639063,0.05805311161373172,0.38525011953512855,1.3655919162663785,-0.8192123325938825,0.1809675982177561,2.128667214859753,-1.0076194666292855,1.9475198735832882,-0.2524231928782372,0.6674185210821832,-0.9724071051953684,-0.28831958715356,0.6259957623091994,-0.5268949754130894,-0.4950342128203129,-0.8007786247990625,-0.8152314613843359,-1.6121420015075802,0.0,-0.7581222243898429,0.45539353876737465,-1.734268850706865,0.03047200553929219,-1.452275561311712,-0.7647371394228673,-0.9438373484234548,-0.07390298100232684,0.8816215625863686,-0.8391182535687483,-1.2295257501408416,-0.9306731814222076,-2.5090686152809605,-1.175102183596409,0.06757317014220376,0.14420835422368228,0.2291523432365139,-1.2545081829386282,-0.377978685634595,-0.4155493283759242,-0.6224561326830278,0.5566696182852606,-0.7185952311147075,-1.8397513265958256,-2.4192405206387386,0.12349785311261918,-1.3401469995963184,-1.0916699461265722,-1.102398767143674,-1.5540888898938485,-1.2268918819724517,-0.2465500852412017,-2.4313543341014627,-1.4311744032898241,0.5165252133521729,-2.6197614681368657,0.3353778720757079,-1.8645651943858175,-0.944723480425397,-0.21428488080552555,0.4698026372362829,1.3841179866990423,0.2312272489767535,0.26308801156953,-0.042656400409219586,-0.057109236994492996,-0.8540197771177374,0.7581222243898429,0.0,1.2135157631572175,-0.9761466263170222,0.7885942299291351,-0.6941533369218691,-0.00661491503302436,-0.1857151240336119,0.684219243387516,1.6397437869762115,-0.08099602917890536,-0.47140352575099875,-0.17255095703236467,-1.7509463908911176,-0.41697995920656616,0.8256953945320467,0.9023305786135252,0.9872745676263568,-0.4963859585487853,0.38014353875524787,0.3425728960139187,0.1356660917068151,1.3147918426751035,0.039526993275135425,-1.0816291022059827,-1.6611182962488957,0.8816200775024621,-0.5820247752064756,-0.3335477217367293,-0.344276542753831,-0.7959666655040056,-0.4687696575826088,0.5115721391486412,-1.6732321097116198,-0.6730521788999813,1.2746474377420158,-1.8616392437470228,1.0935000964655508,-1.1064429699959746,-0.1866012560355541,-1.427800643962743,-0.7437131259209346,0.17060222354182475,-0.982288514180464,-0.9504277515876876,-1.2561721635664371,-1.2706250001517105,-2.067535540274955,-0.45539353876737465,-1.2135157631572175,0.0,-2.1896623894742397,-0.42492153322808246,-1.9076691000790866,-1.220130678190242,-1.3992308871908294,-0.5292965197697015,0.42622802381899394,-1.294511792336123,-1.6849192889082163,-1.3860667201895822,-2.964462154048335,-1.6304957223637837,-0.3878203686251709,-0.3111851845436924,-0.22624119553086075,-1.7099017217060029,-0.8333722244019697,-0.8709428671432988,-1.0778496714504024,0.10127607951788598,-1.1739887698820821,-2.2951448653632003,-2.8746340594061133,-0.33189568565475547,-1.795540538363693,-1.5470634848939468,-1.5577923059110486,-2.009482428661223,-1.6822854207398263,-0.7019436240085764,-2.8867478728688374,-1.8865679420571988,0.06113167458479829,-3.0751550069042404,-0.12001566669166674,-2.319958733153192,-1.4001170191927717,0.7618617455114967,1.445949263553305,2.3602646130160645,1.2073738752937757,1.2392346378865522,0.9334902259078026,0.9190373893225292,0.12212684919928485,1.734268850706865,0.9761466263170222,2.1896623894742397,0.0,1.7647408562461573,0.2819932893951531,0.9695317112839978,0.7904315022834103,1.6603658697045383,2.6158904132932337,0.8951505971381168,0.5047431005660235,0.8035956692846575,-0.7747997645740954,0.559166667110456,1.8018420208490689,1.8784772049305474,1.963421193943379,0.4797606677682369,1.35629016507227,1.318719522330941,1.1118127180238373,2.2909384689921257,1.0156736195921576,-0.10548247588896054,-0.6849716699318735,1.8577667038194843,0.39412185111054665,0.6425989045802929,0.6318700835631912,0.18017996081301657,0.5073769687344134,1.4877187654656634,-0.6970854833945976,0.30309444741704095,2.250794064059038,-0.8854926174300006,2.069646722782573,-0.13029634367895238,0.7895453702814681,-1.0028791107346606,-0.3187915926928522,0.5955237567699072,-0.5573669809523816,-0.5255062183596051,-0.8312506303383547,-0.8457034669236281,-1.6426140070468724,-0.03047200553929219,-0.7885942299291351,0.42492153322808246,-1.7647408562461573,0.0,-1.4827475668510042,-0.7952091449621594,-0.974309353962747,-0.10437498654161903,0.8511495570470764,-0.8695902591080404,-1.2599977556801338,-0.9611451869614998,-2.5395406208202527,-1.2055741891357012,0.037101164602911574,0.11373634868439009,0.1986803376972217,-1.2849801884779204,-0.4084506911738872,-0.44602133391521637,-0.65292813822232,0.5261976127459684,-0.7490672366539997,-1.8702233321351178,-2.449712526178031,0.09302584757332699,-1.3706190051356106,-1.1221419516658644,-1.132870772682966,-1.5845608954331407,-1.2573638875117439,-0.2770220907804939,-2.461826339640755,-1.4616464088291163,0.48605320781288075,-2.650233473676158,0.3049058665364157,-1.8950371999251097,-0.9751954859646892,0.47986845611634354,1.163955974158152,2.0782713236209114,0.9253805858986226,0.9572413484913991,0.6514969365126495,0.6370440999273761,-0.15986644019586826,1.452275561311712,0.6941533369218691,1.9076691000790866,-0.2819932893951531,1.4827475668510042,0.0,0.6875384218888447,0.5084382128882572,1.3783725803093851,2.3338971238980806,0.6131573077429637,0.22274981117087034,0.5216023798895044,-1.0567930539692485,0.2771733777153029,1.5198487314539157,1.5964839155353943,1.6814279045482259,0.19776737837308378,1.074296875677117,1.0367262329357878,0.8298194286286842,2.0089451795969726,0.7336803301970045,-0.38747576528411365,-0.9669649593270266,1.5757734144243312,0.11212856171539354,0.3606056151851398,0.3498767941680381,-0.10181332858213654,0.2253836793392603,1.2057254760705103,-0.9790787727897508,0.021101158021887834,1.968800774663885,-1.1674859068251537,1.7876534333874199,-0.4122896330741055,0.507552080886315,-0.20766996577250119,0.47641755226930727,1.3907329017320667,0.23784216400977787,0.26970292660255435,-0.036041485376195226,-0.050494321961468636,-0.847404862084713,0.7647371394228673,0.00661491503302436,1.220130678190242,-0.9695317112839978,0.7952091449621594,-0.6875384218888447,0.0,-0.17910020900058754,0.6908341584205404,1.6463587020092358,-0.074381114145881,-0.4647886107179744,-0.1659360419993403,-1.7443314758580932,-0.4103650441735418,0.832310309565071,0.9089454936465495,0.9938894826593812,-0.48977104351576095,0.3867584537882722,0.3491878110469431,0.14228100673983946,1.3214067577081279,0.046141908308159785,-1.0750141871729584,-1.6545033812158714,0.8882349925354864,-0.5754098601734512,-0.32693280670370495,-0.33766162772080666,-0.7893517504709813,-0.46215474254958444,0.5181870541816656,-1.6666171946785955,-0.6664372638669569,1.2812623527750402,-1.8550243287139985,1.1001150114985752,-1.0998280549629502,-0.17998634100252975,-0.028569756771913646,0.6555177612698948,1.5698331107326542,0.4169423730103654,0.4488031356031419,0.14305872362439231,0.1286058870391189,-0.6683046530841255,0.9438373484234548,0.1857151240336119,1.3992308871908294,-0.7904315022834103,0.974309353962747,-0.5084382128882572,0.17910020900058754,0.0,0.869934367421128,1.8254589110098234,0.10471909485470654,-0.28568840171738685,0.013164167001247229,-1.5652312668575057,-0.23126483517295426,1.0114105185656586,1.088045702647137,1.1729896916599687,-0.3106708345151734,0.5658586627888598,0.5282880200475306,0.321381215740427,1.5005069667087154,0.22524211730874732,-0.8959139781723708,-1.4754031722152838,1.067335201536074,-0.39630965117286365,-0.1478325977031174,-0.15856141872021912,-0.6102515414703937,-0.2830545335489969,0.6972872631822531,-1.487516985678008,-0.48733705486636936,1.4603625617756277,-1.675924119713411,1.2792152204991627,-0.9207278459623627,-0.0008861320019422081,-0.8985041241930416,-0.21441660615123315,0.6998987433115262,-0.45299199441076254,-0.42113123181798606,-0.7268756437967356,-0.741328480382009,-1.5382390205052534,0.07390298100232684,-0.684219243387516,0.5292965197697015,-1.6603658697045383,0.10437498654161903,-1.3783725803093851,-0.6908341584205404,-0.869934367421128,0.0,0.9555245435886954,-0.7652152725664214,-1.1556227691385148,-0.8567702004198807,-2.4351656342786336,-1.1011992025940822,0.1414761511445306,0.21811133522600912,0.30305532423884074,-1.1806052019363014,-0.3040757046322682,-0.34164634737359734,-0.548553151680701,0.6305725992875875,-0.6446922501123806,-1.7658483455934988,-2.345337539636412,0.19740083411494602,-1.2662440185939916,-1.0177669651242454,-1.028495786141347,-1.4801859088915217,-1.1529889009701249,-0.17264710423887486,-2.357451353099136,-1.3572714222874973,0.5904281943544998,-2.545858487134539,0.40928085307803475,-1.7906622133834906,-0.8708204994230702,-1.854028667781737,-1.1699411497399286,-0.2556258002771692,-1.408516537999458,-1.3766557754066815,-1.682400187385431,-1.6968530239707045,-2.493763564093949,-0.8816215625863686,-1.6397437869762115,-0.42622802381899394,-2.6158904132932337,-0.8511495570470764,-2.3338971238980806,-1.6463587020092358,-1.8254589110098234,-0.9555245435886954,0.0,-1.7207398161551168,-2.1111473127272102,-1.8122947440085762,-3.390690177867329,-2.0567237461827776,-0.8140483924441648,-0.7374132083626863,-0.6524692193498547,-2.136129745524997,-1.2596002482209636,-1.2971708909622928,-1.5040776952693964,-0.32495194430110796,-1.600216793701076,-2.721372889182194,-3.300862083225107,-0.7581237094737494,-2.221768562182687,-1.9732915087129408,-1.9840203297300425,-2.435710452480217,-2.1085134445588203,-1.1281716478275703,-3.3129758966878313,-2.3127959658761927,-0.36509634923419565,-3.5013830307232343,-0.5462436905106607,-2.746186756972186,-1.8263450430117656,-0.1332888516266202,0.5507986664151883,1.4651140158779477,0.31222327815565887,0.34408404074843535,0.038339628769685774,0.023886792184412364,-0.773023747938832,0.8391182535687483,0.08099602917890536,1.294511792336123,-0.8951505971381168,0.8695902591080404,-0.6131573077429637,0.074381114145881,-0.10471909485470654,0.7652152725664214,1.7207398161551168,0.0,-0.3904074965720934,-0.09155492785345931,-1.6699503617122122,-0.3359839300276608,0.906691423710952,0.9833266077924305,1.0682705968052622,-0.41538992936987995,0.4611395679341532,0.4235689251928241,0.21666212088572046,1.3957878718540089,0.12052302245404078,-1.0006330730270774,-1.5801222670699904,0.9626161066813674,-0.5010287460275702,-0.25255169255782395,-0.26328051357492566,-0.7149706363251003,-0.38777362840370344,0.5925681683275466,-1.5922360805327145,-0.5920561497210759,1.3556434669209212,-1.7806432145681175,1.1744961256444562,-1.0254469408170692,-0.10560522685664875,0.2571186449454732,0.9412061629872817,1.855521512450041,0.7026307747277523,0.7344915373205287,0.42874712534177917,0.41429428875650576,-0.3826162513667386,1.2295257501408416,0.47140352575099875,1.6849192889082163,-0.5047431005660235,1.2599977556801338,-0.22274981117087034,0.4647886107179744,0.28568840171738685,1.1556227691385148,2.1111473127272102,0.3904074965720934,0.0,0.2988525687186341,-1.2795428651401188,0.05442356654443259,1.2970989202830454,1.373734104364524,1.4586780933773555,-0.024982432797786558,0.8515470645062466,0.8139764217649175,0.6070696174578138,1.7861953684261023,0.5109305190261342,-0.610225576454984,-1.189714770497897,1.3530236032534608,-0.1106212494554768,0.13785580401426945,0.12712698299716774,-0.3245631397530069,0.0026338681683899523,0.98297566489964,-1.201828583960621,-0.2016486531489825,1.7460509634930146,-1.390235717996024,1.5649036222165496,-0.6350394442449758,0.28480226971544464,-0.041733923773160875,0.6423535942686476,1.556668943731407,0.4037782060091182,0.43563896860189466,0.12989455662314509,0.11544172003787168,-0.6814688200853727,0.9306731814222076,0.17255095703236467,1.3860667201895822,-0.8035956692846575,0.9611451869614998,-0.5216023798895044,0.1659360419993403,-0.013164167001247229,0.8567702004198807,1.8122947440085762,0.09155492785345931,-0.2988525687186341,0.0,-1.578395433858753,-0.2444290021742015,0.9982463515644113,1.0748815356458898,1.1598255246587215,-0.32383500151642064,0.5526944957876125,0.5151238530462834,0.30821704873917977,1.4873427997074682,0.2120779503075001,-0.9090781451736181,-1.488567339216531,1.0541710345348267,-0.4094738181741109,-0.16099676470436464,-0.17172558572146635,-0.623415708471641,-0.29621870055024413,0.6841230961810059,-1.5006811526792552,-0.5005012218676166,1.4471983947743805,-1.6890882867146582,1.2660510534979155,-0.9338920129636099,-0.014050299003189437,1.536661510085592,2.2207490281274005,3.13506437759016,1.982173639867871,2.0140344024606476,1.708289990481898,1.6938371538966246,0.8969266137733802,2.5090686152809605,1.7509463908911176,2.964462154048335,0.7747997645740954,2.5395406208202527,1.0567930539692485,1.7443314758580932,1.5652312668575057,2.4351656342786336,3.390690177867329,1.6699503617122122,1.2795428651401188,1.578395433858753,0.0,1.3339664316845514,2.5766417854231642,2.6532769695046428,2.7382209585174744,1.2545604323423323,2.1310899296463655,2.0935192869050363,1.8866124825979327,3.065738233566221,1.790473384166253,0.6693172886851348,0.08982809464222186,2.6325664683935797,1.168921615684642,1.4173986691543883,1.4066698481372866,0.954979725387112,1.2821767333085088,2.262518530039759,0.07771428117949775,1.0778942119911363,3.0255938286331334,-0.11069285285590524,2.8444464873566684,0.644503420895143,1.5643451348555635,0.20269507840104062,0.8867825964428491,1.8010979459056085,0.6482072081833197,0.6800679707760962,0.3743235587973466,0.35987072221207317,-0.4370398179111712,1.175102183596409,0.41697995920656616,1.6304957223637837,-0.559166667110456,1.2055741891357012,-0.2771733777153029,0.4103650441735418,0.23126483517295426,1.1011992025940822,2.0567237461827776,0.3359839300276608,-0.05442356654443259,0.2444290021742015,-1.3339664316845514,0.0,1.2426753537386128,1.3193105378200913,1.404254526832923,-0.07940599934221915,0.797123497961814,0.7595528552204849,0.5526460509133813,1.7317718018816697,0.4565069524817016,-0.6646491429994166,-1.2441383370423296,1.2986000367090282,-0.1650448159999094,0.08343223746983686,0.07270341645273515,-0.37898670629743947,-0.05178969837604264,0.9285520983552074,-1.2562521505050537,-0.2560722196934151,1.691627396948582,-1.4446592845404567,1.510480055672117,-0.6894630107894084,0.23037870317101206,-1.0399802753375722,-0.35589275729576375,0.5584225921669956,-0.5944681455552931,-0.5626073829625167,-0.8683517949412662,-0.8828046315265397,-1.679715171649784,-0.06757317014220376,-0.8256953945320467,0.3878203686251709,-1.8018420208490689,-0.037101164602911574,-1.5198487314539157,-0.832310309565071,-1.0114105185656586,-0.1414761511445306,0.8140483924441648,-0.906691423710952,-1.2970989202830454,-0.9982463515644113,-2.5766417854231642,-1.2426753537386128,0.0,0.07663518408147851,0.16157917309431014,-1.322081353080832,-0.4455518557767988,-0.48312249851812794,-0.6900293028252316,0.48909644814305686,-0.7861684012569112,-1.9073244967380294,-2.4868136907809424,0.05592468297041542,-1.4077201697385222,-1.159243116268776,-1.1699719372858777,-1.6216620600360523,-1.2944650521146555,-0.31412325538340546,-2.4989275042436665,-1.498747573432028,0.4489520432099692,-2.6873346382790695,0.26780470193350414,-1.9321383645280212,-1.0122966505676008,-1.1166154594190507,-0.43252794137724226,0.4817874080855171,-0.6711033296367717,-0.6392425670439952,-0.9449869790227448,-0.9594398156080182,-1.7563503557312625,-0.14420835422368228,-0.9023305786135252,0.3111851845436924,-1.8784772049305474,-0.11373634868439009,-1.5964839155353943,-0.9089454936465495,-1.088045702647137,-0.21811133522600912,0.7374132083626863,-0.9833266077924305,-1.373734104364524,-1.0748815356458898,-2.6532769695046428,-1.3193105378200913,-0.07663518408147851,0.0,0.08494398901283162,-1.3987165371623105,-0.5221870398582773,-0.5597576825996065,-0.7666644869067101,0.41246126406157835,-0.8628035853383897,-1.983959680819508,-2.563448874862421,-0.020710501111063095,-1.4843553538200007,-1.2358783003502545,-1.2466071213673562,-1.6982972441175308,-1.371100236196134,-0.390758439464884,-2.575562688325145,-1.5753827575135064,0.37231685912849066,-2.763969822360548,0.19116951785202563,-2.0087735486094997,-1.0889318346490793,-1.2015594484318823,-0.5174719303900739,0.3968434190726855,-0.7560473186496033,-0.7241865560568268,-1.0299309680355764,-1.0443838046208498,-1.8412943447440941,-0.2291523432365139,-0.9872745676263568,0.22624119553086075,-1.963421193943379,-0.1986803376972217,-1.6814279045482259,-0.9938894826593812,-1.1729896916599687,-0.30305532423884074,0.6524692193498547,-1.0682705968052622,-1.4586780933773555,-1.1598255246587215,-2.7382209585174744,-1.404254526832923,-0.16157917309431014,-0.08494398901283162,0.0,-1.483660526175142,-0.6071310288711089,-0.6447016716124381,-0.8516084759195417,0.3275172750487467,-0.9477475743512214,-2.0689036698323395,-2.6483928638752525,-0.10565449012389472,-1.5692993428328323,-1.320822289363086,-1.3315511103801878,-1.7832412331303624,-1.4560442252089656,-0.4757024284777156,-2.6605066773379766,-1.660326746526338,0.28737287011565904,-2.8489138113733796,0.106225528839194,-2.0937175376223314,-1.173875823661911,0.28210107774325976,0.9661885957850682,1.8805039452478276,0.7276132075255388,0.7594739701183153,0.4537295581395657,0.4392767215542923,-0.35763381856895204,1.2545081829386282,0.4963859585487853,1.7099017217060029,-0.4797606677682369,1.2849801884779204,-0.19776737837308378,0.48977104351576095,0.3106708345151734,1.1806052019363014,2.136129745524997,0.41538992936987995,0.024982432797786558,0.32383500151642064,-1.2545604323423323,0.07940599934221915,1.322081353080832,1.3987165371623105,1.483660526175142,0.0,0.8765294973040332,0.838958854562704,0.6320520502556004,1.8111778012238888,0.5359129518239207,-0.5852431436571974,-1.1647323377001104,1.3780060360512474,-0.08563881665769024,0.162838236812056,0.1521094157949543,-0.2995807069552203,0.02761630096617651,1.0079580976974265,-1.1768461511628345,-0.17666622035119595,1.7710333962908011,-1.3652532851982375,1.589886055014336,-0.6100570114471893,0.3097847025132312,-0.5944284195607734,0.08965909848103504,1.0039744479437944,-0.14891628977849436,-0.11705552718571788,-0.42279993916446745,-0.43725277574974086,-1.2341633158729852,0.377978685634595,-0.38014353875524787,0.8333722244019697,-1.35629016507227,0.4084506911738872,-1.074296875677117,-0.3867584537882722,-0.5658586627888598,0.3040757046322682,1.2596002482209636,-0.4611395679341532,-0.8515470645062466,-0.5526944957876125,-2.1310899296463655,-0.797123497961814,0.4455518557767988,0.5221870398582773,0.6071310288711089,-0.8765294973040332,0.0,-0.03757064274132915,-0.24447744704843277,0.9346483039198556,-0.34061654548011244,-1.4617726409612306,-2.0412618350041436,0.5014765387472142,-0.9621683139617234,-0.7136912604919772,-0.7244200815090789,-1.1761102042592535,-0.8489131963378567,0.13142860039339332,-2.0533756484668677,-1.0531957176552291,0.894503898986768,-2.2417827825022707,0.7133565577103029,-1.4865865087512224,-0.566744794790802,-0.5568577768194443,0.1272297412223642,1.0415450906851236,-0.11134564703716521,-0.07948488444438873,-0.3852292964231383,-0.3996821330084117,-1.196592673131656,0.4155493283759242,-0.3425728960139187,0.8709428671432988,-1.318719522330941,0.44602133391521637,-1.0367262329357878,-0.3491878110469431,-0.5282880200475306,0.34164634737359734,1.2971708909622928,-0.4235689251928241,-0.8139764217649175,-0.5151238530462834,-2.0935192869050363,-0.7595528552204849,0.48312249851812794,0.5597576825996065,0.6447016716124381,-0.838958854562704,0.03757064274132915,0.0,-0.20690680430710362,0.9722189466611848,-0.3030459027387833,-1.4242019982199015,-2.0036911922628144,0.5390471814885434,-0.9245976712203943,-0.676120617750648,-0.6868494387677497,-1.1385395615179243,-0.8113425535965275,0.16899924313472248,-2.0158050057255386,-1.0156250749139,0.9320745417280971,-2.2042121397609415,0.7509272004516321,-1.4490158660098933,-0.5291741520494728,-0.34995097251234064,0.3341365455294678,1.2484518949922272,0.09556115726993841,0.1274219198627149,-0.17832249211603468,-0.1927753287013081,-0.9896858688245525,0.6224561326830278,-0.1356660917068151,1.0778496714504024,-1.1118127180238373,0.65292813822232,-0.8298194286286842,-0.14228100673983946,-0.321381215740427,0.548553151680701,1.5040776952693964,-0.21666212088572046,-0.6070696174578138,-0.30821704873917977,-1.8866124825979327,-0.5526460509133813,0.6900293028252316,0.7666644869067101,0.8516084759195417,-0.6320520502556004,0.24447744704843277,0.20690680430710362,0.0,1.1791257509682884,-0.09613909843167967,-1.2172951939127978,-1.7967843879557108,0.745953985795647,-0.7176908669132906,-0.4692138134435444,-0.4799426344606461,-0.9316327572108207,-0.6044357492894239,0.3759060474418261,-1.808898201418435,-0.8087182706067964,1.1389813460352007,-1.997305335453838,0.9578340047587357,-1.2421090617027897,-0.3222673477423692,-1.529076723480629,-0.8449892054388206,0.06932614402393877,-1.08356459369835,-1.0517038311055735,-1.357448243084323,-1.3719010796695965,-2.168811619792841,-0.5566696182852606,-1.3147918426751035,-0.10127607951788598,-2.2909384689921257,-0.5261976127459684,-2.0089451795969726,-1.3214067577081279,-1.5005069667087154,-0.6305725992875875,0.32495194430110796,-1.3957878718540089,-1.7861953684261023,-1.4873427997074682,-3.065738233566221,-1.7317718018816697,-0.48909644814305686,-0.41246126406157835,-0.3275172750487467,-1.8111778012238888,-0.9346483039198556,-0.9722189466611848,-1.1791257509682884,0.0,-1.275264849399968,-2.3964209448810863,-2.9759101389239992,-0.43317176517264144,-1.896816617881579,-1.6483395644118328,-1.6590683854289345,-2.110758508179109,-1.7835615002577123,-0.8032197035264623,-2.9880239523867234,-1.9878440215750848,-0.040144404933087685,-3.1764310864221263,-0.22129174620955272,-2.421234812671078,-1.5013930987106576,-0.25381187408066097,0.4302756439611475,1.3445909934239069,0.19170025570161808,0.22356101829439456,-0.08218339368435501,-0.09663623026962842,-0.8935467703928728,0.7185952311147075,-0.039526993275135425,1.1739887698820821,-1.0156736195921576,0.7490672366539997,-0.7336803301970045,-0.046141908308159785,-0.22524211730874732,0.6446922501123806,1.600216793701076,-0.12052302245404078,-0.5109305190261342,-0.2120779503075001,-1.790473384166253,-0.4565069524817016,0.7861684012569112,0.8628035853383897,0.9477475743512214,-0.5359129518239207,0.34061654548011244,0.3030459027387833,0.09613909843167967,1.275264849399968,0.0,-1.1211560954811182,-1.7006452895240312,0.8420930842273266,-0.621551768481611,-0.37307471501186473,-0.38380353602896644,-0.8354936587791411,-0.5082966508577442,0.47204514587350577,-1.7127591029867553,-0.7125791721751167,1.2351204444668804,-1.9011662370221583,1.0539731031904154,-1.14596996327111,-0.22612824931068953,0.8673442214004572,1.5514317394422656,2.465747088905025,1.3128563511827362,1.3447171137755127,1.0389727017967632,1.0245198652114897,0.22760932508824538,1.8397513265958256,1.0816291022059827,2.2951448653632003,0.10548247588896054,1.8702233321351178,0.38747576528411365,1.0750141871729584,0.8959139781723708,1.7658483455934988,2.721372889182194,1.0006330730270774,0.610225576454984,0.9090781451736181,-0.6693172886851348,0.6646491429994166,1.9073244967380294,1.983959680819508,2.0689036698323395,0.5852431436571974,1.4617726409612306,1.4242019982199015,1.2172951939127978,2.3964209448810863,1.1211560954811182,0.0,-0.579489194042913,1.9632491797084448,0.4996043269995072,0.7480813804692534,0.7373525594521517,0.2856624367019771,0.6128594446233739,1.593201241354624,-0.5916030075056371,0.4085769233060015,2.3562765399479986,-0.7800101415410401,2.1751291986715335,-0.02481386778999184,0.8950278461704286,1.4468334154433702,2.1309209334851786,3.045236282947938,1.8923455452256492,1.9242063078184257,1.6184618958396761,1.6040090592544027,0.8070985191311584,2.4192405206387386,1.6611182962488957,2.8746340594061133,0.6849716699318735,2.449712526178031,0.9669649593270266,1.6545033812158714,1.4754031722152838,2.345337539636412,3.300862083225107,1.5801222670699904,1.189714770497897,1.488567339216531,-0.08982809464222186,1.2441383370423296,2.4868136907809424,2.563448874862421,2.6483928638752525,1.1647323377001104,2.0412618350041436,2.0036911922628144,1.7967843879557108,2.9759101389239992,1.7006452895240312,0.579489194042913,0.0,2.542738373751358,1.0790935210424202,1.3275705745121664,1.3168417534950647,0.8651516307448901,1.192348638666287,2.172690435397537,-0.01211381346272411,0.9880661173489145,2.9357657339909116,-0.2005209474981271,2.7546183927144465,0.5546753262529212,1.4745170402133416,-1.0959049583079876,-0.41181744026617917,0.5024979091965802,-0.6503928285257086,-0.6185320659329321,-0.9242764779116817,-0.9387293144969551,-1.7356398546201994,-0.12349785311261918,-0.8816200775024621,0.33189568565475547,-1.8577667038194843,-0.09302584757332699,-1.5757734144243312,-0.8882349925354864,-1.067335201536074,-0.19740083411494602,0.7581237094737494,-0.9626161066813674,-1.3530236032534608,-1.0541710345348267,-2.6325664683935797,-1.2986000367090282,-0.05592468297041542,0.020710501111063095,0.10565449012389472,-1.3780060360512474,-0.5014765387472142,-0.5390471814885434,-0.745953985795647,0.43317176517264144,-0.8420930842273266,-1.9632491797084448,-2.542738373751358,0.0,-1.4636448527089376,-1.2151677992391914,-1.225896620256293,-1.6775867430064677,-1.3503897350850709,-0.3700479383538209,-2.554852187214082,-1.5546722564024433,0.39302736023955376,-2.743259321249485,0.21188001896308872,-1.9880630474984367,-1.0682213335380162,0.36773989440095,1.0518274124427585,1.9661427619055178,0.8132520241832291,0.8451127867760055,0.539368374797256,0.5249155382119826,-0.2719950019112618,1.3401469995963184,0.5820247752064756,1.795540538363693,-0.39412185111054665,1.3706190051356106,-0.11212856171539354,0.5754098601734512,0.39630965117286365,1.2662440185939916,2.221768562182687,0.5010287460275702,0.1106212494554768,0.4094738181741109,-1.168921615684642,0.1650448159999094,1.4077201697385222,1.4843553538200007,1.5692993428328323,0.08563881665769024,0.9621683139617234,0.9245976712203943,0.7176908669132906,1.896816617881579,0.621551768481611,-0.4996043269995072,-1.0790935210424202,1.4636448527089376,0.0,0.24847705346974625,0.23774823245264454,-0.21394189029753008,0.11325511762386675,1.0935969143551167,-1.0912073345051443,-0.0910274036935057,1.8566722129484914,-1.2796144685405473,1.6755248716720264,-0.524418194789499,0.39542351917092144,0.11926284093120376,0.8033503589730122,1.7176657084357716,0.5647749707134828,0.5966357333062593,0.2908913213275097,0.2764384847422363,-0.520472055381008,1.0916699461265722,0.3335477217367293,1.5470634848939468,-0.6425989045802929,1.1221419516658644,-0.3606056151851398,0.32693280670370495,0.1478325977031174,1.0177669651242454,1.9732915087129408,0.25255169255782395,-0.13785580401426945,0.16099676470436464,-1.4173986691543883,-0.08343223746983686,1.159243116268776,1.2358783003502545,1.320822289363086,-0.162838236812056,0.7136912604919772,0.676120617750648,0.4692138134435444,1.6483395644118328,0.37307471501186473,-0.7480813804692534,-1.3275705745121664,1.2151677992391914,-0.24847705346974625,0.0,-0.010728821017101708,-0.4624189437672763,-0.1352219358458795,0.8451198608853705,-1.3396843879748905,-0.33950445716325195,1.6081951594787451,-1.5280915220102935,1.42704781820228,-0.7728952482592453,0.1469464657011752,0.12999166194830547,0.8140791799901139,1.7283945294528733,0.5755037917305845,0.607364554323361,0.30162014234461143,0.287167305759338,-0.5097432343639063,1.102398767143674,0.344276542753831,1.5577923059110486,-0.6318700835631912,1.132870772682966,-0.3498767941680381,0.33766162772080666,0.15856141872021912,1.028495786141347,1.9840203297300425,0.26328051357492566,-0.12712698299716774,0.17172558572146635,-1.4066698481372866,-0.07270341645273515,1.1699719372858777,1.2466071213673562,1.3315511103801878,-0.1521094157949543,0.7244200815090789,0.6868494387677497,0.4799426344606461,1.6590683854289345,0.38380353602896644,-0.7373525594521517,-1.3168417534950647,1.225896620256293,-0.23774823245264454,0.010728821017101708,0.0,-0.4516901227501746,-0.12449311482877778,0.8558486819024722,-1.3289555669577888,-0.32877563614615024,1.6189239804958468,-1.5173627009931918,1.4377766392193818,-0.7621664272421436,0.1576752867182769,0.5816817846984801,1.2657693027402885,2.180084652203048,1.0271939144807591,1.0590546770735356,0.753310265094786,0.7388574285095126,-0.05805311161373172,1.5540888898938485,0.7959666655040056,2.009482428661223,-0.18017996081301657,1.5845608954331407,0.10181332858213654,0.7893517504709813,0.6102515414703937,1.4801859088915217,2.435710452480217,0.7149706363251003,0.3245631397530069,0.623415708471641,-0.954979725387112,0.37898670629743947,1.6216620600360523,1.6982972441175308,1.7832412331303624,0.2995807069552203,1.1761102042592535,1.1385395615179243,0.9316327572108207,2.110758508179109,0.8354936587791411,-0.2856624367019771,-0.8651516307448901,1.6775867430064677,0.21394189029753008,0.4624189437672763,0.4516901227501746,0.0,0.32719700792139683,1.3075388046526468,-0.8772654442076142,0.12291448660402438,2.0706141032460215,-1.0656725782430172,1.8894667619695564,-0.31047630449196895,0.6093654094684515,0.25448477677708325,0.9385722948188917,1.852887644281651,0.6999969065593623,0.7318576691521388,0.4261132571733892,0.4116604205881158,-0.38525011953512855,1.2268918819724517,0.4687696575826088,1.6822854207398263,-0.5073769687344134,1.2573638875117439,-0.2253836793392603,0.46215474254958444,0.2830545335489969,1.1529889009701249,2.1085134445588203,0.38777362840370344,-0.0026338681683899523,0.29621870055024413,-1.2821767333085088,0.05178969837604264,1.2944650521146555,1.371100236196134,1.4560442252089656,-0.02761630096617651,0.8489131963378567,0.8113425535965275,0.6044357492894239,1.7835615002577123,0.5082966508577442,-0.6128594446233739,-1.192348638666287,1.3503897350850709,-0.11325511762386675,0.1352219358458795,0.12449311482877778,-0.32719700792139683,0.0,0.98034179673125,-1.204462452129011,-0.20428252131737246,1.7434170953246246,-1.392869586164414,1.5622697540481596,-0.6376733124133658,0.2821684015470547,-0.7258570199541667,-0.04176950191235829,0.8725458475504011,-0.2803448901718877,-0.2484841275791112,-0.5542285395578608,-0.5686813761431342,-1.3655919162663785,0.2465500852412017,-0.5115721391486412,0.7019436240085764,-1.4877187654656634,0.2770220907804939,-1.2057254760705103,-0.5181870541816656,-0.6972872631822531,0.17264710423887486,1.1281716478275703,-0.5925681683275466,-0.98297566489964,-0.6841230961810059,-2.262518530039759,-0.9285520983552074,0.31412325538340546,0.390758439464884,0.4757024284777156,-1.0079580976974265,-0.13142860039339332,-0.16899924313472248,-0.3759060474418261,0.8032197035264623,-0.47204514587350577,-1.593201241354624,-2.172690435397537,0.3700479383538209,-1.0935969143551167,-0.8451198608853705,-0.8558486819024722,-1.3075388046526468,-0.98034179673125,0.0,-2.184804248860261,-1.1846243180486224,0.7630752985933746,-2.373211382895664,0.5819279573169096,-1.6180151091446158,-0.6981733951841953,1.4589472289060943,2.1430347469479027,3.057350096410662,1.9044593586883733,1.9363201212811498,1.6305757093024003,1.6161228727171268,0.8192123325938825,2.4313543341014627,1.6732321097116198,2.8867478728688374,0.6970854833945976,2.461826339640755,0.9790787727897508,1.6666171946785955,1.487516985678008,2.357451353099136,3.3129758966878313,1.5922360805327145,1.201828583960621,1.5006811526792552,-0.07771428117949775,1.2562521505050537,2.4989275042436665,2.575562688325145,2.6605066773379766,1.1768461511628345,2.0533756484668677,2.0158050057255386,1.808898201418435,2.9880239523867234,1.7127591029867553,0.5916030075056371,0.01211381346272411,2.554852187214082,1.0912073345051443,1.3396843879748905,1.3289555669577888,0.8772654442076142,1.204462452129011,2.184804248860261,0.0,1.0001799308116386,2.9478795474536357,-0.188407134035403,2.7667322061771706,0.5667891397156453,1.4866308536760657,0.4587672980944557,1.1428548161362642,2.0571701655990235,0.9042794278767348,0.9361401904695112,0.6303957784907617,0.6159429419054883,-0.1809675982177561,1.4311744032898241,0.6730521788999813,1.8865679420571988,-0.30309444741704095,1.4616464088291163,-0.021101158021887834,0.6664372638669569,0.48733705486636936,1.3572714222874973,2.3127959658761927,0.5920561497210759,0.2016486531489825,0.5005012218676166,-1.0778942119911363,0.2560722196934151,1.498747573432028,1.5753827575135064,1.660326746526338,0.17666622035119595,1.0531957176552291,1.0156250749139,0.8087182706067964,1.9878440215750848,0.7125791721751167,-0.4085769233060015,-0.9880661173489145,1.5546722564024433,0.0910274036935057,0.33950445716325195,0.32877563614615024,-0.12291448660402438,0.20428252131737246,1.1846243180486224,-1.0001799308116386,0.0,1.947699616641997,-1.1885870648470416,1.766552275365532,-0.4333907910959933,0.48645092286442715,-1.4889323185475414,-0.8048448005057329,0.10947054895702646,-1.0434201887652623,-1.0115594261724858,-1.3173038381512354,-1.3317566747365088,-2.128667214859753,-0.5165252133521729,-1.2746474377420158,-0.06113167458479829,-2.250794064059038,-0.48605320781288075,-1.968800774663885,-1.2812623527750402,-1.4603625617756277,-0.5904281943544998,0.36509634923419565,-1.3556434669209212,-1.7460509634930146,-1.4471983947743805,-3.0255938286331334,-1.691627396948582,-0.4489520432099692,-0.37231685912849066,-0.28737287011565904,-1.7710333962908011,-0.894503898986768,-0.9320745417280971,-1.1389813460352007,0.040144404933087685,-1.2351204444668804,-2.3562765399479986,-2.9357657339909116,-0.39302736023955376,-1.8566722129484914,-1.6081951594787451,-1.6189239804958468,-2.0706141032460215,-1.7434170953246246,-0.7630752985933746,-2.9478795474536357,-1.947699616641997,0.0,-3.1362866814890387,-0.18114734127646503,-2.3810904077379904,-1.46124869377757,1.6473543629414973,2.3314418809833057,3.245757230446065,2.0928664927237763,2.124727255316553,1.8189828433378032,1.8045300067525298,1.0076194666292855,2.6197614681368657,1.8616392437470228,3.0751550069042404,0.8854926174300006,2.650233473676158,1.1674859068251537,1.8550243287139985,1.675924119713411,2.545858487134539,3.5013830307232343,1.7806432145681175,1.390235717996024,1.6890882867146582,0.11069285285590524,1.4446592845404567,2.6873346382790695,2.763969822360548,2.8489138113733796,1.3652532851982375,2.2417827825022707,2.2042121397609415,1.997305335453838,3.1764310864221263,1.9011662370221583,0.7800101415410401,0.2005209474981271,2.743259321249485,1.2796144685405473,1.5280915220102935,1.5173627009931918,1.0656725782430172,1.392869586164414,2.373211382895664,0.188407134035403,1.1885870648470416,3.1362866814890387,0.0,2.9551393402125736,0.7551962737510483,1.6750379877114687,-1.3077849772710763,-0.6236974592292679,0.2906178902334915,-0.8622728474887973,-0.8304120848960208,-1.1361564968747704,-1.1506093334600438,-1.9475198735832882,-0.3353778720757079,-1.0935000964655508,0.12001566669166674,-2.069646722782573,-0.3049058665364157,-1.7876534333874199,-1.1001150114985752,-1.2792152204991627,-0.40928085307803475,0.5462436905106607,-1.1744961256444562,-1.5649036222165496,-1.2660510534979155,-2.8444464873566684,-1.510480055672117,-0.26780470193350414,-0.19116951785202563,-0.106225528839194,-1.589886055014336,-0.7133565577103029,-0.7509272004516321,-0.9578340047587357,0.22129174620955272,-1.0539731031904154,-2.1751291986715335,-2.7546183927144465,-0.21188001896308872,-1.6755248716720264,-1.42704781820228,-1.4377766392193818,-1.8894667619695564,-1.5622697540481596,-0.5819279573169096,-2.7667322061771706,-1.766552275365532,0.18114734127646503,-2.9551393402125736,0.0,-2.1999430664615254,-1.280101352501105,0.892158089190449,1.5762456072322575,2.490560956695017,1.337670218972728,1.3695309815655046,1.063786569586755,1.0493337330014816,0.2524231928782372,1.8645651943858175,1.1064429699959746,2.319958733153192,0.13029634367895238,1.8950371999251097,0.4122896330741055,1.0998280549629502,0.9207278459623627,1.7906622133834906,2.746186756972186,1.0254469408170692,0.6350394442449758,0.9338920129636099,-0.644503420895143,0.6894630107894084,1.9321383645280212,2.0087735486094997,2.0937175376223314,0.6100570114471893,1.4865865087512224,1.4490158660098933,1.2421090617027897,2.421234812671078,1.14596996327111,0.02481386778999184,-0.5546753262529212,1.9880630474984367,0.524418194789499,0.7728952482592453,0.7621664272421436,0.31047630449196895,0.6376733124133658,1.6180151091446158,-0.5667891397156453,0.4333907910959933,2.3810904077379904,-0.7551962737510483,2.1999430664615254,0.0,0.9198417139604205,-0.027683624769971438,0.656403893271837,1.5707192427345964,0.4178285050123076,0.4496892676050841,0.14394485562633452,0.1294920190410611,-0.6674185210821832,0.944723480425397,0.1866012560355541,1.4001170191927717,-0.7895453702814681,0.9751954859646892,-0.507552080886315,0.17998634100252975,0.0008861320019422081,0.8708204994230702,1.8263450430117656,0.10560522685664875,-0.28480226971544464,0.014050299003189437,-1.5643451348555635,-0.23037870317101206,1.0122966505676008,1.0889318346490793,1.173875823661911,-0.3097847025132312,0.566744794790802,0.5291741520494728,0.3222673477423692,1.5013930987106576,0.22612824931068953,-0.8950278461704286,-1.4745170402133416,1.0682213335380162,-0.39542351917092144,-0.1469464657011752,-0.1576752867182769,-0.6093654094684515,-0.2821684015470547,0.6981733951841953,-1.4866308536760657,-0.48645092286442715,1.46124869377757,-1.6750379877114687,1.280101352501105,-0.9198417139604205,0.0,0.0,-3.3119625561694583,-0.5423348689641774,-1.1254947276158962,-0.3822346383794333,-3.4820639062955454,-0.8803567159020771,-1.6261539327748276,-1.1483389040756151,-2.1631942777410114,-2.5304983122375466,-2.8429489474399183,-2.4175185504795333,-2.1628159709887234,-2.178845735104722,-1.4655705845866178,-3.838618401428339,-1.0564520303666285,-0.3127179143853178,-0.6128228936392848,-2.7219987019482588,-1.9533982849662888,-1.1109153722790266,-2.598333425877933,-0.3128192873834106,-0.8224133456735103,-0.09829407910359311,-0.911769197309769,-3.387583636902222,-1.1006966437831283,-1.3591731443608985,-2.355213156037843,-2.5245523031707364,-1.22983479141224,-3.67851092991516,-1.2208012250538403,-2.6848161533313526,-2.504763607959978,-0.5578556085145543,-2.843765266845627,-0.7192670187983374,-2.0940899055662117,-2.914075317121825,-1.0977513008666842,-1.2643761796239037,-0.8774162637881728,-1.4679827029924075,3.3119625561694583,0.0,2.769627687205281,2.186467828553562,2.929727917790025,-0.17010135012608707,2.4316058402673812,1.6858086233946308,2.163623652093843,1.148768278428447,0.7814642439319117,0.46901360872954,0.894444005689925,1.149146585180735,1.1331168210647364,1.8463919715828405,-0.5266558452588805,2.25551052580283,2.9992446417841405,2.6991396625301736,0.5899638542211996,1.3585642712031696,2.2010471838904317,0.7136291302915252,2.9991432687860478,2.489549210495948,3.2136684770658652,2.4001933588596893,-0.07562108073276352,2.21126591238633,1.9527894118085598,0.9567494001316152,0.7874102529987219,2.0821277647572183,-0.3665483737457018,2.091161331115618,0.6271464028381057,0.8071989482094803,2.754106947654904,0.46819728932383153,2.592695537371121,1.2178726506032467,0.3978872390476331,2.214211255302774,2.0475863765455546,2.4345462923812855,1.8439798531770508,0.5423348689641774,-2.769627687205281,0.0,-0.5831598586517188,0.1601002305847441,-2.939729037331368,-0.3380218469378997,-1.0838190638106502,-0.6060040351114377,-1.620859408776834,-1.9881634432733692,-2.300614078475741,-1.875183681515356,-1.620481102024546,-1.6365108661405445,-0.9232357156224404,-3.2962835324641615,-0.5141171614024511,0.22961695457885956,-0.0704880246751074,-2.1796638329840814,-1.4110634160021114,-0.5685805033148492,-2.0559985569137558,0.2295155815807668,-0.28007847670933295,0.44404078986058426,-0.36943432834559164,-2.8452487679380445,-0.5583617748189509,-0.8168382753967212,-1.8128782870736657,-1.982217434206559,-0.6874999224480627,-3.136176060950983,-0.6784663560896629,-2.142481284367175,-1.9624287389958006,-0.015520739550376916,-2.3014303978814494,-0.17693214983416006,-1.5517550366020343,-2.371740448157648,-0.5554164319025068,-0.7220413106597263,-0.33508139482399546,-0.9256478340282301,1.1254947276158962,-2.186467828553562,0.5831598586517188,0.0,0.7432600892364629,-2.356569178679649,0.2451380117138191,-0.5006592051589314,-0.022844176459718923,-1.0376995501251152,-1.4050035846216504,-1.7174542198240221,-1.2920238228636372,-1.0373212433728272,-1.0533510074888257,-0.3400758569707216,-2.7131236738124427,0.0690426972492677,0.8127768132305784,0.5126718339766114,-1.5965039743323626,-0.8279035573503926,0.014579355336869604,-1.472838698262037,0.8126754402324856,0.3030813819423859,1.027200648512303,0.21372553030612718,-2.2620889092863257,0.024798083832767936,-0.23367841674500234,-1.229718428421947,-1.3990575755548402,-0.10434006379634386,-2.553016202299264,-0.09530649743794406,-1.5593214257154564,-1.3792688803440818,0.5676391191013419,-1.7182705392297306,0.40622770881755876,-0.9685951779503155,-1.788580589505929,0.02774342674921204,-0.1388814520080075,0.24807846382772336,-0.3424879753765113,0.3822346383794333,-2.929727917790025,-0.1601002305847441,-0.7432600892364629,0.0,-3.099829267916112,-0.4981220775226438,-1.2439192943953943,-0.7661042656961818,-1.780959639361578,-2.1482636738581133,-2.460714309060485,-2.0352839121001,-1.78058133260929,-1.7966110967252886,-1.0833359462071845,-3.4563837630489056,-0.6742173919871952,0.06951672399411546,-0.2305882552598515,-2.3397640635688255,-1.5711636465868555,-0.7286807338995933,-2.2160987874985,0.0694153509960227,-0.44017870729407704,0.28394055927584017,-0.5295345589303357,-3.0053489985227886,-0.718462005403695,-0.9769385059814653,-1.9729785176584098,-2.142317664791303,-0.8476001530328068,-3.296276291535727,-0.838566586674407,-2.3025815149519193,-2.1225289695805447,-0.175620970135121,-2.4615306284661935,-0.33703238041890415,-1.7118552671867784,-2.531840678742392,-0.7155166624872509,-0.8821415412444704,-0.49518162540873956,-1.0857480646129742,3.4820639062955454,0.17010135012608707,2.939729037331368,2.356569178679649,3.099829267916112,0.0,2.6017071903934683,1.8559099735207178,2.3337250022199303,1.318869628554534,0.9515655940579988,0.6391149588556271,1.064545355816012,1.319247935306822,1.3032181711908235,2.0164933217089276,-0.35655449513279347,2.425611875928917,3.1693459919102276,2.8692410126562606,0.7600652043472866,1.5286656213292567,2.371148534016519,0.8837304804176123,3.169244618912135,2.659650560622035,3.3837698271919523,2.5702947089857764,0.09448026939332355,2.381367262512417,2.122890761934647,1.1268507502577023,0.957511603124809,2.2522291148833053,-0.19644702361961475,2.261262681241705,0.7972477529641928,0.9773002983355674,2.924208297780991,0.6382986394499186,2.762796887497208,1.3879740007293337,0.5679885891737202,2.3843126054288613,2.2176877266716417,2.6046476425073726,2.014081203303138,0.8803567159020771,-2.4316058402673812,0.3380218469378997,-0.2451380117138191,0.4981220775226438,-2.6017071903934683,0.0,-0.7457972168727505,-0.267982188173538,-1.2828375618389343,-1.6501415963354695,-1.9625922315378412,-1.5371618345774563,-1.2824592550866463,-1.2984890192026448,-0.5852138686845407,-2.958261685526262,-0.1760953144645514,0.5676388015167593,0.2675338222627923,-1.8416419860461817,-1.0730415690642117,-0.2305586563769495,-1.717976709975856,0.5675374285186665,0.05794337022856677,0.782062636798484,-0.03141248140769193,-2.5072269210001448,-0.22033992788105117,-0.47881642845882144,-1.474856440135766,-1.6441955872686593,-0.34947807551016297,-2.798154214013083,-0.34044450915176316,-1.8044594374292755,-1.624406892057901,0.3225011073875228,-1.9634085509435497,0.16108969710373966,-1.2137331896641346,-2.033718601219748,-0.21739458496460706,-0.3840194637218266,0.002940452113904257,-0.5876259870903304,1.6261539327748276,-1.6858086233946308,1.0838190638106502,0.5006592051589314,1.2439192943953943,-1.8559099735207178,0.7457972168727505,0.0,0.47781502869921244,-0.5370403449661838,-0.9043443794627191,-1.2167950146650908,-0.7913646177047058,-0.5366620382138958,-0.5526918023298943,0.16058334818820974,-2.2124644686535113,0.5697019024081991,1.3134360183895097,1.0133310391355428,-1.0958447691734312,-0.3272443521914612,0.515238560495801,-0.9721794931031056,1.313334645391417,0.8037405871013172,1.5278598536712344,0.7143847354650585,-1.7614297041273943,0.5254572889916993,0.266980788413929,-0.7290592232630155,-0.8983983703959089,0.3963191413625875,-2.0523569971403326,0.4053527077209873,-1.058662220556525,-0.8786096751851504,1.0682983242602733,-1.2176113340707992,0.9068869139764901,-0.4679359727913841,-1.2879213843469977,0.5284026319081434,0.36177775315092386,0.7487376689866547,0.15817122978242004,1.1483389040756151,-2.163623652093843,0.6060040351114377,0.022844176459718923,0.7661042656961818,-2.3337250022199303,0.267982188173538,-0.47781502869921244,0.0,-1.0148553736653962,-1.3821594081619315,-1.6946100433643032,-1.2691796464039182,-1.0144770669131082,-1.0305068310291068,-0.3172316805110027,-2.6902794973527238,0.09188687370898663,0.8356209896902973,0.5355160104363303,-1.5736597978726437,-0.8050593808906736,0.03742353179658853,-1.449994521802318,0.8355196166922045,0.3259255584021048,1.050044824972022,0.2365697067658461,-2.2392447328266067,0.04764226029248686,-0.21083424028528341,-1.206874251962228,-1.3762133990951213,-0.08149588733662494,-2.530172025839545,-0.07246232097822514,-1.5364772492557375,-1.3564247038843629,0.5904832955610608,-1.6954263627700117,0.4290718852772777,-0.9457510014905965,-1.76573641304621,0.050587603208930965,-0.11603727554828858,0.2709226402874423,-0.3196437989167924,2.1631942777410114,-1.148768278428447,1.620859408776834,1.0376995501251152,1.780959639361578,-1.318869628554534,1.2828375618389343,0.5370403449661838,1.0148553736653962,0.0,-0.36730403449653526,-0.679754669698907,-0.254324272738522,0.0003783067522880046,-0.01565145736371054,0.6976236931543935,-1.6754241236873275,1.1067422473743829,1.8504763633556935,1.5503713841017266,-0.5588044242072474,0.2097959927747226,1.0522789054619848,-0.4351391481369218,1.8503749903576008,1.340780932067501,2.0649001986374182,1.2514250804312423,-1.2243893591612105,1.062497633957883,0.8040211333801128,-0.19201887829683173,-0.36135802542972506,0.9333594863287713,-1.5153166521741488,0.9423930526871711,-0.5216218755903412,-0.3415693302189666,1.605338669226457,-0.6805709891046154,1.443927258942674,0.0691043721747997,-0.7508810393808139,1.0654429768743272,0.8988180981171077,1.2857780139528385,0.6952115747486038,2.5304983122375466,-0.7814642439319117,1.9881634432733692,1.4050035846216504,2.1482636738581133,-0.9515655940579988,1.6501415963354695,0.9043443794627191,1.3821594081619315,0.36730403449653526,0.0,-0.3124506352023717,0.11297976175801328,0.36768234124882326,0.3516525771328247,1.0649277276509288,-1.3081200891907923,1.4740462818709181,2.217780397852229,1.9176754185982618,-0.19150038971071215,0.5771000272712579,1.41958293995852,-0.06783511364038652,2.217679024854136,1.7080849665640363,2.4322042331339535,1.6187291149277776,-0.8570853246646752,1.4298016684544184,1.171325167876648,0.17528515619970353,0.005946009066810198,1.3006635208253066,-1.1480126176776135,1.3096970871837064,-0.15431784109380597,0.025734704277568632,1.9726427037229923,-0.3132669546080802,1.8112312934392092,0.43640840667133496,-0.3835770048842786,1.4327470113708625,1.266122132613643,1.6530820484493738,1.062515609245139,2.8429489474399183,-0.46901360872954,2.300614078475741,1.7174542198240221,2.460714309060485,-0.6391149588556271,1.9625922315378412,1.2167950146650908,1.6946100433643032,0.679754669698907,0.3124506352023717,0.0,0.425430396960385,0.680132976451195,0.6641032123351964,1.3773783628533005,-0.9956694539884205,1.7864969170732898,2.5302310330546005,2.2301260538006336,0.12095024549165956,0.8895506624736296,1.7320335751608917,0.24461552156198518,2.5301296600565077,2.020535601766408,2.744654868336325,1.9311797501301493,-0.5446346894623035,1.74225230365679,1.4837758030790198,0.48773579140207524,0.3183966442691819,1.6131141560276783,-0.8355619824752418,1.622147722386078,0.15813279410856573,0.33818533947994034,2.285093338925364,-0.0008163194057084766,2.123681928641581,0.7488590418737067,-0.07112636968190689,1.7451976465732342,1.5785727678160146,1.9655326836517455,1.3749662444475108,2.4175185504795333,-0.894444005689925,1.875183681515356,1.2920238228636372,2.0352839121001,-1.064545355816012,1.5371618345774563,0.7913646177047058,1.2691796464039182,0.254324272738522,-0.11297976175801328,-0.425430396960385,0.0,0.25470257949081,0.23867281537481144,0.9519479658929155,-1.4210998509488055,1.3610665201129049,2.1048006360942155,1.8046956568402486,-0.3044801514687254,0.4641202655132446,1.3066031782005068,-0.1808148753983998,2.1046992630961228,1.595105204806023,2.3192244713759402,1.5057493531697643,-0.9700650864226885,1.316821906696405,1.0583454061186348,0.062305394441690254,-0.10703375269120308,1.1876837590672933,-1.2609923794356268,1.196717325425693,-0.26729760285181925,-0.08724505748044464,1.859662941964979,-0.42624671636609346,1.698251531681196,0.3234286449133217,-0.49655676664229187,1.3197672496128492,1.1531423708556297,1.5401022866913605,0.9495358474871258,2.1628159709887234,-1.149146585180735,1.620481102024546,1.0373212433728272,1.78058133260929,-1.319247935306822,1.2824592550866463,0.5366620382138958,1.0144770669131082,-0.0003783067522880046,-0.36768234124882326,-0.680132976451195,-0.25470257949081,0.0,-0.016029764115998546,0.6972453864021055,-1.6758024304396155,1.1063639406220949,1.8500980566034055,1.5499930773494386,-0.5591827309595354,0.2094176860224346,1.0519005987096968,-0.4355174548892098,1.8499966836053128,1.340402625315213,2.0645218918851302,1.2510467736789543,-1.2247676659134985,1.062119327205595,0.8036428266278248,-0.19239718504911973,-0.36173633218201307,0.9329811795764833,-1.5156949589264368,0.9420147459348831,-0.5220001823426292,-0.34194763697125463,1.604960362474169,-0.6809492958569034,1.443548952190386,0.0687260654225117,-0.7512593461331019,1.0650646701220392,0.8984397913648197,1.2853997072005505,0.6948332679963158,2.178845735104722,-1.1331168210647364,1.6365108661405445,1.0533510074888257,1.7966110967252886,-1.3032181711908235,1.2984890192026448,0.5526918023298943,1.0305068310291068,0.01565145736371054,-0.3516525771328247,-0.6641032123351964,-0.23867281537481144,0.016029764115998546,0.0,0.7132751505181041,-1.659772666323617,1.1223937047380934,1.866127820719404,1.5660228414654371,-0.5431529668435369,0.22544745013843315,1.0679303628256953,-0.41948769077321124,1.8660264477213113,1.3564323894312116,2.080551656001129,1.2670765377949529,-1.2087379017975,1.0781490913215936,0.8196725907438234,-0.1763674209331212,-0.3457065680660145,0.9490109436924818,-1.4996651948104383,0.9580445100508816,-0.5059704182266307,-0.3259178728552561,1.6209901265901676,-0.6649195317409049,1.4595787163063845,0.08475582953851024,-0.7352295820171033,1.0810944342380377,0.9144695554808182,1.301429471316549,0.7108630321123144,1.4655705845866178,-1.8463919715828405,0.9232357156224404,0.3400758569707216,1.0833359462071845,-2.0164933217089276,0.5852138686845407,-0.16058334818820974,0.3172316805110027,-0.6976236931543935,-1.0649277276509288,-1.3773783628533005,-0.9519479658929155,-0.6972453864021055,-0.7132751505181041,0.0,-2.373047816841721,0.4091185542199893,1.1528526702013,0.852747690947333,-1.256428117361641,-0.48782770037967094,0.3546552123075912,-1.1327628412913153,1.1527512972032072,0.6431572389131075,1.3672765054830247,0.5538013872768488,-1.922013052315604,0.36487394080348956,0.10639744022571929,-0.8896425714512253,-1.0589817185841186,0.23573579317437776,-2.2129403453285423,0.24476935953277756,-1.2192455687447348,-1.0391930233733602,0.9077149760720635,-1.378194682259009,0.7463035657882804,-0.6285193209795938,-1.4485047325352074,0.36781928371993367,0.20119440496271412,0.588154320798445,-0.0024121184057896983,3.838618401428339,0.5266558452588805,3.2962835324641615,2.7131236738124427,3.4563837630489056,0.35655449513279347,2.958261685526262,2.2124644686535113,2.6902794973527238,1.6754241236873275,1.3081200891907923,0.9956694539884205,1.4210998509488055,1.6758024304396155,1.659772666323617,2.373047816841721,0.0,2.7821663710617104,3.525900487043021,3.225795507789054,1.11661969948008,1.8852201164620501,2.7277030291493123,1.2402849755504057,3.5257991140449283,3.0162050557548286,3.7403243223247458,2.92684920411857,0.451034764526117,2.7379217576452106,2.4794452570674403,1.4834052453904958,1.3140660982576025,2.608783610016099,0.16010747151317872,2.6178171763744986,1.1538022480969863,1.3338547934683609,3.2807627929137846,0.9948531345827121,3.1193513826300014,1.7445284958621272,0.9245430843065137,2.7408671005616547,2.574242221804435,2.961202137640166,2.3706356984359314,1.0564520303666285,-2.25551052580283,0.5141171614024511,-0.0690426972492677,0.6742173919871952,-2.425611875928917,0.1760953144645514,-0.5697019024081991,-0.09188687370898663,-1.1067422473743829,-1.4740462818709181,-1.7864969170732898,-1.3610665201129049,-1.1063639406220949,-1.1223937047380934,-0.4091185542199893,-2.7821663710617104,0.0,0.7437341159813107,0.4436291367273437,-1.6655466715816303,-0.8969462545996603,-0.0544633419123981,-1.5418813955113047,0.7436327429832179,0.23403868469311817,0.9581579512630354,0.14468283305685947,-2.3311316065355934,-0.04424461341649977,-0.30272111399427004,-1.2987611256712146,-1.468100272804108,-0.17338276104561157,-2.6220588995485317,-0.16434919468721176,-1.628364122964724,-1.4483115775933495,0.4985964218520742,-1.7873132364789983,0.33718501156829106,-1.0376378751995832,-1.8576232867551967,-0.04129927050005566,-0.2079241492572752,0.17903576657845566,-0.411530672625779,0.3127179143853178,-2.9992446417841405,-0.22961695457885956,-0.8127768132305784,-0.06951672399411546,-3.1693459919102276,-0.5676388015167593,-1.3134360183895097,-0.8356209896902973,-1.8504763633556935,-2.217780397852229,-2.5302310330546005,-2.1048006360942155,-1.8500980566034055,-1.866127820719404,-1.1528526702013,-3.525900487043021,-0.7437341159813107,0.0,-0.30010497925396695,-2.409280787562941,-1.640680370580971,-0.7981974578937088,-2.2856155114926153,-0.00010137299809276357,-0.5096954312881925,0.2144238352817247,-0.5990512829244512,-3.074865722516904,-0.7879787293978104,-1.0464552299755807,-2.0424952416525253,-2.2118343887854186,-0.9171168770269222,-3.3657930155298423,-0.9080833106685224,-2.3720982389460348,-2.19204569357466,-0.24513769412923647,-2.531047352460309,-0.4065491044130196,-1.7813719911808938,-2.6013574027365074,-0.7850333864813663,-0.9516582652385859,-0.564698349402855,-1.1552647886070897,0.6128228936392848,-2.6991396625301736,0.0704880246751074,-0.5126718339766114,0.2305882552598515,-2.8692410126562606,-0.2675338222627923,-1.0133310391355428,-0.5355160104363303,-1.5503713841017266,-1.9176754185982618,-2.2301260538006336,-1.8046956568402486,-1.5499930773494386,-1.5660228414654371,-0.852747690947333,-3.225795507789054,-0.4436291367273437,0.30010497925396695,0.0,-2.109175808308974,-1.340575391327004,-0.4980924786397418,-1.9855105322386484,0.3000036062558742,-0.20959045203422555,0.5145288145356917,-0.29894630367048425,-2.774760743262937,-0.4878737501438435,-0.7463502507216138,-1.7423902623985583,-1.9117294095314517,-0.6170118977729553,-3.0656880362758754,-0.6079783314145555,-2.071993259692068,-1.8919407143206932,0.05496728512473048,-2.230942373206342,-0.10644412515905266,-1.481267011926927,-2.3012524234825404,-0.4849284072273994,-0.6515532859846189,-0.26459337014888806,-0.8551598093531227,2.7219987019482588,-0.5899638542211996,2.1796638329840814,1.5965039743323626,2.3397640635688255,-0.7600652043472866,1.8416419860461817,1.0958447691734312,1.5736597978726437,0.5588044242072474,0.19150038971071215,-0.12095024549165956,0.3044801514687254,0.5591827309595354,0.5431529668435369,1.256428117361641,-1.11661969948008,1.6655466715816303,2.409280787562941,2.109175808308974,0.0,0.76860041698197,1.6110833296692322,0.12366527607032562,2.409179414564848,1.8995853562747484,2.6237046228446657,1.8102295046384898,-0.6655849349539631,1.6213020581651305,1.3628255575873602,0.3667855459104157,0.19744639877752235,1.4921639105360187,-0.9565122279669014,1.5011974768944185,0.037182548616906175,0.21723509398828078,2.1641430934337045,-0.12176656489736803,2.0027316831499213,0.6279087963820471,-0.19207661517356645,1.6242474010815746,1.457622522324355,1.844582438160086,1.2540159989558513,1.9533982849662888,-1.3585642712031696,1.4110634160021114,0.8279035573503926,1.5711636465868555,-1.5286656213292567,1.0730415690642117,0.3272443521914612,0.8050593808906736,-0.2097959927747226,-0.5771000272712579,-0.8895506624736296,-0.4641202655132446,-0.2094176860224346,-0.22544745013843315,0.48782770037967094,-1.8852201164620501,0.8969462545996603,1.640680370580971,1.340575391327004,-0.76860041698197,0.0,0.8424829126872622,-0.6449351409116444,1.6405789975828782,1.1309849392927784,1.8551042058626956,1.0416290876565197,-1.434185351935933,0.8527016411831605,0.5942251406053902,-0.40181487107155434,-0.5711540182044477,0.7235634935540487,-1.7251126449488714,0.7325970599124485,-0.7314178683650638,-0.5513653229936892,1.3955426764517345,-0.890366981879338,1.2341312661679513,-0.1406916205999229,-0.9606770321555365,0.8556469840996046,0.6890221053423851,1.075982021178116,0.48541558197388124,1.1109153722790266,-2.2010471838904317,0.5685805033148492,-0.014579355336869604,0.7286807338995933,-2.371148534016519,0.2305586563769495,-0.515238560495801,-0.03742353179658853,-1.0522789054619848,-1.41958293995852,-1.7320335751608917,-1.3066031782005068,-1.0519005987096968,-1.0679303628256953,-0.3546552123075912,-2.7277030291493123,0.0544633419123981,0.7981974578937088,0.4980924786397418,-1.6110833296692322,-0.8424829126872622,0.0,-1.4874180535989066,0.798096084895616,0.28850202660551627,1.0126212931754335,0.19914617496925757,-2.2766682646231953,0.010218728495898333,-0.24825777208187194,-1.2442977837588165,-1.4136369308917098,-0.11891941913321347,-2.5675955576361336,-0.10988585277481366,-1.573900781052326,-1.3938482356809514,0.5530597637644723,-1.7328498945666002,0.39164835348068916,-0.9831745332871851,-1.8031599448427986,0.013164071412342437,-0.1534608073448771,0.23349910849085376,-0.3570673307133809,2.598333425877933,-0.7136291302915252,2.0559985569137558,1.472838698262037,2.2160987874985,-0.8837304804176123,1.717976709975856,0.9721794931031056,1.449994521802318,0.4351391481369218,0.06783511364038652,-0.24461552156198518,0.1808148753983998,0.4355174548892098,0.41948769077321124,1.1327628412913153,-1.2402849755504057,1.5418813955113047,2.2856155114926153,1.9855105322386484,-0.12366527607032562,0.6449351409116444,1.4874180535989066,0.0,2.2855141384945226,1.7759200802044228,2.50003934677434,1.6865642285681641,-0.7892502110242887,1.4976367820948049,1.2391602815170346,0.24312026984009005,0.07378112270719672,1.368498634465693,-1.080177504037227,1.377532200824093,-0.08648272745341945,0.09356981791795516,2.040477817363379,-0.24543184096769366,1.8790664070795957,0.5042435203117215,-0.31574189124389207,1.500582125011249,1.3339572462540294,1.7209171620897603,1.1303507228855256,0.3128192873834106,-2.9991432687860478,-0.2295155815807668,-0.8126754402324856,-0.0694153509960227,-3.169244618912135,-0.5675374285186665,-1.313334645391417,-0.8355196166922045,-1.8503749903576008,-2.217679024854136,-2.5301296600565077,-2.1046992630961228,-1.8499966836053128,-1.8660264477213113,-1.1527512972032072,-3.5257991140449283,-0.7436327429832179,0.00010137299809276357,-0.3000036062558742,-2.409179414564848,-1.6405789975828782,-0.798096084895616,-2.2855141384945226,0.0,-0.5095940582900997,0.21452520827981747,-0.5989499099263584,-3.0747643495188113,-0.7878773563997177,-1.046353856977488,-2.0423938686544325,-2.211733015787326,-0.9170155040288295,-3.3656916425317496,-0.9079819376704297,-2.371996865947942,-2.1919443205765674,-0.2450363211311437,-2.5309459794622162,-0.40644773141492685,-1.781270618182801,-2.6012560297384146,-0.7849320134832736,-0.9515568922404931,-0.5645969764047623,-1.155163415608997,0.8224133456735103,-2.489549210495948,0.28007847670933295,-0.3030813819423859,0.44017870729407704,-2.659650560622035,-0.05794337022856677,-0.8037405871013172,-0.3259255584021048,-1.340780932067501,-1.7080849665640363,-2.020535601766408,-1.595105204806023,-1.340402625315213,-1.3564323894312116,-0.6431572389131075,-3.0162050557548286,-0.23403868469311817,0.5096954312881925,0.20959045203422555,-1.8995853562747484,-1.1309849392927784,-0.28850202660551627,-1.7759200802044228,0.5095940582900997,0.0,0.7241192665699172,-0.0893558516362587,-2.5651702912287115,-0.27828329810961794,-0.5367597986873882,-1.5327998103643328,-1.702138957497226,-0.40742144573872974,-2.85609758424165,-0.39838787938032993,-1.8624028076578423,-1.6823502622864677,0.26455773715895603,-2.0213519211721165,0.10314632687517289,-1.2716765598927013,-2.091661971448315,-0.27533795519317383,-0.4419628339503934,-0.05500291811466251,-0.6455693573188972,0.09829407910359311,-3.2136684770658652,-0.44404078986058426,-1.027200648512303,-0.28394055927584017,-3.3837698271919523,-0.782062636798484,-1.5278598536712344,-1.050044824972022,-2.0649001986374182,-2.4322042331339535,-2.744654868336325,-2.3192244713759402,-2.0645218918851302,-2.080551656001129,-1.3672765054830247,-3.7403243223247458,-0.9581579512630354,-0.2144238352817247,-0.5145288145356917,-2.6237046228446657,-1.8551042058626956,-1.0126212931754335,-2.50003934677434,-0.21452520827981747,-0.7241192665699172,0.0,-0.8134751182061759,-3.2892895577986287,-1.0024025646795351,-1.2608790652573054,-2.25691907693425,-2.4262582240671433,-1.131540712308647,-3.580216850811567,-1.1225071459502471,-2.5865220742277595,-2.406469528856385,-0.4595615294109612,-2.7454711877420337,-0.6209729396947443,-1.9957958264626185,-2.815781238018232,-0.999457221763091,-1.1660821005203106,-0.7791221846845797,-1.3696886238888144,0.911769197309769,-2.4001933588596893,0.36943432834559164,-0.21372553030612718,0.5295345589303357,-2.5702947089857764,0.03141248140769193,-0.7143847354650585,-0.2365697067658461,-1.2514250804312423,-1.6187291149277776,-1.9311797501301493,-1.5057493531697643,-1.2510467736789543,-1.2670765377949529,-0.5538013872768488,-2.92684920411857,-0.14468283305685947,0.5990512829244512,0.29894630367048425,-1.8102295046384898,-1.0416290876565197,-0.19914617496925757,-1.6865642285681641,0.5989499099263584,0.0893558516362587,0.8134751182061759,0.0,-2.475814439592453,-0.18892744647335924,-0.4474039470511295,-1.443443958728074,-1.6127831058609674,-0.31806559410247104,-2.766741732605391,-0.30903202774407124,-1.7730469560215836,-1.592994410650209,0.35391358879521473,-1.9319960695358578,0.1925021785114316,-1.1823207082564426,-2.002306119812056,-0.18598210355691513,-0.3526069823141347,0.034352933521596185,-0.5562135056826385,3.387583636902222,0.07562108073276352,2.8452487679380445,2.2620889092863257,3.0053489985227886,-0.09448026939332355,2.5072269210001448,1.7614297041273943,2.2392447328266067,1.2243893591612105,0.8570853246646752,0.5446346894623035,0.9700650864226885,1.2247676659134985,1.2087379017975,1.922013052315604,-0.451034764526117,2.3311316065355934,3.074865722516904,2.774760743262937,0.6655849349539631,1.434185351935933,2.2766682646231953,0.7892502110242887,3.0747643495188113,2.5651702912287115,3.2892895577986287,2.475814439592453,0.0,2.2868869931190936,2.0284104925413233,1.0323704808643788,0.8630313337314854,2.157748845489982,-0.2909272930129383,2.1667824118483816,0.7027674835708693,0.8828200289422439,2.8297280283876676,0.5438183700565951,2.6683166181038844,1.2934937313360102,0.47350831978039665,2.2898323360355377,2.123207457278318,2.510167373114049,1.9196009339098143,1.1006966437831283,-2.21126591238633,0.5583617748189509,-0.024798083832767936,0.718462005403695,-2.381367262512417,0.22033992788105117,-0.5254572889916993,-0.04764226029248686,-1.062497633957883,-1.4298016684544184,-1.74225230365679,-1.316821906696405,-1.062119327205595,-1.0781490913215936,-0.36487394080348956,-2.7379217576452106,0.04424461341649977,0.7879787293978104,0.4878737501438435,-1.6213020581651305,-0.8527016411831605,-0.010218728495898333,-1.4976367820948049,0.7878773563997177,0.27828329810961794,1.0024025646795351,0.18892744647335924,-2.2868869931190936,0.0,-0.2584765005777703,-1.2545165122547148,-1.4238556593876082,-0.1291381476291118,-2.577814286132032,-0.120104581270712,-1.5841195095482243,-1.4040669641768497,0.542841035268574,-1.7430686230624985,0.3814296249847908,-0.9933932617830834,-1.813378673338697,0.0029453429164441047,-0.16367953584077544,0.22328037999495542,-0.36728605920927926,1.3591731443608985,-1.9527894118085598,0.8168382753967212,0.23367841674500234,0.9769385059814653,-2.122890761934647,0.47881642845882144,-0.266980788413929,0.21083424028528341,-0.8040211333801128,-1.171325167876648,-1.4837758030790198,-1.0583454061186348,-0.8036428266278248,-0.8196725907438234,-0.10639744022571929,-2.4794452570674403,0.30272111399427004,1.0464552299755807,0.7463502507216138,-1.3628255575873602,-0.5942251406053902,0.24825777208187194,-1.2391602815170346,1.046353856977488,0.5367597986873882,1.2608790652573054,0.4474039470511295,-2.0284104925413233,0.2584765005777703,0.0,-0.9960400116769446,-1.165379158809838,0.12933835294865847,-2.3193377855542616,0.13837191930705828,-1.325643008970454,-1.1455904635990795,0.8013175358463442,-1.4845921224847283,0.6399061255625611,-0.7349167612053131,-1.5549021727609267,0.2614218434942144,0.09479696473699484,0.4817568805727257,-0.10880955863150898,2.355213156037843,-0.9567494001316152,1.8128782870736657,1.229718428421947,1.9729785176584098,-1.1268507502577023,1.474856440135766,0.7290592232630155,1.206874251962228,0.19201887829683173,-0.17528515619970353,-0.48773579140207524,-0.062305394441690254,0.19239718504911973,0.1763674209331212,0.8896425714512253,-1.4834052453904958,1.2987611256712146,2.0424952416525253,1.7423902623985583,-0.3667855459104157,0.40181487107155434,1.2442977837588165,-0.24312026984009005,2.0423938686544325,1.5327998103643328,2.25691907693425,1.443443958728074,-1.0323704808643788,1.2545165122547148,0.9960400116769446,0.0,-0.16933914713289333,1.125378364625603,-1.323297773877317,1.1344119309840028,-0.3296029972935095,-0.1495504519221349,1.7973575475232888,-0.4885521108077837,1.6359461372395057,0.26112325047163143,-0.5588621610839821,1.257461855171159,1.0908369764139394,1.4777968922496703,0.8872304530454356,2.5245523031707364,-0.7874102529987219,1.982217434206559,1.3990575755548402,2.142317664791303,-0.957511603124809,1.6441955872686593,0.8983983703959089,1.3762133990951213,0.36135802542972506,-0.005946009066810198,-0.3183966442691819,0.10703375269120308,0.36173633218201307,0.3457065680660145,1.0589817185841186,-1.3140660982576025,1.468100272804108,2.2118343887854186,1.9117294095314517,-0.19744639877752235,0.5711540182044477,1.4136369308917098,-0.07378112270719672,2.211733015787326,1.702138957497226,2.4262582240671433,1.6127831058609674,-0.8630313337314854,1.4238556593876082,1.165379158809838,0.16933914713289333,0.0,1.2947175117584964,-1.1539586267444237,1.3037510781168962,-0.16026385016061617,0.019788695210758434,1.9666966946561821,-0.3192129636748904,1.805285284372399,0.43046239760452476,-0.3895230139510888,1.4268010023040523,1.2601761235468327,1.6471360393825636,1.056569600178329,1.22983479141224,-2.0821277647572183,0.6874999224480627,0.10434006379634386,0.8476001530328068,-2.2522291148833053,0.34947807551016297,-0.3963191413625875,0.08149588733662494,-0.9333594863287713,-1.3006635208253066,-1.6131141560276783,-1.1876837590672933,-0.9329811795764833,-0.9490109436924818,-0.23573579317437776,-2.608783610016099,0.17338276104561157,0.9171168770269222,0.6170118977729553,-1.4921639105360187,-0.7235634935540487,0.11891941913321347,-1.368498634465693,0.9170155040288295,0.40742144573872974,1.131540712308647,0.31806559410247104,-2.157748845489982,0.1291381476291118,-0.12933835294865847,-1.125378364625603,-1.2947175117584964,0.0,-2.44867613850292,0.009033566358399803,-1.4549813619191125,-1.274928816547738,0.6719791828976858,-1.6139304754333867,0.5105677726139026,-0.8642551141539716,-1.6842405257095852,0.1320834905455559,-0.03454138821166364,0.3524185276240672,-0.23814791158016746,3.67851092991516,0.3665483737457018,3.136176060950983,2.553016202299264,3.296276291535727,0.19644702361961475,2.798154214013083,2.0523569971403326,2.530172025839545,1.5153166521741488,1.1480126176776135,0.8355619824752418,1.2609923794356268,1.5156949589264368,1.4996651948104383,2.2129403453285423,-0.16010747151317872,2.6220588995485317,3.3657930155298423,3.0656880362758754,0.9565122279669014,1.7251126449488714,2.5675955576361336,1.080177504037227,3.3656916425317496,2.85609758424165,3.580216850811567,2.766741732605391,0.2909272930129383,2.577814286132032,2.3193377855542616,1.323297773877317,1.1539586267444237,2.44867613850292,0.0,2.45770970486132,0.9936947765838076,1.1737473219551822,3.120655321400606,0.8347456630695334,2.9592439111168227,1.5844210243489485,0.7644356127933349,2.580759629048476,2.4141347502912565,2.8010946661269873,2.2105282269227526,1.2208012250538403,-2.091161331115618,0.6784663560896629,0.09530649743794406,0.838566586674407,-2.261262681241705,0.34044450915176316,-0.4053527077209873,0.07246232097822514,-0.9423930526871711,-1.3096970871837064,-1.622147722386078,-1.196717325425693,-0.9420147459348831,-0.9580445100508816,-0.24476935953277756,-2.6178171763744986,0.16434919468721176,0.9080833106685224,0.6079783314145555,-1.5011974768944185,-0.7325970599124485,0.10988585277481366,-1.377532200824093,0.9079819376704297,0.39838787938032993,1.1225071459502471,0.30903202774407124,-2.1667824118483816,0.120104581270712,-0.13837191930705828,-1.1344119309840028,-1.3037510781168962,-0.009033566358399803,-2.45770970486132,0.0,-1.4640149282775123,-1.2839623829061377,0.662945616539286,-1.6229640417917865,0.5015342062555028,-0.8732886805123714,-1.693274092067985,0.1230499241871561,-0.04357495457006344,0.3433849612656674,-0.24718147793856726,2.6848161533313526,-0.6271464028381057,2.142481284367175,1.5593214257154564,2.3025815149519193,-0.7972477529641928,1.8044594374292755,1.058662220556525,1.5364772492557375,0.5216218755903412,0.15431784109380597,-0.15813279410856573,0.26729760285181925,0.5220001823426292,0.5059704182266307,1.2192455687447348,-1.1538022480969863,1.628364122964724,2.3720982389460348,2.071993259692068,-0.037182548616906175,0.7314178683650638,1.573900781052326,0.08648272745341945,2.371996865947942,1.8624028076578423,2.5865220742277595,1.7730469560215836,-0.7027674835708693,1.5841195095482243,1.325643008970454,0.3296029972935095,0.16026385016061617,1.4549813619191125,-0.9936947765838076,1.4640149282775123,0.0,0.1800525453713746,2.1269605448167983,-0.1589491135142742,1.9655491345330152,0.5907262477651409,-0.22925916379047262,1.5870648524646684,1.420439973707449,1.8073998895431798,1.216833450338945,2.504763607959978,-0.8071989482094803,1.9624287389958006,1.3792688803440818,2.1225289695805447,-0.9773002983355674,1.624406892057901,0.8786096751851504,1.3564247038843629,0.3415693302189666,-0.025734704277568632,-0.33818533947994034,0.08724505748044464,0.34194763697125463,0.3259178728552561,1.0391930233733602,-1.3338547934683609,1.4483115775933495,2.19204569357466,1.8919407143206932,-0.21723509398828078,0.5513653229936892,1.3938482356809514,-0.09356981791795516,2.1919443205765674,1.6823502622864677,2.406469528856385,1.592994410650209,-0.8828200289422439,1.4040669641768497,1.1455904635990795,0.1495504519221349,-0.019788695210758434,1.274928816547738,-1.1737473219551822,1.2839623829061377,-0.1800525453713746,0.0,1.9469079994454237,-0.3390016588856488,1.7854965891616406,0.4106737023937663,-0.4093117091618472,1.4070123070932938,1.2403874283360743,1.6273473441718052,1.0367809049675705,0.5578556085145543,-2.754106947654904,0.015520739550376916,-0.5676391191013419,0.175620970135121,-2.924208297780991,-0.3225011073875228,-1.0682983242602733,-0.5904832955610608,-1.605338669226457,-1.9726427037229923,-2.285093338925364,-1.859662941964979,-1.604960362474169,-1.6209901265901676,-0.9077149760720635,-3.2807627929137846,-0.4985964218520742,0.24513769412923647,-0.05496728512473048,-2.1641430934337045,-1.3955426764517345,-0.5530597637644723,-2.040477817363379,0.2450363211311437,-0.26455773715895603,0.4595615294109612,-0.35391358879521473,-2.8297280283876676,-0.542841035268574,-0.8013175358463442,-1.7973575475232888,-1.9666966946561821,-0.6719791828976858,-3.120655321400606,-0.662945616539286,-2.1269605448167983,-1.9469079994454237,0.0,-2.2859096583310725,-0.16141141028378314,-1.5362342970516574,-2.356219708607271,-0.5398956923521299,-0.7065205711093494,-0.31956065527361854,-0.9101270944778532,2.843765266845627,-0.46819728932383153,2.3014303978814494,1.7182705392297306,2.4615306284661935,-0.6382986394499186,1.9634085509435497,1.2176113340707992,1.6954263627700117,0.6805709891046154,0.3132669546080802,0.0008163194057084766,0.42624671636609346,0.6809492958569034,0.6649195317409049,1.378194682259009,-0.9948531345827121,1.7873132364789983,2.531047352460309,2.230942373206342,0.12176656489736803,0.890366981879338,1.7328498945666002,0.24543184096769366,2.5309459794622162,2.0213519211721165,2.7454711877420337,1.9319960695358578,-0.5438183700565951,1.7430686230624985,1.4845921224847283,0.4885521108077837,0.3192129636748904,1.6139304754333867,-0.8347456630695334,1.6229640417917865,0.1589491135142742,0.3390016588856488,2.2859096583310725,0.0,2.1244982480472894,0.7496753612794151,-0.07031005027619841,1.7460139659789427,1.579389087221723,1.966349003057454,1.3757825638532193,0.7192670187983374,-2.592695537371121,0.17693214983416006,-0.40622770881755876,0.33703238041890415,-2.762796887497208,-0.16108969710373966,-0.9068869139764901,-0.4290718852772777,-1.443927258942674,-1.8112312934392092,-2.123681928641581,-1.698251531681196,-1.443548952190386,-1.4595787163063845,-0.7463035657882804,-3.1193513826300014,-0.33718501156829106,0.4065491044130196,0.10644412515905266,-2.0027316831499213,-1.2341312661679513,-0.39164835348068916,-1.8790664070795957,0.40644773141492685,-0.10314632687517289,0.6209729396947443,-0.1925021785114316,-2.6683166181038844,-0.3814296249847908,-0.6399061255625611,-1.6359461372395057,-1.805285284372399,-0.5105677726139026,-2.9592439111168227,-0.5015342062555028,-1.9655491345330152,-1.7854965891616406,0.16141141028378314,-2.1244982480472894,0.0,-1.3748228867678742,-2.194808298323488,-0.3784842820683467,-0.5451091608255663,-0.1581492449898354,-0.7487156841940701,2.0940899055662117,-1.2178726506032467,1.5517550366020343,0.9685951779503155,1.7118552671867784,-1.3879740007293337,1.2137331896641346,0.4679359727913841,0.9457510014905965,-0.0691043721747997,-0.43640840667133496,-0.7488590418737067,-0.3234286449133217,-0.0687260654225117,-0.08475582953851024,0.6285193209795938,-1.7445284958621272,1.0376378751995832,1.7813719911808938,1.481267011926927,-0.6279087963820471,0.1406916205999229,0.9831745332871851,-0.5042435203117215,1.781270618182801,1.2716765598927013,1.9957958264626185,1.1823207082564426,-1.2934937313360102,0.9933932617830834,0.7349167612053131,-0.26112325047163143,-0.43046239760452476,0.8642551141539716,-1.5844210243489485,0.8732886805123714,-0.5907262477651409,-0.4106737023937663,1.5362342970516574,-0.7496753612794151,1.3748228867678742,0.0,-0.8199854115556136,0.9963386046995275,0.829713725942308,1.2166736417780388,0.6261072025738041,2.914075317121825,-0.3978872390476331,2.371740448157648,1.788580589505929,2.531840678742392,-0.5679885891737202,2.033718601219748,1.2879213843469977,1.76573641304621,0.7508810393808139,0.3835770048842786,0.07112636968190689,0.49655676664229187,0.7512593461331019,0.7352295820171033,1.4485047325352074,-0.9245430843065137,1.8576232867551967,2.6013574027365074,2.3012524234825404,0.19207661517356645,0.9606770321555365,1.8031599448427986,0.31574189124389207,2.6012560297384146,2.091661971448315,2.815781238018232,2.002306119812056,-0.47350831978039665,1.813378673338697,1.5549021727609267,0.5588621610839821,0.3895230139510888,1.6842405257095852,-0.7644356127933349,1.693274092067985,0.22925916379047262,0.4093117091618472,2.356219708607271,0.07031005027619841,2.194808298323488,0.8199854115556136,0.0,1.816324016255141,1.6496991374979215,2.0366590533336524,1.4460926141294177,1.0977513008666842,-2.214211255302774,0.5554164319025068,-0.02774342674921204,0.7155166624872509,-2.3843126054288613,0.21739458496460706,-0.5284026319081434,-0.050587603208930965,-1.0654429768743272,-1.4327470113708625,-1.7451976465732342,-1.3197672496128492,-1.0650646701220392,-1.0810944342380377,-0.36781928371993367,-2.7408671005616547,0.04129927050005566,0.7850333864813663,0.4849284072273994,-1.6242474010815746,-0.8556469840996046,-0.013164071412342437,-1.500582125011249,0.7849320134832736,0.27533795519317383,0.999457221763091,0.18598210355691513,-2.2898323360355377,-0.0029453429164441047,-0.2614218434942144,-1.257461855171159,-1.4268010023040523,-0.1320834905455559,-2.580759629048476,-0.1230499241871561,-1.5870648524646684,-1.4070123070932938,0.5398956923521299,-1.7460139659789427,0.3784842820683467,-0.9963386046995275,-1.816324016255141,0.0,-0.16662487875721954,0.22033503707851132,-0.37023140212572336,1.2643761796239037,-2.0475863765455546,0.7220413106597263,0.1388814520080075,0.8821415412444704,-2.2176877266716417,0.3840194637218266,-0.36177775315092386,0.11603727554828858,-0.8988180981171077,-1.266122132613643,-1.5785727678160146,-1.1531423708556297,-0.8984397913648197,-0.9144695554808182,-0.20119440496271412,-2.574242221804435,0.2079241492572752,0.9516582652385859,0.6515532859846189,-1.457622522324355,-0.6890221053423851,0.1534608073448771,-1.3339572462540294,0.9515568922404931,0.4419628339503934,1.1660821005203106,0.3526069823141347,-2.123207457278318,0.16367953584077544,-0.09479696473699484,-1.0908369764139394,-1.2601761235468327,0.03454138821166364,-2.4141347502912565,0.04357495457006344,-1.420439973707449,-1.2403874283360743,0.7065205711093494,-1.579389087221723,0.5451091608255663,-0.829713725942308,-1.6496991374979215,0.16662487875721954,0.0,0.38695991583573086,-0.20360652336850382,0.8774162637881728,-2.4345462923812855,0.33508139482399546,-0.24807846382772336,0.49518162540873956,-2.6046476425073726,-0.002940452113904257,-0.7487376689866547,-0.2709226402874423,-1.2857780139528385,-1.6530820484493738,-1.9655326836517455,-1.5401022866913605,-1.2853997072005505,-1.301429471316549,-0.588154320798445,-2.961202137640166,-0.17903576657845566,0.564698349402855,0.26459337014888806,-1.844582438160086,-1.075982021178116,-0.23349910849085376,-1.7209171620897603,0.5645969764047623,0.05500291811466251,0.7791221846845797,-0.034352933521596185,-2.510167373114049,-0.22328037999495542,-0.4817568805727257,-1.4777968922496703,-1.6471360393825636,-0.3524185276240672,-2.8010946661269873,-0.3433849612656674,-1.8073998895431798,-1.6273473441718052,0.31956065527361854,-1.966349003057454,0.1581492449898354,-1.2166736417780388,-2.0366590533336524,-0.22033503707851132,-0.38695991583573086,0.0,-0.5905664392042347,1.4679827029924075,-1.8439798531770508,0.9256478340282301,0.3424879753765113,1.0857480646129742,-2.014081203303138,0.5876259870903304,-0.15817122978242004,0.3196437989167924,-0.6952115747486038,-1.062515609245139,-1.3749662444475108,-0.9495358474871258,-0.6948332679963158,-0.7108630321123144,0.0024121184057896983,-2.3706356984359314,0.411530672625779,1.1552647886070897,0.8551598093531227,-1.2540159989558513,-0.48541558197388124,0.3570673307133809,-1.1303507228855256,1.155163415608997,0.6455693573188972,1.3696886238888144,0.5562135056826385,-1.9196009339098143,0.36728605920927926,0.10880955863150898,-0.8872304530454356,-1.056569600178329,0.23814791158016746,-2.2105282269227526,0.24718147793856726,-1.216833450338945,-1.0367809049675705,0.9101270944778532,-1.3757825638532193,0.7487156841940701,-0.6261072025738041,-1.4460926141294177,0.37023140212572336,0.20360652336850382,0.5905664392042347,0.0,0.0,-0.16998523999387505,2.415858902879969,0.5625856075291313,1.1923019449734547,1.7186095641019667,1.75728553114104,-0.17679325132111057,0.835461928090643,0.3351169920055366,1.6975889341718435,2.077739289591996,1.6211169411017243,2.1077720918363427,0.4829853506780948,1.243849076768786,0.246818890845808,2.306260628318962,1.6571769084043728,1.0601052703932794,0.32235702371162667,0.43827347492726876,1.8305350443963313,1.214978736914583,0.41017156281970735,1.7764707541644391,2.5013463629743073,0.18794343698318272,-0.6708860831509496,0.9916482929852846,1.314026779831737,2.1821853980377366,0.20796386899044172,-0.11132558963595418,0.4636911487856148,0.6620470256710576,1.848810293862897,-0.5458877004729095,0.7439070100603526,0.23098641540167364,0.7803231862013602,0.8013451466874422,0.5247648078133125,0.5214328422509427,2.6848425750616434,-0.2428306443962569,1.9140450448952953,0.16998523999387505,0.0,2.585844142873844,0.7325708475230064,1.3622871849673297,1.8885948040958418,1.927270771134915,-0.006808011327235519,1.005447168084518,0.5051022319994116,1.8675741741657186,2.247724529585871,1.7911021810955994,2.277757331830218,0.6529705906719698,1.413834316762661,0.41680413083968304,2.476245868312837,1.8271621483982479,1.2300905103871544,0.4923422637055017,0.6082587149211438,2.0005202843902063,1.384963976908458,0.5801568028135824,1.9464559941583142,2.6713316029681824,0.35792867697705777,-0.5009008431570745,1.1616335329791596,1.4840120198256121,2.3521706380316116,0.3779491089843168,0.05865965035792087,0.6336763887794898,0.8320322656649326,2.018795533856772,-0.3759024604790344,0.9138922500542277,0.4009716553955487,0.9503084261952353,0.9713303866813172,0.6947500478071875,0.6914180822448177,2.8548278150555184,-0.07284540440238185,2.0840302848891703,-2.415858902879969,-2.585844142873844,0.0,-1.8532732953508377,-1.2235569579065144,-0.6972493387780023,-0.658573371738929,-2.5926521542010796,-1.580396974789326,-2.0807419108744325,-0.7182699687081255,-0.33811961328797313,-0.7947419617782447,-0.30808681104362634,-1.9328735522018743,-1.172009826111183,-2.169040012034161,-0.1095982745610069,-0.7586819944755963,-1.3557536324866897,-2.0935018791683424,-1.9775854279527003,-0.5853238584836378,-1.200880165965386,-2.0056873400602617,-0.63938814871553,0.08548746009433827,-2.2279154658967864,-3.0867449860309186,-1.4242106098946845,-1.101832123048232,-0.23367350484223248,-2.2078950338895273,-2.5271844925159233,-1.9521677540943543,-1.7538118772089115,-0.5670486090170721,-2.9617466033528785,-1.6719518928196164,-2.1848724874782954,-1.6355357166786089,-1.614513756192527,-1.8910940950666566,-1.8944260606290264,0.2689836721816743,-2.658689547276226,-0.5018138579846738,-0.5625856075291313,-0.7325708475230064,1.8532732953508377,0.0,0.6297163374443233,1.1560239565728354,1.1946999236119087,-0.7393788588502419,0.2728763205615117,-0.22746861552359476,1.1350033266427122,1.5151536820628646,1.058531333572593,1.5451864843072114,-0.07960025685103655,0.6812634692396546,-0.31576671668332335,1.7436750207898308,1.0945913008752415,0.49751966286414806,-0.24022858381750467,-0.12431213260186258,1.2679494368672,0.6523931293854517,-0.152414044709424,1.2138851466353078,1.938760755445176,-0.3746421705459486,-1.233471690680081,0.4290626854561532,0.7514411723026058,1.6195997905086053,-0.3546217385386896,-0.6739111971650855,-0.09889445874351654,0.09946141814192622,1.2862246863337656,-1.1084733080020408,0.1813214025312213,-0.3315991921274577,0.21773757867222887,0.23875953915831083,-0.037820799715818865,-0.041152765278188674,2.122256967532512,-0.8054162519253882,1.351459437366164,-1.1923019449734547,-1.3622871849673297,1.2235569579065144,-0.6297163374443233,0.0,0.5263076191285121,0.5649835861675854,-1.3690951962945652,-0.35684001688281164,-0.8571849529679181,0.5052869891983889,0.8854373446185413,0.4288149961282697,0.9154701468628881,-0.7093165942953599,0.051547131795331325,-0.9454830541276467,1.1139586833455075,0.46487496343091816,-0.13219667458017526,-0.869944921261828,-0.7540284700461859,0.6382330994228766,0.02267679194112837,-0.7821303821537473,0.5841688091909845,1.3090444180008527,-1.004358507990272,-1.8631880281244042,-0.2006536519881701,0.12172483485828245,0.9898834530642819,-0.9843380759830129,-1.3036275346094088,-0.7286107961878399,-0.5302549193023971,0.6565083488894423,-1.7381896454463641,-0.448394934913102,-0.961315529571781,-0.41197875877209444,-0.3909567982860125,-0.6675371371601422,-0.670869102722512,1.4925406300881887,-1.4351325893697116,0.7217430999218406,-1.7186095641019667,-1.8885948040958418,0.6972493387780023,-1.1560239565728354,-0.5263076191285121,0.0,0.03867596703907328,-1.8954028154230773,-0.8831476360113237,-1.3834925720964302,-0.021020629930123214,0.3591297254900292,-0.09749262300024242,0.389162527734376,-1.235624213423872,-0.47476048733318077,-1.4717906732561588,0.5876510642169954,-0.06143265569759393,-0.6585042937086873,-1.39625254039034,-1.280336089174698,0.11192548029436455,-0.5036308271873837,-1.3084380012822594,0.05786119006247237,0.7827367988723406,-1.530666127118784,-2.3894956472529163,-0.7269612711166822,-0.40458278427022965,0.46357583393576984,-1.510645695111525,-1.829935153737921,-1.254918415316352,-1.0565625384309092,0.13020072976093022,-2.264497264574876,-0.9747025540416141,-1.487623148700293,-0.9382863779006065,-0.9172644174145246,-1.1938447562886543,-1.197176721851024,0.9662330109596766,-1.9614402084982236,0.1954354807933285,-1.75728553114104,-1.927270771134915,0.658573371738929,-1.1946999236119087,-0.5649835861675854,-0.03867596703907328,0.0,-1.9340787824621506,-0.921823603050397,-1.4221685391355035,-0.05969659696919649,0.3204537584509559,-0.1361685900393157,0.3504865606953027,-1.2743001804629452,-0.513436454372254,-1.510466640295232,0.5489750971779221,-0.10010862273666721,-0.6971802607477606,-1.4349285074294134,-1.3190120562137713,0.07324951325529128,-0.542306794226457,-1.3471139683213327,0.01918522302339909,0.7440608318332673,-1.5693420941578573,-2.4281716142919896,-0.7656372381557555,-0.4432587513093029,0.42489986689669657,-1.5493216621505983,-1.8686111207769942,-1.2935943823554252,-1.0952385054699825,0.09152476272185694,-2.3031732316139495,-1.0133785210806874,-1.5262991157393664,-0.9769623449396798,-0.9559403844535979,-1.2325207233277276,-1.2358526888900974,0.9275570439206033,-2.000116175537297,0.15675951375425523,0.17679325132111057,0.006808011327235519,2.5926521542010796,0.7393788588502419,1.3690951962945652,1.8954028154230773,1.9340787824621506,0.0,1.0122551794117536,0.5119102433266471,1.874382185492954,2.2545325409131065,1.797910192422835,2.2845653431574533,0.6597786019992053,1.4206423280898965,0.42361214216691856,2.4830538796400727,1.8339701597254834,1.23689852171439,0.49915027503273723,0.6150667262483793,2.007328295717442,1.3917719882356936,0.5869648141408179,1.9532640054855497,2.678139614295418,0.3647366883042933,-0.494092831829839,1.1684415443063951,1.4908200311528477,2.358978649358847,0.3847571203115523,0.06546766168515639,0.6404844001067254,0.8388402769921681,2.0256035451840075,-0.3690944491517989,0.9207002613814632,0.4077796667227842,0.9571164375224708,0.9781383980085527,0.701558059134423,0.6982260935720532,2.861635826382754,-0.06603739307514633,2.090838296216406,-0.835461928090643,-1.005447168084518,1.580396974789326,-0.2728763205615117,0.35684001688281164,0.8831476360113237,0.921823603050397,-1.0122551794117536,0.0,-0.5003449360851064,0.8621270060812005,1.242277361501353,0.7856550130110813,1.2723101637456997,-0.35247657741254823,0.40838714867814296,-0.588643037244835,1.4707987002283192,0.8217149803137298,0.22464334230263638,-0.5131049043790163,-0.39718845316337426,0.9950731163056883,0.37951680882394,-0.42529036527093567,0.9410088260737961,1.6658844348836643,-0.6475184911074603,-1.5063480112415926,0.15618636489464155,0.4785648517410941,1.3467234699470936,-0.6274980591002013,-0.9467875177265972,-0.3717707793050282,-0.17341490241958546,1.013348365772254,-1.3813496285635525,-0.09155491803029037,-0.6044755126889694,-0.055138741889282805,-0.034116781403200847,-0.31069712027733054,-0.31402908583970035,1.8493806469710004,-1.0782925724869,1.0785831168046522,-0.3351169920055366,-0.5051022319994116,2.0807419108744325,0.22746861552359476,0.8571849529679181,1.3834925720964302,1.4221685391355035,-0.5119102433266471,0.5003449360851064,0.0,1.362471942166307,1.7426222975864594,1.2859999490961878,1.7726550998308062,0.1478683586725582,0.9087320847632494,-0.08829810115972858,1.9711436363134256,1.3220599163988362,0.7249882783877428,-0.012759968293909907,0.10315648292173218,1.4954180523907947,0.8798617449090465,0.07505457081417077,1.4413537621589025,2.1662293709687708,-0.14717355502235385,-1.0060030751564861,0.656531300979748,0.9789097878262005,1.8470684060322,-0.12715312301509485,-0.44644258164149075,0.12857415678007822,0.326930033665521,1.5136933018573604,-0.881004692478446,0.4087900180548161,-0.10413057660386293,0.44520619419582363,0.4662281546819056,0.1896478158077759,0.1863158502454061,2.349725583056107,-0.5779476364017935,1.5789280528897587,-1.6975889341718435,-1.8675741741657186,0.7182699687081255,-1.1350033266427122,-0.5052869891983889,0.021020629930123214,0.05969659696919649,-1.874382185492954,-0.8621270060812005,-1.362471942166307,0.0,0.3801503554201524,-0.0764719930701192,0.4101831576644992,-1.2146035834937488,-0.45373985740305756,-1.4507700433260355,0.6086716941471186,-0.040412025767470716,-0.6374836637785641,-1.3752319104602169,-1.2593154592445748,0.13294611022448777,-0.4826101972572605,-1.2874173713521362,0.07888181999259558,0.8037574288024638,-1.5096454971886608,-2.368475017322793,-0.705940641186559,-0.38356215434010643,0.48459646386589306,-1.4896250651814018,-1.8089145238077977,-1.2338977853862287,-1.035541908500786,0.15122135969105344,-2.243476634644753,-0.9536819241114909,-1.46660251877017,-0.9172657479704833,-0.8962437874844014,-1.172824126358531,-1.1761560919209009,0.9872536408897998,-1.9404195785681004,0.21645611072345172,-2.077739289591996,-2.247724529585871,0.33811961328797313,-1.5151536820628646,-0.8854373446185413,-0.3591297254900292,-0.3204537584509559,-2.2545325409131065,-1.242277361501353,-1.7426222975864594,-0.3801503554201524,0.0,-0.4566223484902716,0.03003280224434679,-1.5947539389139012,-0.83389021282321,-1.830920398746188,0.22852133872696623,-0.4205623811876231,-1.0176340191987165,-1.7553822658803693,-1.6394658146647272,-0.24720424519566464,-0.8627605526774129,-1.6675677267722886,-0.3012685354275568,0.4236070733823114,-1.8897958526088132,-2.7486253727429455,-1.0860909966067114,-0.7637125097602588,0.10444610844574065,-1.8697754206015542,-2.18906487922795,-1.6140481408063811,-1.4156922639209384,-0.22892899572909897,-2.6236269900649054,-1.3338322795316433,-1.8467528741903223,-1.2974161033906357,-1.2763941429045538,-1.5529744817786835,-1.5563064473410533,0.6071032854696474,-2.320569933988253,-0.16369424469670069,-1.6211169411017243,-1.7911021810955994,0.7947419617782447,-1.058531333572593,-0.4288149961282697,0.09749262300024242,0.1361685900393157,-1.797910192422835,-0.7856550130110813,-1.2859999490961878,0.0764719930701192,0.4566223484902716,0.0,0.4866551507346184,-1.1381315904236295,-0.37726786433293835,-1.3742980502559163,0.6851436872172378,0.03605996730264849,-0.5610116707084449,-1.2987599173900977,-1.1828434661744556,0.20941810329460697,-0.4061382041871413,-1.210945378282017,0.15535381306271479,0.880229421872583,-1.4331735041185416,-2.292003024252674,-0.6294686481164398,-0.3070901612699872,0.5610684569360123,-1.4131530721112826,-1.7324425307376785,-1.1574257923161095,-0.9590699154306668,0.22769335276117264,-2.167004641574634,-0.8772099310413717,-1.3901305257000507,-0.8407937549003641,-0.8197717944142822,-1.0963521332884119,-1.0996840988507817,1.063725633959919,-1.8639475854979812,0.2929281037935709,-2.1077720918363427,-2.277757331830218,0.30808681104362634,-1.5451864843072114,-0.9154701468628881,-0.389162527734376,-0.3504865606953027,-2.2845653431574533,-1.2723101637456997,-1.7726550998308062,-0.4101831576644992,-0.03003280224434679,-0.4866551507346184,0.0,-1.624786741158248,-0.8639230150675568,-1.8609532009905347,0.19848853648261944,-0.4505951834319699,-1.0476668214430633,-1.785415068124716,-1.669498616909074,-0.27723704744001143,-0.8927933549217597,-1.6976005290166354,-0.3313013376719036,0.3935742711379646,-1.91982865485316,-2.7786581749872923,-1.1161237988510582,-0.7937453120046056,0.07441330620139386,-1.899808222845901,-2.219097681472297,-1.644080943050728,-1.4457250661652852,-0.25896179797344576,-2.653659792309252,-1.36386508177599,-1.876785676434669,-1.3274489056349825,-1.3064269451489006,-1.5830072840230303,-1.5863392495854,0.5770704832253006,-2.3506027362325996,-0.19372704694104748,-0.4829853506780948,-0.6529705906719698,1.9328735522018743,0.07960025685103655,0.7093165942953599,1.235624213423872,1.2743001804629452,-0.6597786019992053,0.35247657741254823,-0.1478683586725582,1.2146035834937488,1.5947539389139012,1.1381315904236295,1.624786741158248,0.0,0.7608637260906912,-0.2361664598322868,1.8232752776408674,1.174191557726278,0.5771199197151846,-0.16062832696646812,-0.044711875750826025,1.3475496937182365,0.7319933862364882,-0.07281378785838744,1.2934854034863443,2.0183610122962126,-0.29504191369491206,-1.1538714338290443,0.5086629423071898,0.8310414291536423,1.6992000473596418,-0.27502148168765306,-0.594310940314049,-0.01929420189247999,0.17906167499296277,1.3658249431848022,-1.0288730511510042,0.26092165938225786,-0.25199893527642114,0.2973378355232654,0.3183597960093474,0.04177945713521769,0.03844749157284788,2.2018572243835486,-0.7258159950743517,1.4310596942172005,-1.243849076768786,-1.413834316762661,1.172009826111183,-0.6812634692396546,-0.051547131795331325,0.47476048733318077,0.513436454372254,-1.4206423280898965,-0.40838714867814296,-0.9087320847632494,0.45373985740305756,0.83389021282321,0.37726786433293835,0.8639230150675568,-0.7608637260906912,0.0,-0.997030185922978,1.0624115515501762,0.41332783163558684,-0.18374380637550658,-0.9214920530571593,-0.8055756018415172,0.5866859676275453,-0.028870339854202953,-0.8336775139490786,0.5326216773956531,1.2574972862055214,-1.0559056397856033,-1.9147351599197355,-0.2522007837835014,0.07017770306295112,0.9383363212689506,-1.0358852077783443,-1.3551746664047402,-0.7801579279831712,-0.5818020510977284,0.604961217094111,-1.7897367772416954,-0.49994206670843333,-1.0128626613671123,-0.46352589056742577,-0.4425039300813438,-0.7190842689554735,-0.7224162345178433,1.4409934982928574,-1.4866797211650429,0.6701959681265093,-0.246818890845808,-0.41680413083968304,2.169040012034161,0.31576671668332335,0.9454830541276467,1.4717906732561588,1.510466640295232,-0.42361214216691856,0.588643037244835,0.08829810115972858,1.4507700433260355,1.830920398746188,1.3742980502559163,1.8609532009905347,0.2361664598322868,0.997030185922978,0.0,2.059441737473154,1.4103580175585648,0.8132863795474714,0.07553813286581867,0.19145458408146077,1.5837161535505233,0.968159846068775,0.16335267197389935,1.5296518633186311,2.2545274721284994,-0.05887545386262527,-0.9177049739967575,0.7448294021394766,1.067207888985929,1.9353665071919286,-0.03885502185536627,-0.3581444804817622,0.2168722579398068,0.41522813482524956,1.601991403017089,-0.7927065913187175,0.49708811921454465,-0.015832475444134353,0.5335042953555522,0.5545262558416342,0.2779459169675045,0.27461395140513467,2.4380236842158354,-0.4896495352420649,1.6672261540494873,-2.306260628318962,-2.476245868312837,0.1095982745610069,-1.7436750207898308,-1.1139586833455075,-0.5876510642169954,-0.5489750971779221,-2.4830538796400727,-1.4707987002283192,-1.9711436363134256,-0.6086716941471186,-0.22852133872696623,-0.6851436872172378,-0.19848853648261944,-1.8232752776408674,-1.0624115515501762,-2.059441737473154,0.0,-0.6490837199145894,-1.2461553579256828,-1.9839036046073355,-1.8679871533916934,-0.47572558392263087,-1.0912818914043791,-1.8960890654992548,-0.529789874154523,0.19508573465534518,-2.1183171913357794,-2.9771467114699117,-1.3146123353336776,-0.9922338484872251,-0.12407523028122558,-2.0982967593285204,-2.4175862179549163,-1.8425694795333474,-1.6442136026479046,-0.4574503344560652,-2.8521483287918716,-1.5623536182586095,-2.0752742129172885,-1.525937442117602,-1.50491548163152,-1.7814958205056497,-1.7848277860680195,0.3785819467426812,-2.549091272715219,-0.3922155834236669,-1.6571769084043728,-1.8271621483982479,0.7586819944755963,-1.0945913008752415,-0.46487496343091816,0.06143265569759393,0.10010862273666721,-1.8339701597254834,-0.8217149803137298,-1.3220599163988362,0.040412025767470716,0.4205623811876231,-0.03605996730264849,0.4505951834319699,-1.174191557726278,-0.41332783163558684,-1.4103580175585648,0.6490837199145894,0.0,-0.5970716380110934,-1.3348198846927462,-1.218903433477104,0.17335813599195848,-0.4421981714897898,-1.2470053455846655,0.1192938457600663,0.8441694545699345,-1.46923347142119,-2.3280629915553224,-0.6655286154190883,-0.3431501285726357,0.5250084896333638,-1.449213039413931,-1.768502498040327,-1.193485759618758,-0.9951298827333153,0.19163338545852415,-2.2030646088772823,-0.9132698983440202,-1.4261904930026992,-0.8768537222030126,-0.8558317617169307,-1.1324121005910603,-1.1357440661534302,1.0276656666572705,-1.9000075528006297,0.25686813649092244,-1.0601052703932794,-1.2300905103871544,1.3557536324866897,-0.49751966286414806,0.13219667458017526,0.6585042937086873,0.6971802607477606,-1.23689852171439,-0.22464334230263638,-0.7249882783877428,0.6374836637785641,1.0176340191987165,0.5610116707084449,1.0476668214430633,-0.5771199197151846,0.18374380637550658,-0.8132863795474714,1.2461553579256828,0.5970716380110934,0.0,-0.7377482466816527,-0.6218317954660106,0.7704297740030519,0.15487346652130363,-0.649933707573572,0.7163654837711597,1.441241092581028,-0.8721618334100967,-1.730991353544229,-0.06845697740799483,0.2539215094384577,1.1220801276444572,-0.8521414014028377,-1.1714308600292336,-0.5964141216076646,-0.39805824472222184,0.7887050234696176,-1.6059929708661889,-0.31619826033292675,-0.8291188549916058,-0.2797820841919192,-0.25876012370583723,-0.5353404625799669,-0.5386724281423367,1.624737304668364,-1.3029359147895363,0.8539397745020159,-0.32235702371162667,-0.4923422637055017,2.0935018791683424,0.24022858381750467,0.869944921261828,1.39625254039034,1.4349285074294134,-0.49915027503273723,0.5131049043790163,0.012759968293909907,1.3752319104602169,1.7553822658803693,1.2987599173900977,1.785415068124716,0.16062832696646812,0.9214920530571593,-0.07553813286581867,1.9839036046073355,1.3348198846927462,0.7377482466816527,0.0,0.11591645121564209,1.5081780206847046,0.8926217132029564,0.08781453910808068,1.4541137304528124,2.1789893392626807,-0.13441358672844395,-0.9932431068625762,0.6692912692736579,0.9916697561201104,1.85982837432611,-0.11439315472118494,-0.43368261334758085,0.14133412507398813,0.3396900019594309,1.5264532701512703,-0.8682447241845361,0.421549986348726,-0.09137060830995303,0.45796616248973354,0.4789881229758155,0.2024077841016858,0.199075818539316,2.3624855513500167,-0.5651876681078836,1.5916880211836686,-0.43827347492726876,-0.6082587149211438,1.9775854279527003,0.12431213260186258,0.7540284700461859,1.280336089174698,1.3190120562137713,-0.6150667262483793,0.39718845316337426,-0.10315648292173218,1.2593154592445748,1.6394658146647272,1.1828434661744556,1.669498616909074,0.044711875750826025,0.8055756018415172,-0.19145458408146077,1.8679871533916934,1.218903433477104,0.6218317954660106,-0.11591645121564209,0.0,1.3922615694690625,0.7767052619873143,-0.02810191210756141,1.3381972792371704,2.0630728880470386,-0.25033003794408604,-1.1091595580782183,0.5533748180580158,0.8757533049044683,1.7439119231104678,-0.23030960593682703,-0.5495990645632229,0.025417673858346035,0.2237735507437888,1.4105368189356282,-0.9841611754001782,0.3056335351330839,-0.20728705952559512,0.34204971127409145,0.3630716717601734,0.08649133288604371,0.0831593673236739,2.2465691001343746,-0.6811041193235257,1.4757715699680265,-1.8305350443963313,-2.0005202843902063,0.5853238584836378,-1.2679494368672,-0.6382330994228766,-0.11192548029436455,-0.07324951325529128,-2.007328295717442,-0.9950731163056883,-1.4954180523907947,-0.13294611022448777,0.24720424519566464,-0.20941810329460697,0.27723704744001143,-1.3475496937182365,-0.5866859676275453,-1.5837161535505233,0.47572558392263087,-0.17335813599195848,-0.7704297740030519,-1.5081780206847046,-1.3922615694690625,0.0,-0.6155563074817483,-1.420363481576624,-0.05406429023189219,0.670811318577976,-1.6425916074131486,-2.501421127547281,-0.8388867514110467,-0.5165082645645942,0.3516503536414053,-1.6225711754058896,-1.9418606340322855,-1.3668438956107165,-1.1684880187252737,0.01827524946656567,-2.3764227448692408,-1.0866280343359787,-1.5995486289946577,-1.050211858194971,-1.0291898977088891,-1.3057702365830188,-1.3091022021453886,0.8543075306653121,-2.073365688792588,0.08351000049896395,-1.214978736914583,-1.384963976908458,1.200880165965386,-0.6523931293854517,-0.02267679194112837,0.5036308271873837,0.542306794226457,-1.3917719882356936,-0.37951680882394,-0.8798617449090465,0.4826101972572605,0.8627605526774129,0.4061382041871413,0.8927933549217597,-0.7319933862364882,0.028870339854202953,-0.968159846068775,1.0912818914043791,0.4421981714897898,-0.15487346652130363,-0.8926217132029564,-0.7767052619873143,0.6155563074817483,0.0,-0.8048071740948757,0.5614920172498561,1.2863676260597243,-1.0270352999314003,-1.8858648200655326,-0.22333044392929846,0.09904804291715408,0.9672066611231536,-1.0070148679241413,-1.3263043265505372,-0.7512875881289682,-0.5529317112435255,0.633831556948314,-1.7608664373874925,-0.4710717268542304,-0.9839923215129094,-0.4346555507132228,-0.41363359022714086,-0.6902139291012706,-0.6935458946636404,1.4698638381470603,-1.45780938131084,0.6990663079807122,-0.41017156281970735,-0.5801568028135824,2.0056873400602617,0.152414044709424,0.7821303821537473,1.3084380012822594,1.3471139683213327,-0.5869648141408179,0.42529036527093567,-0.07505457081417077,1.2874173713521362,1.6675677267722886,1.210945378282017,1.6976005290166354,0.07281378785838744,0.8336775139490786,-0.16335267197389935,1.8960890654992548,1.2470053455846655,0.649933707573572,-0.08781453910808068,0.02810191210756141,1.420363481576624,0.8048071740948757,0.0,1.3662991913447318,2.0911748001546,-0.22222812583652463,-1.081057645970657,0.5814767301655772,0.9038552170120298,1.7720138352180292,-0.20220769382926562,-0.5214971524556615,0.053519585965907446,0.2518754628513502,1.4386387310431896,-0.9560592632926168,0.3337354472406453,-0.1791851474180337,0.37015162338165286,0.3911735838677348,0.11459324499360513,0.11126127943123532,2.274671012241936,-0.6530022072159642,1.503873482075588,-1.7764707541644391,-1.9464559941583142,0.63938814871553,-1.2138851466353078,-0.5841688091909845,-0.05786119006247237,-0.01918522302339909,-1.9532640054855497,-0.9410088260737961,-1.4413537621589025,-0.07888181999259558,0.3012685354275568,-0.15535381306271479,0.3313013376719036,-1.2934854034863443,-0.5326216773956531,-1.5296518633186311,0.529789874154523,-0.1192938457600663,-0.7163654837711597,-1.4541137304528124,-1.3381972792371704,0.05406429023189219,-0.5614920172498561,-1.3662991913447318,0.0,0.7248756088098682,-1.5885273171812564,-2.4473568373153887,-0.7848224611791546,-0.462443974332702,0.4057146438732975,-1.5685068851739974,-1.8877963438003933,-1.3127796053788243,-1.1144237284933816,0.07233953969845786,-2.3223584546373486,-1.0325637441040865,-1.5454843387627655,-0.9961475679630789,-0.975125607476997,-1.2517059463511266,-1.2550379119134965,0.9083718208972043,-2.019301398560696,0.13757429073085614,-2.5013463629743073,-2.6713316029681824,-0.08548746009433827,-1.938760755445176,-1.3090444180008527,-0.7827367988723406,-0.7440608318332673,-2.678139614295418,-1.6658844348836643,-2.1662293709687708,-0.8037574288024638,-0.4236070733823114,-0.880229421872583,-0.3935742711379646,-2.0183610122962126,-1.2574972862055214,-2.2545274721284994,-0.19508573465534518,-0.8441694545699345,-1.441241092581028,-2.1789893392626807,-2.0630728880470386,-0.670811318577976,-1.2863676260597243,-2.0911748001546,-0.7248756088098682,0.0,-2.3134029259911246,-3.172232446125257,-1.5096980699890228,-1.1873195831425702,-0.31916096493657076,-2.2933824939838656,-2.6126719526102615,-2.0376552141886926,-1.8392993373032498,-0.6525360691114104,-3.047234063447217,-1.7574393529139547,-2.2703599475726337,-1.7210231767729471,-1.7000012162868652,-1.9765815551609949,-1.9799135207233647,0.18349621208733602,-2.7441770073705642,-0.5873013180790121,-0.18794343698318272,-0.35792867697705777,2.2279154658967864,0.3746421705459486,1.004358507990272,1.530666127118784,1.5693420941578573,-0.3647366883042933,0.6475184911074603,0.14717355502235385,1.5096454971886608,1.8897958526088132,1.4331735041185416,1.91982865485316,0.29504191369491206,1.0559056397856033,0.05887545386262527,2.1183171913357794,1.46923347142119,0.8721618334100967,0.13441358672844395,0.25033003794408604,1.6425916074131486,1.0270352999314003,0.22222812583652463,1.5885273171812564,2.3134029259911246,0.0,-0.8588295201341323,0.8037048560021018,1.1260833428485544,1.9942419610545539,0.020020432007259004,-0.2992690266191369,0.27574771180243207,0.47410358868787483,1.6608668568797142,-0.7338311374560922,0.5559635730771699,0.04304297841849092,0.5923797492181775,0.6134017097042594,0.33682137083012975,0.33348940526775994,2.4968991380784606,-0.4307740813794396,1.7261016079121125,0.6708860831509496,0.5009008431570745,3.0867449860309186,1.233471690680081,1.8631880281244042,2.3894956472529163,2.4281716142919896,0.494092831829839,1.5063480112415926,1.0060030751564861,2.368475017322793,2.7486253727429455,2.292003024252674,2.7786581749872923,1.1538714338290443,1.9147351599197355,0.9177049739967575,2.9771467114699117,2.3280629915553224,1.730991353544229,0.9932431068625762,1.1091595580782183,2.501421127547281,1.8858648200655326,1.081057645970657,2.4473568373153887,3.172232446125257,0.8588295201341323,0.0,1.6625343761362341,1.9849128629826867,2.853071481188686,0.8788499521413913,0.5595604935149954,1.1345772319365643,1.332933108822007,2.5196963770138465,0.12499838267804009,1.4147930932113022,0.9018724985526232,1.4512092693523098,1.4722312298383917,1.195650890964262,1.1923189254018922,3.355728658212593,0.42805543875469265,2.584931128046245,-0.9916482929852846,-1.1616335329791596,1.4242106098946845,-0.4290626854561532,0.2006536519881701,0.7269612711166822,0.7656372381557555,-1.1684415443063951,-0.15618636489464155,-0.656531300979748,0.705940641186559,1.0860909966067114,0.6294686481164398,1.1161237988510582,-0.5086629423071898,0.2522007837835014,-0.7448294021394766,1.3146123353336776,0.6655286154190883,0.06845697740799483,-0.6692912692736579,-0.5533748180580158,0.8388867514110467,0.22333044392929846,-0.5814767301655772,0.7848224611791546,1.5096980699890228,-0.8037048560021018,-1.6625343761362341,0.0,0.32237848684645254,1.190537105052452,-0.7836844239948428,-1.1029738826212387,-0.5279571441996698,-0.329601267314227,0.8571620008776124,-1.537535993458194,-0.24774128292493192,-0.7606618775836109,-0.21132510678392435,-0.1903031462978424,-0.4668834851719721,-0.4702154507343419,1.6931942820763588,-1.2344789373815415,0.9223967519100107,-1.314026779831737,-1.4840120198256121,1.101832123048232,-0.7514411723026058,-0.12172483485828245,0.40458278427022965,0.4432587513093029,-1.4908200311528477,-0.4785648517410941,-0.9789097878262005,0.38356215434010643,0.7637125097602588,0.3070901612699872,0.7937453120046056,-0.8310414291536423,-0.07017770306295112,-1.067207888985929,0.9922338484872251,0.3431501285726357,-0.2539215094384577,-0.9916697561201104,-0.8757533049044683,0.5165082645645942,-0.09904804291715408,-0.9038552170120298,0.462443974332702,1.1873195831425702,-1.1260833428485544,-1.9849128629826867,-0.32237848684645254,0.0,0.8681586182059995,-1.1060629108412954,-1.4253523694676913,-0.8503356310461223,-0.6519797541606795,0.5347835140311599,-1.8599144803046466,-0.5701197697713845,-1.0830403644300635,-0.5337035936303769,-0.5126816331442949,-0.7892619720184246,-0.7925939375807944,1.3708157952299063,-1.556857424227994,0.6000182650635582,-2.1821853980377366,-2.3521706380316116,0.23367350484223248,-1.6195997905086053,-0.9898834530642819,-0.46357583393576984,-0.42489986689669657,-2.358978649358847,-1.3467234699470936,-1.8470684060322,-0.48459646386589306,-0.10444610844574065,-0.5610684569360123,-0.07441330620139386,-1.6992000473596418,-0.9383363212689506,-1.9353665071919286,0.12407523028122558,-0.5250084896333638,-1.1220801276444572,-1.85982837432611,-1.7439119231104678,-0.3516503536414053,-0.9672066611231536,-1.7720138352180292,-0.4057146438732975,0.31916096493657076,-1.9942419610545539,-2.853071481188686,-1.190537105052452,-0.8681586182059995,0.0,-1.9742215290472949,-2.2935109876736908,-1.7184942492521218,-1.520138372366679,-0.3333751041748396,-2.728073098510646,-1.438278387977384,-1.951198982636063,-1.4018622118363764,-1.3808402513502944,-1.6574205902244241,-1.660752555786794,0.5026571770239068,-2.4250160424339935,-0.26814035314244133,-0.20796386899044172,-0.3779491089843168,2.2078950338895273,0.3546217385386896,0.9843380759830129,1.510645695111525,1.5493216621505983,-0.3847571203115523,0.6274980591002013,0.12715312301509485,1.4896250651814018,1.8697754206015542,1.4131530721112826,1.899808222845901,0.27502148168765306,1.0358852077783443,0.03885502185536627,2.0982967593285204,1.449213039413931,0.8521414014028377,0.11439315472118494,0.23030960593682703,1.6225711754058896,1.0070148679241413,0.20220769382926562,1.5685068851739974,2.2933824939838656,-0.020020432007259004,-0.8788499521413913,0.7836844239948428,1.1060629108412954,1.9742215290472949,0.0,-0.3192894586263959,0.25572727979517307,0.45408315668061583,1.6408464248724552,-0.7538515694633512,0.5359431410699109,0.023022546411231914,0.5723593172109185,0.5933812776970004,0.31680093882287075,0.31346897326050094,2.4768787060712016,-0.4507945133866986,1.7060811759048535,0.11132558963595418,-0.05865965035792087,2.5271844925159233,0.6739111971650855,1.3036275346094088,1.829935153737921,1.8686111207769942,-0.06546766168515639,0.9467875177265972,0.44644258164149075,1.8089145238077977,2.18906487922795,1.7324425307376785,2.219097681472297,0.594310940314049,1.3551746664047402,0.3581444804817622,2.4175862179549163,1.768502498040327,1.1714308600292336,0.43368261334758085,0.5495990645632229,1.9418606340322855,1.3263043265505372,0.5214971524556615,1.8877963438003933,2.6126719526102615,0.2992690266191369,-0.5595604935149954,1.1029738826212387,1.4253523694676913,2.2935109876736908,0.3192894586263959,0.0,0.575016738421569,0.7733726153070117,1.9601358834988512,-0.4345621108369553,0.8552325996963068,0.3423120050376278,0.8916487758373144,0.9126707363233963,0.6360903974492667,0.6327584318868968,2.7961681646975975,-0.13150505476030272,2.0253706345312494,-0.4636911487856148,-0.6336763887794898,1.9521677540943543,0.09889445874351654,0.7286107961878399,1.254918415316352,1.2935943823554252,-0.6404844001067254,0.3717707793050282,-0.12857415678007822,1.2338977853862287,1.6140481408063811,1.1574257923161095,1.644080943050728,0.01929420189247999,0.7801579279831712,-0.2168722579398068,1.8425694795333474,1.193485759618758,0.5964141216076646,-0.14133412507398813,-0.025417673858346035,1.3668438956107165,0.7512875881289682,-0.053519585965907446,1.3127796053788243,2.0376552141886926,-0.27574771180243207,-1.1345772319365643,0.5279571441996698,0.8503356310461223,1.7184942492521218,-0.25572727979517307,-0.575016738421569,0.0,0.19835587688544276,1.3851191450772822,-1.0095788492585243,0.28021586127473785,-0.23270473338394115,0.3166320374157454,0.3376539979018274,0.06107365902769768,0.05774169346532787,2.2211514262760286,-0.7065217931818717,1.4503538961096805,-0.6620470256710576,-0.8320322656649326,1.7538118772089115,-0.09946141814192622,0.5302549193023971,1.0565625384309092,1.0952385054699825,-0.8388402769921681,0.17341490241958546,-0.326930033665521,1.035541908500786,1.4156922639209384,0.9590699154306668,1.4457250661652852,-0.17906167499296277,0.5818020510977284,-0.41522813482524956,1.6442136026479046,0.9951298827333153,0.39805824472222184,-0.3396900019594309,-0.2237735507437888,1.1684880187252737,0.5529317112435255,-0.2518754628513502,1.1144237284933816,1.8392993373032498,-0.47410358868787483,-1.332933108822007,0.329601267314227,0.6519797541606795,1.520138372366679,-0.45408315668061583,-0.7733726153070117,-0.19835587688544276,0.0,1.1867632681918394,-1.207934726143967,0.08185998438929509,-0.4310606102693839,0.11827616053030265,0.1392981210163846,-0.13728221785774508,-0.1406141834201149,2.022795549390586,-0.9048776700673145,1.2519980192242377,-1.848810293862897,-2.018795533856772,0.5670486090170721,-1.2862246863337656,-0.6565083488894423,-0.13020072976093022,-0.09152476272185694,-2.0256035451840075,-1.013348365772254,-1.5136933018573604,-0.15122135969105344,0.22892899572909897,-0.22769335276117264,0.25896179797344576,-1.3658249431848022,-0.604961217094111,-1.601991403017089,0.4574503344560652,-0.19163338545852415,-0.7887050234696176,-1.5264532701512703,-1.4105368189356282,-0.01827524946656567,-0.633831556948314,-1.4386387310431896,-0.07233953969845786,0.6525360691114104,-1.6608668568797142,-2.5196963770138465,-0.8571620008776124,-0.5347835140311599,0.3333751041748396,-1.6408464248724552,-1.9601358834988512,-1.3851191450772822,-1.1867632681918394,0.0,-2.3946979943358064,-1.1049032838025443,-1.6178238784612233,-1.0684871076615368,-1.0474651471754548,-1.3240454860495845,-1.3273774516119543,0.8360322811987464,-2.091640938259154,0.06523475103239829,0.5458877004729095,0.3759024604790344,2.9617466033528785,1.1084733080020408,1.7381896454463641,2.264497264574876,2.3031732316139495,0.3690944491517989,1.3813496285635525,0.881004692478446,2.243476634644753,2.6236269900649054,2.167004641574634,2.653659792309252,1.0288730511510042,1.7897367772416954,0.7927065913187175,2.8521483287918716,2.2030646088772823,1.6059929708661889,0.8682447241845361,0.9841611754001782,2.3764227448692408,1.7608664373874925,0.9560592632926168,2.3223584546373486,3.047234063447217,0.7338311374560922,-0.12499838267804009,1.537535993458194,1.8599144803046466,2.728073098510646,0.7538515694633512,0.4345621108369553,1.0095788492585243,1.207934726143967,2.3946979943358064,0.0,1.2897947105332621,0.7768741158745831,1.3262108866742697,1.3472328471603516,1.070652508286222,1.0673205427238521,3.230730275534553,0.30305705607665256,2.4599327453682047,-0.7439070100603526,-0.9138922500542277,1.6719518928196164,-0.1813214025312213,0.448394934913102,0.9747025540416141,1.0133785210806874,-0.9207002613814632,0.09155491803029037,-0.4087900180548161,0.9536819241114909,1.3338322795316433,0.8772099310413717,1.36386508177599,-0.26092165938225786,0.49994206670843333,-0.49708811921454465,1.5623536182586095,0.9132698983440202,0.31619826033292675,-0.421549986348726,-0.3056335351330839,1.0866280343359787,0.4710717268542304,-0.3337354472406453,1.0325637441040865,1.7574393529139547,-0.5559635730771699,-1.4147930932113022,0.24774128292493192,0.5701197697713845,1.438278387977384,-0.5359431410699109,-0.8552325996963068,-0.28021586127473785,-0.08185998438929509,1.1049032838025443,-1.2897947105332621,0.0,-0.512920594658679,0.03641617614100756,0.05743813662708952,-0.21914220224704017,-0.22247416780940998,1.9409355650012907,-0.9867376544566095,1.1701380348349426,-0.23098641540167364,-0.4009716553955487,2.1848724874782954,0.3315991921274577,0.961315529571781,1.487623148700293,1.5262991157393664,-0.4077796667227842,0.6044755126889694,0.10413057660386293,1.46660251877017,1.8467528741903223,1.3901305257000507,1.876785676434669,0.25199893527642114,1.0128626613671123,0.015832475444134353,2.0752742129172885,1.4261904930026992,0.8291188549916058,0.09137060830995303,0.20728705952559512,1.5995486289946577,0.9839923215129094,0.1791851474180337,1.5454843387627655,2.2703599475726337,-0.04304297841849092,-0.9018724985526232,0.7606618775836109,1.0830403644300635,1.951198982636063,-0.023022546411231914,-0.3423120050376278,0.23270473338394115,0.4310606102693839,1.6178238784612233,-0.7768741158745831,0.512920594658679,0.0,0.5493367707996866,0.5703587312857685,0.29377839241163883,0.290446426849269,2.4538561596599697,-0.47381705979793054,1.6830586294936216,-0.7803231862013602,-0.9503084261952353,1.6355357166786089,-0.21773757867222887,0.41197875877209444,0.9382863779006065,0.9769623449396798,-0.9571164375224708,0.055138741889282805,-0.44520619419582363,0.9172657479704833,1.2974161033906357,0.8407937549003641,1.3274489056349825,-0.2973378355232654,0.46352589056742577,-0.5335042953555522,1.525937442117602,0.8768537222030126,0.2797820841919192,-0.45796616248973354,-0.34204971127409145,1.050211858194971,0.4346555507132228,-0.37015162338165286,0.9961475679630789,1.7210231767729471,-0.5923797492181775,-1.4512092693523098,0.21132510678392435,0.5337035936303769,1.4018622118363764,-0.5723593172109185,-0.8916487758373144,-0.3166320374157454,-0.11827616053030265,1.0684871076615368,-1.3262108866742697,-0.03641617614100756,-0.5493367707996866,0.0,0.02102196048608196,-0.25555837838804774,-0.25889034395041755,1.9045193888602832,-1.023153830597617,1.133721858693935,-0.8013451466874422,-0.9713303866813172,1.614513756192527,-0.23875953915831083,0.3909567982860125,0.9172644174145246,0.9559403844535979,-0.9781383980085527,0.034116781403200847,-0.4662281546819056,0.8962437874844014,1.2763941429045538,0.8197717944142822,1.3064269451489006,-0.3183597960093474,0.4425039300813438,-0.5545262558416342,1.50491548163152,0.8558317617169307,0.25876012370583723,-0.4789881229758155,-0.3630716717601734,1.0291898977088891,0.41363359022714086,-0.3911735838677348,0.975125607476997,1.7000012162868652,-0.6134017097042594,-1.4722312298383917,0.1903031462978424,0.5126816331442949,1.3808402513502944,-0.5933812776970004,-0.9126707363233963,-0.3376539979018274,-0.1392981210163846,1.0474651471754548,-1.3472328471603516,-0.05743813662708952,-0.5703587312857685,-0.02102196048608196,0.0,-0.2765803388741297,-0.2799123044364995,1.8834974283742012,-1.044175791083699,1.112699898207853,-0.5247648078133125,-0.6947500478071875,1.8910940950666566,0.037820799715818865,0.6675371371601422,1.1938447562886543,1.2325207233277276,-0.701558059134423,0.31069712027733054,-0.1896478158077759,1.172824126358531,1.5529744817786835,1.0963521332884119,1.5830072840230303,-0.04177945713521769,0.7190842689554735,-0.2779459169675045,1.7814958205056497,1.1324121005910603,0.5353404625799669,-0.2024077841016858,-0.08649133288604371,1.3057702365830188,0.6902139291012706,-0.11459324499360513,1.2517059463511266,1.9765815551609949,-0.33682137083012975,-1.195650890964262,0.4668834851719721,0.7892619720184246,1.6574205902244241,-0.31680093882287075,-0.6360903974492667,-0.06107365902769768,0.13728221785774508,1.3240454860495845,-1.070652508286222,0.21914220224704017,-0.29377839241163883,0.25555837838804774,0.2765803388741297,0.0,-0.0033319655623698097,2.160077767248331,-0.7675954522095694,1.3892802370819828,-0.5214328422509427,-0.6914180822448177,1.8944260606290264,0.041152765278188674,0.670869102722512,1.197176721851024,1.2358526888900974,-0.6982260935720532,0.31402908583970035,-0.1863158502454061,1.1761560919209009,1.5563064473410533,1.0996840988507817,1.5863392495854,-0.03844749157284788,0.7224162345178433,-0.27461395140513467,1.7848277860680195,1.1357440661534302,0.5386724281423367,-0.199075818539316,-0.0831593673236739,1.3091022021453886,0.6935458946636404,-0.11126127943123532,1.2550379119134965,1.9799135207233647,-0.33348940526775994,-1.1923189254018922,0.4702154507343419,0.7925939375807944,1.660752555786794,-0.31346897326050094,-0.6327584318868968,-0.05774169346532787,0.1406141834201149,1.3273774516119543,-1.0673205427238521,0.22247416780940998,-0.290446426849269,0.25889034395041755,0.2799123044364995,0.0033319655623698097,0.0,2.1634097328107007,-0.7642634866471996,1.3926122026443526,-2.6848425750616434,-2.8548278150555184,-0.2689836721816743,-2.122256967532512,-1.4925406300881887,-0.9662330109596766,-0.9275570439206033,-2.861635826382754,-1.8493806469710004,-2.349725583056107,-0.9872536408897998,-0.6071032854696474,-1.063725633959919,-0.5770704832253006,-2.2018572243835486,-1.4409934982928574,-2.4380236842158354,-0.3785819467426812,-1.0276656666572705,-1.624737304668364,-2.3624855513500167,-2.2465691001343746,-0.8543075306653121,-1.4698638381470603,-2.274671012241936,-0.9083718208972043,-0.18349621208733602,-2.4968991380784606,-3.355728658212593,-1.6931942820763588,-1.3708157952299063,-0.5026571770239068,-2.4768787060712016,-2.7961681646975975,-2.2211514262760286,-2.022795549390586,-0.8360322811987464,-3.230730275534553,-1.9409355650012907,-2.4538561596599697,-1.9045193888602832,-1.8834974283742012,-2.160077767248331,-2.1634097328107007,0.0,-2.9276732194579003,-0.7707975301663481,0.2428306443962569,0.07284540440238185,2.658689547276226,0.8054162519253882,1.4351325893697116,1.9614402084982236,2.000116175537297,0.06603739307514633,1.0782925724869,0.5779476364017935,1.9404195785681004,2.320569933988253,1.8639475854979812,2.3506027362325996,0.7258159950743517,1.4866797211650429,0.4896495352420649,2.549091272715219,1.9000075528006297,1.3029359147895363,0.5651876681078836,0.6811041193235257,2.073365688792588,1.45780938131084,0.6530022072159642,2.019301398560696,2.7441770073705642,0.4307740813794396,-0.42805543875469265,1.2344789373815415,1.556857424227994,2.4250160424339935,0.4507945133866986,0.13150505476030272,0.7065217931818717,0.9048776700673145,2.091640938259154,-0.30305705607665256,0.9867376544566095,0.47381705979793054,1.023153830597617,1.044175791083699,0.7675954522095694,0.7642634866471996,2.9276732194579003,0.0,2.156875689291552,-1.9140450448952953,-2.0840302848891703,0.5018138579846738,-1.351459437366164,-0.7217430999218406,-0.1954354807933285,-0.15675951375425523,-2.090838296216406,-1.0785831168046522,-1.5789280528897587,-0.21645611072345172,0.16369424469670069,-0.2929281037935709,0.19372704694104748,-1.4310596942172005,-0.6701959681265093,-1.6672261540494873,0.3922155834236669,-0.25686813649092244,-0.8539397745020159,-1.5916880211836686,-1.4757715699680265,-0.08351000049896395,-0.6990663079807122,-1.503873482075588,-0.13757429073085614,0.5873013180790121,-1.7261016079121125,-2.584931128046245,-0.9223967519100107,-0.6000182650635582,0.26814035314244133,-1.7060811759048535,-2.0253706345312494,-1.4503538961096805,-1.2519980192242377,-0.06523475103239829,-2.4599327453682047,-1.1701380348349426,-1.6830586294936216,-1.133721858693935,-1.112699898207853,-1.3892802370819828,-1.3926122026443526,0.7707975301663481,-2.156875689291552,0.0,0.0,-0.27230195785848466,0.6418123859263538,-0.23065604680423046,-0.30634406512160517,1.8215784424253947,-0.1717208460710573,0.5978469752489257,-0.5712085198169667,0.13872943329561327,-0.3757256915427494,1.497715407132132,0.15009114814340663,-0.08526498923114723,-0.898964553641858,0.15164455874970173,2.13758078522806,0.41795419514494014,-0.2887345068784981,0.1798945600801254,1.6206796553193747,1.5096842209850871,0.3013520902494804,0.33424496863141684,0.44191775964604485,-0.010855693059198757,1.8639358989419286,1.5348071856596075,1.158826417178826,-0.8646392394606233,0.8384711427238667,0.9330354265908243,-0.14945773091959236,2.2637115473991862,0.25080502707976393,0.3301753074678144,-0.8947479173054873,0.20029842658196273,0.7904220813828537,0.7260606869550692,0.10795173870411912,0.3422994878096297,0.26128641658478635,-0.01349527053483257,0.4233935479488782,1.6806345280989134,0.40126221460240874,0.27230195785848466,0.0,0.9141143437848385,0.04164591105425419,-0.034042107263120513,2.0938804002838793,0.10058111178742735,0.8701489331074104,-0.2989065619584821,0.4110313911540979,-0.10342373368426472,1.7700173649906166,0.4223931060018913,0.18703696862733743,-0.6266625957833734,0.4239465166081864,2.409882743086545,0.6902561530034248,-0.016432549020013454,0.45219651793861004,1.8929816131778594,1.7819861788435718,0.573654048107965,0.6065469264899015,0.7142197175045295,0.2614462647992859,2.1362378568004132,1.8071091435180922,1.4311283750373107,-0.5923372816021386,1.1107731005823513,1.205337384449309,0.1228442269388923,2.536013505257671,0.5231069849382486,0.6024772653262991,-0.6224459594470027,0.4726003844404474,1.0627240392413384,0.9983626448135539,0.38025369656260377,0.6146014456681144,0.533588374443271,0.2588066873236521,0.6956955058073628,1.952936485957398,0.6735641724608934,-0.6418123859263538,-0.9141143437848385,0.0,-0.8724684327305843,-0.948156451047959,1.1797660564990409,-0.8135332319974111,-0.043965410677428096,-1.2130209057433206,-0.5030829526307405,-1.0175380774691032,0.8559030212057781,-0.4917212377829472,-0.727077375157501,-1.5407769395682118,-0.4901678271766521,1.4957683993017064,-0.22385819078141367,-0.9305468928048519,-0.4619178258462284,0.9788672693930209,0.8678718350587333,-0.3404602956768734,-0.307567417294937,-0.19989462628030896,-0.6526680789855526,1.2221235130155748,0.8929947997332537,0.5170140312524723,-1.506451625386977,0.19665875679751288,0.29122304066447047,-0.7912701168459462,1.6218991614728324,-0.3910073588465899,-0.3116370784585394,-1.5365603032318411,-0.4415139593443911,0.14860969545649994,0.08424830102871539,-0.5338606472222347,-0.2995128981167241,-0.38052596934156746,-0.6553076564611864,-0.21841883797747563,1.0388221421725596,-0.24055017132394507,0.23065604680423046,-0.04164591105425419,0.8724684327305843,0.0,-0.0756880183173747,2.052234489229625,0.058935200733173154,0.8285030220531562,-0.3405524730127363,0.36938548009984373,-0.1450696447385189,1.7283714539363624,0.3807471949476371,0.14539105757308324,-0.6683085068376275,0.3823006055539322,2.3682368320322906,0.6486102419491706,-0.058078460074267646,0.41055060688435585,1.8513357021236052,1.7403402677893176,0.5320081370537109,0.5649010154356473,0.6725738064502753,0.2198003537450317,2.094591945746159,1.765463232463838,1.3894824639830565,-0.6339831926563928,1.0691271895280972,1.1636914733950547,0.0811983158846381,2.4943675942034167,0.4814610738839944,0.5608313542720449,-0.6640918705012568,0.4309544733861932,1.0210781281870842,0.9567167337592997,0.3386077855083496,0.5729555346138602,0.4919424633890168,0.2171607762693979,0.6540495947531086,1.911290574903144,0.6319182614066392,0.30634406512160517,0.034042107263120513,0.948156451047959,0.0756880183173747,0.0,2.127922507547,0.13462321905054786,0.9041910403705309,-0.2648644546953616,0.44507349841721844,-0.0693816264211442,1.804059472253737,0.4564352132650118,0.22107907589045794,-0.5926204885202528,0.4579886238713069,2.4439248503496653,0.7242982602665453,0.01760955824310706,0.48623862520173056,1.92702372044098,1.8160282861066923,0.6076961553710856,0.640589033753022,0.74826182476765,0.2954883720624064,2.1702799640635337,1.8411512507812127,1.4651704823004312,-0.5582951743390181,1.1448152078454719,1.2393794917124294,0.1568863342020128,2.5700556125207914,0.5571490922013691,0.6365193725894196,-0.5884038521838821,0.5066424917035679,1.096766146504459,1.0324047520766744,0.4142958038257243,0.6486435529312349,0.5676304817063915,0.2928487945867726,0.7297376130704833,1.9869785932205186,0.7076062797240139,-1.8215784424253947,-2.0938804002838793,-1.1797660564990409,-2.052234489229625,-2.127922507547,0.0,-1.993299288496452,-1.223731467176469,-2.3927869622423614,-1.6828490091297814,-2.197304133968144,-0.32386303529326277,-1.671487294281988,-1.906843431656542,-2.7205429960672527,-1.669933883675693,0.3160023428026655,-1.4036242472804545,-2.110312949303893,-1.6416838823452693,-0.20089878710601994,-0.31189422144030754,-1.5202263521759143,-1.4873334737939778,-1.3796606827793498,-1.8324341354845934,0.04235745651653389,-0.2867712567657872,-0.6627520252465686,-2.686217681886018,-0.983107299701528,-0.8885430158345704,-1.971036173344987,0.44213310497379155,-1.5707734153456308,-1.4914031349575803,-2.716326359730882,-1.621280015843432,-1.031156361042541,-1.0955177554703255,-1.7136267037212756,-1.479278954615765,-1.5602920258406083,-1.8350737129602273,-1.3981848944765165,-0.14094391432648123,-1.420316227822986,0.1717208460710573,-0.10058111178742735,0.8135332319974111,-0.058935200733173154,-0.13462321905054786,1.993299288496452,0.0,0.769567821319983,-0.39948767374590943,0.3104502793666706,-0.20400484547169206,1.6694362532031892,0.32181199421446394,0.08645585683991008,-0.7272437075708007,0.32336540482075904,2.3093016312991175,0.5896750412159975,-0.1170136608074408,0.3516154061511827,1.792400501390432,1.6814050670561445,0.4730729363205377,0.5059658147024741,0.6136386057171022,0.16086515301185855,2.035656745012986,1.7065280317306648,1.3305472632498834,-0.692918393389566,1.010191988794924,1.1047562726618816,0.02226311515146495,2.4354323934702435,0.42252587315082124,0.5018961535388717,-0.72302707123443,0.37201927265302004,0.9621429274539111,0.8977815330261265,0.2796725847751764,0.514020333880687,0.43300726265584366,0.15822557553622474,0.5951143940199355,1.8523553741699708,0.572983060673466,-0.5978469752489257,-0.8701489331074104,0.043965410677428096,-0.8285030220531562,-0.9041910403705309,1.223731467176469,-0.769567821319983,0.0,-1.1690554950658925,-0.45911754195331245,-0.9735726667916751,0.8998684318832062,-0.4477558271055191,-0.6831119644800729,-1.4968115288907837,-0.446202416499224,1.5397338099791344,-0.17989278010398557,-0.8865814821274238,-0.41795241516880033,1.022832680070449,0.9118372457361614,-0.2964948849994453,-0.2636020066175089,-0.15592921560288087,-0.6087026683081245,1.2660889236930029,0.9369602104106818,0.5609794419299003,-1.462486214709549,0.24062416747494098,0.33518845134189856,-0.7473047061685181,1.6658645721502605,-0.3470419481691618,-0.2676716677811113,-1.492594892554413,-0.397548548666963,0.19257510613392803,0.12821371170614349,-0.4898952365448066,-0.255547487439296,-0.33656055866413936,-0.6113422457837583,-0.17445342730004754,1.0827875528499877,-0.19658476064651698,0.5712085198169667,0.2989065619584821,1.2130209057433206,0.3405524730127363,0.2648644546953616,2.3927869622423614,0.39948767374590943,1.1690554950658925,0.0,0.70993795311258,0.19548282827421737,2.0689239269490987,0.7212996679603734,0.4859435305858195,-0.32775603382489127,0.7228530785666685,2.708789305045027,0.9891627149619069,0.28247401293846863,0.7511030798970921,2.1918881751363415,2.080892740802054,0.8725606100664471,0.9054534884483836,1.0131262794630116,0.560352826757768,2.4351444187588953,2.1060157054765742,1.7300349369957928,-0.2934307196436565,1.4096796625408334,1.504243946407791,0.4217507888973744,2.834920067216153,0.8220135468967307,0.9013838272847812,-0.32353939748852056,0.7715069463989295,1.3616306011998205,1.297269206772036,0.6791602585210859,0.9135080076265965,0.8324949364017531,0.5577132492821342,0.9946020677658449,2.25184304791588,0.9724707344193755,-0.13872943329561327,-0.4110313911540979,0.5030829526307405,-0.36938548009984373,-0.44507349841721844,1.6828490091297814,-0.3104502793666706,0.45911754195331245,-0.70993795311258,0.0,-0.5144551248383626,1.3589859738365186,0.011361714847793358,-0.2239944225267605,-1.0376939869374713,0.01291512545408846,1.998851351932447,0.2792247618493269,-0.4274639401741114,0.04116512678451212,1.4819502220237615,1.3709547876894739,0.16262265695386713,0.19551553533580357,0.3031883263504316,-0.14958512635481203,1.7252064656463153,1.3960777523639942,1.0200969838832128,-1.0033686727562365,0.6997417094282534,0.794305993295211,-0.2881871642152056,2.124982114103573,0.11207559378415066,0.19144587417220116,-1.0334773506011006,0.06156899328634946,0.6516926480872405,0.5873312536594559,-0.030777694591494154,0.20357005451401644,0.12255698328917308,-0.15222470383044584,0.2846641146532649,1.5419050948033002,0.26253278130679547,0.3757256915427494,0.10342373368426472,1.0175380774691032,0.1450696447385189,0.0693816264211442,2.197304133968144,0.20400484547169206,0.9735726667916751,-0.19548282827421737,0.5144551248383626,0.0,1.8734410986748813,0.525816839686156,0.29046070231160215,-0.5232388620991086,0.5273702502924511,2.5133064767708095,0.7936798866876895,0.08699118466425126,0.5556202516228748,1.9964053468621241,1.8854099125278365,0.6770777817922298,0.7099706601741662,0.8176434511887942,0.3648699984835506,2.239661590484678,1.9105328772023569,1.5345521087215754,-0.4889135479178739,1.214196834266616,1.3087611181335737,0.22626796062315702,2.6394372389419356,0.6265307186225133,0.7059009990105638,-0.5190222257627379,0.5760241181247121,1.1661477729256031,1.1017863784978186,0.4836774302468685,0.7180251793523791,0.6370121081275357,0.3622304210079168,0.7991192394916276,2.056360219641663,0.7769879061451581,-1.497715407132132,-1.7700173649906166,-0.8559030212057781,-1.7283714539363624,-1.804059472253737,0.32386303529326277,-1.6694362532031892,-0.8998684318832062,-2.0689239269490987,-1.3589859738365186,-1.8734410986748813,0.0,-1.3476242589887253,-1.5829803963632791,-2.39667996077399,-1.3460708483824302,0.6398653780959282,-1.0797612119871918,-1.78644991401063,-1.3178208470520065,0.12296424818724283,0.011968813852955229,-1.1963633168826515,-1.163470438500715,-1.055797647486087,-1.5085711001913307,0.36622049180979666,0.03709177852747558,-0.33888898995330585,-2.362354646592755,-0.6592442644082652,-0.5646799805413076,-1.6471731380517243,0.7659961402670543,-1.246910380052368,-1.1675400996643175,-2.392463324437619,-1.2974169805501692,-0.7072933257492782,-0.7716547201770627,-1.3897636684280128,-1.1554159193225022,-1.2364289905473456,-1.5112106776669645,-1.0743218591832537,0.18291912096678153,-1.0964531925297232,-0.15009114814340663,-0.4223931060018913,0.4917212377829472,-0.3807471949476371,-0.4564352132650118,1.671487294281988,-0.32181199421446394,0.4477558271055191,-0.7212996679603734,-0.011361714847793358,-0.525816839686156,1.3476242589887253,0.0,-0.23535613737455385,-1.0490557017852646,0.0015534106062951025,1.9874896370846535,0.2678630470015335,-0.43882565502190474,0.02980341193671876,1.4705885071759681,1.3595930728416805,0.15126094210607377,0.1841538204880102,0.2918266115026382,-0.16094684120260538,1.713844750798522,1.3847160375162009,1.0087352690354194,-1.01473038760403,0.6883799945804601,0.7829442784474177,-0.299548879062999,2.1136203992557796,0.1007138789363573,0.1800841593244078,-1.044839065448894,0.0502072784385561,0.6403309332394471,0.5759695388116626,-0.04213940943928751,0.19220833966622308,0.11119526844137972,-0.1635864186782392,0.27330239980547155,1.5305433799555068,0.2511710664590021,0.08526498923114723,-0.18703696862733743,0.727077375157501,-0.14539105757308324,-0.22107907589045794,1.906843431656542,-0.08645585683991008,0.6831119644800729,-0.4859435305858195,0.2239944225267605,-0.29046070231160215,1.5829803963632791,0.23535613737455385,0.0,-0.8136995644107108,0.23690954798084896,2.2228457744592074,0.5032191843760874,-0.20346951764735088,0.2651595493112726,1.705944644550522,1.5949492102162344,0.3866170794806276,0.41950995786256406,0.5271827488771921,0.07440929617194847,1.9492008881730758,1.6200721748907547,1.2440914064099733,-0.779374250229476,0.9237361319550139,1.0183004158219715,-0.06419274168844513,2.3489765366303335,0.33607001631091116,0.41544029669896165,-0.8094829280743401,0.28556341581310996,0.875687070614001,0.8113256761862164,0.19321672793526634,0.42756447704077694,0.3465514058159336,0.07176971869631465,0.5086585371800254,1.7658995173300607,0.48652720383355597,0.898964553641858,0.6266625957833734,1.5407769395682118,0.6683085068376275,0.5926204885202528,2.7205429960672527,0.7272437075708007,1.4968115288907837,0.32775603382489127,1.0376939869374713,0.5232388620991086,2.39667996077399,1.0490557017852646,0.8136995644107108,0.0,1.0506091123915597,3.036545338869918,1.3169187487867982,0.6102300467633599,1.0788591137219834,2.5196442089612328,2.408648774626945,1.2003166438913384,1.2332095222732748,1.3408823132879029,0.8881088605826593,2.7629004525837866,2.4337717393014655,2.057790970820684,0.034325314181234745,1.7374356963657247,1.8319999802326823,0.7495068227222657,3.1626761010410442,1.149769580721622,1.2291398611096724,0.004216636336370705,1.0992629802238207,1.6893866350247118,1.6250252405969272,1.0069162923459771,1.2412640414514877,1.1602509702266444,0.8854692831070254,1.3223581015907362,2.5795990817407715,1.3002267682442668,-0.15164455874970173,-0.4239465166081864,0.4901678271766521,-0.3823006055539322,-0.4579886238713069,1.669933883675693,-0.32336540482075904,0.446202416499224,-0.7228530785666685,-0.01291512545408846,-0.5273702502924511,1.3460708483824302,-0.0015534106062951025,-0.23690954798084896,-1.0506091123915597,0.0,1.9859362264783584,0.2663096363952384,-0.44037906562819984,0.028250001330423657,1.469035096569673,1.3580396622353854,0.14970753149977867,0.1826004098817151,0.2902732008963431,-0.1625002518089005,1.7122913401922268,1.3831626269099058,1.0071818584291243,-1.016283798210325,0.686826583974165,0.7813908678411225,-0.3011022896692941,2.1120669886494845,0.0991604683300622,0.1785307487181127,-1.046392476055189,0.048653867832261,0.638777522633152,0.5744161282053675,-0.043692820045582614,0.19065492905992798,0.10964185783508462,-0.1651398292845343,0.27174898919917645,1.5289899693492117,0.249617655852707,-2.13758078522806,-2.409882743086545,-1.4957683993017064,-2.3682368320322906,-2.4439248503496653,-0.3160023428026655,-2.3093016312991175,-1.5397338099791344,-2.708789305045027,-1.998851351932447,-2.5133064767708095,-0.6398653780959282,-1.9874896370846535,-2.2228457744592074,-3.036545338869918,-1.9859362264783584,0.0,-1.71962659008312,-2.4263152921065583,-1.9576862251479348,-0.5169011299086854,-0.627896564242973,-1.8362286949785798,-1.8033358165966433,-1.6956630255820153,-2.148436478287259,-0.2736448862861316,-0.6027735995684527,-0.9787543680492341,-3.0022200246886834,-1.2991096425041935,-1.2045453586372359,-2.2870385161476525,0.12613076217112607,-1.8867757581482962,-1.8074054777602457,-3.0323287025335475,-1.9372823586460974,-1.3471587038452064,-1.411520098272991,-2.029629046523941,-1.7952812974184305,-1.8762943686432738,-2.1510760557628927,-1.714187237279182,-0.4569462571291467,-1.7363185706256514,-0.41795419514494014,-0.6902561530034248,0.22385819078141367,-0.6486102419491706,-0.7242982602665453,1.4036242472804545,-0.5896750412159975,0.17989278010398557,-0.9891627149619069,-0.2792247618493269,-0.7936798866876895,1.0797612119871918,-0.2678630470015335,-0.5032191843760874,-1.3169187487867982,-0.2663096363952384,1.71962659008312,0.0,-0.7066887020234383,-0.23805963506481476,1.2027254601744346,1.091730025840147,-0.11660210489545975,-0.0837092265135233,0.023963564501104706,-0.4288098882041389,1.4459817037969884,1.1168529905146674,0.7408722220338859,-1.2825934346055634,0.42051694757892655,0.5150812314458841,-0.5674119260645325,1.845757352254246,-0.1671491680651762,-0.08777888767712572,-1.3127021124504274,-0.21765576856297741,0.3724678862379136,0.30810649181012906,-0.31000245644082103,-0.07565470733531043,-0.1566677785601538,-0.4314494656797727,0.005439352803938036,1.2626803329539733,-0.016691980542531404,0.2887345068784981,0.016432549020013454,0.9305468928048519,0.058078460074267646,-0.01760955824310706,2.110312949303893,0.1170136608074408,0.8865814821274238,-0.28247401293846863,0.4274639401741114,-0.08699118466425126,1.78644991401063,0.43882565502190474,0.20346951764735088,-0.6102300467633599,0.44037906562819984,2.4263152921065583,0.7066887020234383,0.0,0.4686290669586235,1.9094141621978729,1.7984187278635853,0.5900865971279785,0.622979475509915,0.730652266524543,0.27787881381929935,2.1526704058204267,1.8235416925381056,1.4475609240573242,-0.5759047325821252,1.1272056496023648,1.2217699334693224,0.13927677595890575,2.5524460542776843,0.539539533958262,0.6189098143463125,-0.6060134104269892,0.48903293346046084,1.0791565882613519,1.0147951938335673,0.3966862455826172,0.6310339946881278,0.5500209234632845,0.27523923634366554,0.7121280548273763,1.9693690349774116,0.6899967214809068,-0.1798945600801254,-0.45219651793861004,0.4619178258462284,-0.41055060688435585,-0.48623862520173056,1.6416838823452693,-0.3516154061511827,0.41795241516880033,-0.7511030798970921,-0.04116512678451212,-0.5556202516228748,1.3178208470520065,-0.02980341193671876,-0.2651595493112726,-1.0788591137219834,-0.028250001330423657,1.9576862251479348,0.23805963506481476,-0.4686290669586235,0.0,1.4407850952392494,1.3297896609049618,0.12145753016935501,0.15435040855129145,0.26202319956591946,-0.19075025313932414,1.6840413388618032,1.354912625579482,0.9789318570987007,-1.0445337995407487,0.6585765826437413,0.7531408665106989,-0.32935229099971775,2.083816987319061,0.07091046699963854,0.15028074738768904,-1.0746424773856127,0.020403866501837342,0.6105275213027284,0.5461661268749438,-0.07194282137600627,0.16240492772950432,0.08139185650466096,-0.19338983061495796,0.2434989878687528,1.500739968018788,0.22136765452228335,-1.6206796553193747,-1.8929816131778594,-0.9788672693930209,-1.8513357021236052,-1.92702372044098,0.20089878710601994,-1.792400501390432,-1.022832680070449,-2.1918881751363415,-1.4819502220237615,-1.9964053468621241,-0.12296424818724283,-1.4705885071759681,-1.705944644550522,-2.5196442089612328,-1.469035096569673,0.5169011299086854,-1.2027254601744346,-1.9094141621978729,-1.4407850952392494,0.0,-0.1109954343342876,-1.3193275650698943,-1.286434686687958,-1.17876189567333,-1.6315353483785735,0.24325624362255382,-0.08587246965976725,-0.4618532381405487,-2.485318894779998,-0.782208512595508,-0.6876442287285505,-1.770137386238967,0.6430318920798115,-1.3698746282396108,-1.2905043478515603,-2.515427572624862,-1.420381228737412,-0.830257573936521,-0.8946189683643055,-1.5127279166152556,-1.278380167509745,-1.3593932387345884,-1.6341749258542073,-1.1972861073704966,0.059954872779538704,-1.219417440716966,-1.5096842209850871,-1.7819861788435718,-0.8678718350587333,-1.7403402677893176,-1.8160282861066923,0.31189422144030754,-1.6814050670561445,-0.9118372457361614,-2.080892740802054,-1.3709547876894739,-1.8854099125278365,-0.011968813852955229,-1.3595930728416805,-1.5949492102162344,-2.408648774626945,-1.3580396622353854,0.627896564242973,-1.091730025840147,-1.7984187278635853,-1.3297896609049618,0.1109954343342876,0.0,-1.2083321307356067,-1.1754392523536703,-1.0677664613390423,-1.520539914044286,0.3542516779568414,0.025122964674520354,-0.3508578038062611,-2.3743234604457104,-0.6712130782612205,-0.5766487943942629,-1.6591419519046795,0.7540273264140991,-1.2588791939053232,-1.1795089135172727,-2.4044321382905744,-1.3093857944031244,-0.7192621396022334,-0.7836235340300179,-1.401732482280968,-1.1673847331754574,-1.2483978044003008,-1.5231794915199197,-1.086290673036209,0.1709503071138263,-1.1084220063826784,-0.3013520902494804,-0.573654048107965,0.3404602956768734,-0.5320081370537109,-0.6076961553710856,1.5202263521759143,-0.4730729363205377,0.2964948849994453,-0.8725606100664471,-0.16262265695386713,-0.6770777817922298,1.1963633168826515,-0.15126094210607377,-0.3866170794806276,-1.2003166438913384,-0.14970753149977867,1.8362286949785798,0.11660210489545975,-0.5900865971279785,-0.12145753016935501,1.3193275650698943,1.2083321307356067,0.0,0.03289287838193644,0.14056566939656445,-0.31220778330867915,1.5625838086924482,1.233455095410127,0.8574743269293457,-1.1659913297101037,0.5371190524743863,0.6316833363413439,-0.45080982116907276,1.9623594571497058,-0.050547063169716466,0.02882321721833403,-1.1961000075549677,-0.10105366366751767,0.48906999113337335,0.4247085967055888,-0.19340035154536128,0.04094739756014931,-0.040065673664694046,-0.31484736078431297,0.12204145769939778,1.379282437849433,0.09991012435292834,-0.33424496863141684,-0.6065469264899015,0.307567417294937,-0.5649010154356473,-0.640589033753022,1.4873334737939778,-0.5059658147024741,0.2636020066175089,-0.9054534884483836,-0.19551553533580357,-0.7099706601741662,1.163470438500715,-0.1841538204880102,-0.41950995786256406,-1.2332095222732748,-0.1826004098817151,1.8033358165966433,0.0837092265135233,-0.622979475509915,-0.15435040855129145,1.286434686687958,1.1754392523536703,-0.03289287838193644,0.0,0.10767279101462801,-0.3451006616906156,1.5296909303105117,1.2005622170281907,0.8245814485474092,-1.19888420809204,0.5042261740924499,0.5987904579594074,-0.4837026995510092,1.9294665787677694,-0.08343994155165291,-0.004069661163602412,-1.2289928859369041,-0.1339465420494541,0.4561771127514369,0.39181571832365236,-0.22629322992729772,0.008054519178212871,-0.07295855204663049,-0.3477402391662494,0.08914857931746134,1.3463895594674966,0.0670172459709919,-0.44191775964604485,-0.7142197175045295,0.19989462628030896,-0.6725738064502753,-0.74826182476765,1.3796606827793498,-0.6136386057171022,0.15592921560288087,-1.0131262794630116,-0.3031883263504316,-0.8176434511887942,1.055797647486087,-0.2918266115026382,-0.5271827488771921,-1.3408823132879029,-0.2902732008963431,1.6956630255820153,-0.023963564501104706,-0.730652266524543,-0.26202319956591946,1.17876189567333,1.0677664613390423,-0.14056566939656445,-0.10767279101462801,0.0,-0.4527734527052436,1.4220181392958837,1.0928894260135626,0.7169086575327812,-1.3065569991066681,0.39655338307782184,0.49111766694477943,-0.5913754905656372,1.8217937877531414,-0.19111273256628092,-0.11174245217823042,-1.3366656769515322,-0.24161933306408212,0.3485043217368089,0.28414292730902435,-0.33396602094192573,-0.09961827183641514,-0.1806313430612585,-0.4554130301808774,-0.01852421169716667,1.2387167684528686,-0.04065554504363611,0.010855693059198757,-0.2614462647992859,0.6526680789855526,-0.2198003537450317,-0.2954883720624064,1.8324341354845934,-0.16086515301185855,0.6087026683081245,-0.560352826757768,0.14958512635481203,-0.3648699984835506,1.5085711001913307,0.16094684120260538,-0.07440929617194847,-0.8881088605826593,0.1625002518089005,2.148436478287259,0.4288098882041389,-0.27787881381929935,0.19075025313932414,1.6315353483785735,1.520539914044286,0.31220778330867915,0.3451006616906156,0.4527734527052436,0.0,1.8747915920011273,1.5456628787188063,1.1696821102380248,-0.8537835464014245,0.8493268357830654,0.943891119650023,-0.1386020378603936,2.274567240458385,0.2616607201389627,0.3410310005270132,-0.8838922242462885,0.2111541196411615,0.8012777744420525,0.736916380014268,0.11880743176331787,0.35315518086882847,0.2721421096439851,-0.002639577475633814,0.43424924100807694,1.6914902211581122,0.4121179076616075,-1.8639358989419286,-2.1362378568004132,-1.2221235130155748,-2.094591945746159,-2.1702799640635337,-0.04235745651653389,-2.035656745012986,-1.2660889236930029,-2.4351444187588953,-1.7252064656463153,-2.239661590484678,-0.36622049180979666,-1.713844750798522,-1.9492008881730758,-2.7629004525837866,-1.7122913401922268,0.2736448862861316,-1.4459817037969884,-2.1526704058204267,-1.6840413388618032,-0.24325624362255382,-0.3542516779568414,-1.5625838086924482,-1.5296909303105117,-1.4220181392958837,-1.8747915920011273,0.0,-0.3291287132823211,-0.7051094817631025,-2.728575138402552,-1.0254647562180619,-0.9309004723511043,-2.013393629861521,0.39977564845725766,-1.6131308718621646,-1.5337605914741141,-2.758683816247416,-1.6636374723599658,-1.0735138175590748,-1.1378752119868594,-1.7559841602378095,-1.5216364111322989,-1.6026494823571422,-1.8774311694767611,-1.4405423509930504,-0.18330137084301512,-1.4626736843395198,-1.5348071856596075,-1.8071091435180922,-0.8929947997332537,-1.765463232463838,-1.8411512507812127,0.2867712567657872,-1.7065280317306648,-0.9369602104106818,-2.1060157054765742,-1.3960777523639942,-1.9105328772023569,-0.03709177852747558,-1.3847160375162009,-1.6200721748907547,-2.4337717393014655,-1.3831626269099058,0.6027735995684527,-1.1168529905146674,-1.8235416925381056,-1.354912625579482,0.08587246965976725,-0.025122964674520354,-1.233455095410127,-1.2005622170281907,-1.0928894260135626,-1.5456628787188063,0.3291287132823211,0.0,-0.37598076848078144,-2.3994464251202308,-0.6963360429357408,-0.6017717590687832,-1.6842649165791999,0.7289043617395787,-1.2840021585798436,-1.204631878191793,-2.429555102965095,-1.3345087590776448,-0.7443851042767538,-0.8087464987045383,-1.4268554469554884,-1.1925076978499778,-1.2735207690748211,-1.54830245619444,-1.1114136377107293,0.14582734243930595,-1.1335449710571988,-1.158826417178826,-1.4311283750373107,-0.5170140312524723,-1.3894824639830565,-1.4651704823004312,0.6627520252465686,-1.3305472632498834,-0.5609794419299003,-1.7300349369957928,-1.0200969838832128,-1.5345521087215754,0.33888898995330585,-1.0087352690354194,-1.2440914064099733,-2.057790970820684,-1.0071818584291243,0.9787543680492341,-0.7408722220338859,-1.4475609240573242,-0.9789318570987007,0.4618532381405487,0.3508578038062611,-0.8574743269293457,-0.8245814485474092,-0.7169086575327812,-1.1696821102380248,0.7051094817631025,0.37598076848078144,0.0,-2.0234656566394493,-0.32035527445495937,-0.22579099058800178,-1.3082841480984184,1.1048851302203602,-0.9080213900990621,-0.8286511097110116,-2.0535743344843134,-0.9585279905968633,-0.3684043357959723,-0.43276573022375686,-1.050874678474707,-0.8165269293691964,-0.8975400005940397,-1.1723216877136586,-0.7354328692299479,0.5218081109200874,-0.7575642025764173,0.8646392394606233,0.5923372816021386,1.506451625386977,0.6339831926563928,0.5582951743390181,2.686217681886018,0.692918393389566,1.462486214709549,0.2934307196436565,1.0033686727562365,0.4889135479178739,2.362354646592755,1.01473038760403,0.779374250229476,-0.034325314181234745,1.016283798210325,3.0022200246886834,1.2825934346055634,0.5759047325821252,1.0445337995407487,2.485318894779998,2.3743234604457104,1.1659913297101037,1.19888420809204,1.3065569991066681,0.8537835464014245,2.728575138402552,2.3994464251202308,2.0234656566394493,0.0,1.70311038218449,1.7976746660514475,0.7151815085410309,3.1283507868598095,1.1154442665403872,1.1948145469284377,-0.03010867784486404,1.064937666042586,1.655061320843477,1.5906999264156925,0.9725909781647424,1.206938727270253,1.1259256560454096,0.8511439689257907,1.2880327874095014,2.5452737675595367,1.265901454063032,-0.8384711427238667,-1.1107731005823513,-0.19665875679751288,-1.0691271895280972,-1.1448152078454719,0.983107299701528,-1.010191988794924,-0.24062416747494098,-1.4096796625408334,-0.6997417094282534,-1.214196834266616,0.6592442644082652,-0.6883799945804601,-0.9237361319550139,-1.7374356963657247,-0.686826583974165,1.2991096425041935,-0.42051694757892655,-1.1272056496023648,-0.6585765826437413,0.782208512595508,0.6712130782612205,-0.5371190524743863,-0.5042261740924499,-0.39655338307782184,-0.8493268357830654,1.0254647562180619,0.6963360429357408,0.32035527445495937,-1.70311038218449,0.0,0.09456428386695759,-0.987928873643459,1.4252404046753195,-0.5876661156441028,-0.5082958352560523,-1.733219060029354,-0.638172716141904,-0.048049061341012944,-0.11241045576879749,-0.7305194040197476,-0.496171654914237,-0.5771847261390803,-0.8519664132586993,-0.4150775947749885,0.8421633853750468,-0.43720892812145795,-0.9330354265908243,-1.205337384449309,-0.29122304066447047,-1.1636914733950547,-1.2393794917124294,0.8885430158345704,-1.1047562726618816,-0.33518845134189856,-1.504243946407791,-0.794305993295211,-1.3087611181335737,0.5646799805413076,-0.7829442784474177,-1.0183004158219715,-1.8319999802326823,-0.7813908678411225,1.2045453586372359,-0.5150812314458841,-1.2217699334693224,-0.7531408665106989,0.6876442287285505,0.5766487943942629,-0.6316833363413439,-0.5987904579594074,-0.49111766694477943,-0.943891119650023,0.9309004723511043,0.6017717590687832,0.22579099058800178,-1.7976746660514475,-0.09456428386695759,0.0,-1.0824931575104166,1.330676120808362,-0.6822303995110603,-0.6028601191230099,-1.8277833438963116,-0.7327370000088615,-0.14261334520797053,-0.20697473963575508,-0.8250836878867052,-0.5907359387811946,-0.6717490100060379,-0.9465306971256569,-0.5096418786419461,0.7475991015080892,-0.5317732119884155,0.14945773091959236,-0.1228442269388923,0.7912701168459462,-0.0811983158846381,-0.1568863342020128,1.971036173344987,-0.02226311515146495,0.7473047061685181,-0.4217507888973744,0.2881871642152056,-0.22626796062315702,1.6471731380517243,0.299548879062999,0.06419274168844513,-0.7495068227222657,0.3011022896692941,2.2870385161476525,0.5674119260645325,-0.13927677595890575,0.32935229099971775,1.770137386238967,1.6591419519046795,0.45080982116907276,0.4837026995510092,0.5913754905656372,0.1386020378603936,2.013393629861521,1.6842649165791999,1.3082841480984184,-0.7151815085410309,0.987928873643459,1.0824931575104166,0.0,2.4131692783187786,0.4002627579993563,0.4796330383874068,-0.745290186385895,0.3497561575015551,0.9398798123024461,0.8755184178746616,0.2574094696237115,0.49175721872922207,0.4107441475043787,0.1359624603847598,0.5728512788684705,1.8300922590185058,0.5507199455220011,-2.2637115473991862,-2.536013505257671,-1.6218991614728324,-2.4943675942034167,-2.5700556125207914,-0.44213310497379155,-2.4354323934702435,-1.6658645721502605,-2.834920067216153,-2.124982114103573,-2.6394372389419356,-0.7659961402670543,-2.1136203992557796,-2.3489765366303335,-3.1626761010410442,-2.1120669886494845,-0.12613076217112607,-1.845757352254246,-2.5524460542776843,-2.083816987319061,-0.6430318920798115,-0.7540273264140991,-1.9623594571497058,-1.9294665787677694,-1.8217937877531414,-2.274567240458385,-0.39977564845725766,-0.7289043617395787,-1.1048851302203602,-3.1283507868598095,-1.4252404046753195,-1.330676120808362,-2.4131692783187786,0.0,-2.0129065203194223,-1.9335362399313718,-3.1584594647046735,-2.0634131208172235,-1.4732894660163325,-1.537650860444117,-2.155759808695067,-1.9214120595895565,-2.0024251308144,-2.277206817934019,-1.840317999450308,-0.5830770193002728,-1.8624493327967775,-0.25080502707976393,-0.5231069849382486,0.3910073588465899,-0.4814610738839944,-0.5571490922013691,1.5707734153456308,-0.42252587315082124,0.3470419481691618,-0.8220135468967307,-0.11207559378415066,-0.6265307186225133,1.246910380052368,-0.1007138789363573,-0.33607001631091116,-1.149769580721622,-0.0991604683300622,1.8867757581482962,0.1671491680651762,-0.539539533958262,-0.07091046699963854,1.3698746282396108,1.2588791939053232,0.050547063169716466,0.08343994155165291,0.19111273256628092,-0.2616607201389627,1.6131308718621646,1.2840021585798436,0.9080213900990621,-1.1154442665403872,0.5876661156441028,0.6822303995110603,-0.4002627579993563,2.0129065203194223,0.0,0.0793702803880505,-1.1455529443852512,-0.0505066004978012,0.5396170543030898,0.47525565987530527,-0.14285328837564482,0.09149446072986578,0.01048138950502242,-0.2643002976145965,0.17258852086911425,1.4298295010191495,0.1504571875226448,-0.3301753074678144,-0.6024772653262991,0.3116370784585394,-0.5608313542720449,-0.6365193725894196,1.4914031349575803,-0.5018961535388717,0.2676716677811113,-0.9013838272847812,-0.19144587417220116,-0.7059009990105638,1.1675400996643175,-0.1800841593244078,-0.41544029669896165,-1.2291398611096724,-0.1785307487181127,1.8074054777602457,0.08777888767712572,-0.6189098143463125,-0.15028074738768904,1.2905043478515603,1.1795089135172727,-0.02882321721833403,0.004069661163602412,0.11174245217823042,-0.3410310005270132,1.5337605914741141,1.204631878191793,0.8286511097110116,-1.1948145469284377,0.5082958352560523,0.6028601191230099,-0.4796330383874068,1.9335362399313718,-0.0793702803880505,0.0,-1.2249232247733017,-0.1298768808858517,0.4602467739150393,0.3958853794872548,-0.2222235687636953,0.012124180341815283,-0.06888889088302808,-0.343670578002647,0.09321824048106375,1.350459220631099,0.07108690713459431,0.8947479173054873,0.6224459594470027,1.5365603032318411,0.6640918705012568,0.5884038521838821,2.716326359730882,0.72302707123443,1.492594892554413,0.32353939748852056,1.0334773506011006,0.5190222257627379,2.392463324437619,1.044839065448894,0.8094829280743401,-0.004216636336370705,1.046392476055189,3.0323287025335475,1.3127021124504274,0.6060134104269892,1.0746424773856127,2.515427572624862,2.4044321382905744,1.1961000075549677,1.2289928859369041,1.3366656769515322,0.8838922242462885,2.758683816247416,2.429555102965095,2.0535743344843134,0.03010867784486404,1.733219060029354,1.8277833438963116,0.745290186385895,3.1584594647046735,1.1455529443852512,1.2249232247733017,0.0,1.09504634388745,1.685169998688341,1.6208086042605565,1.0026996560096064,1.237047405115117,1.1560343338902737,0.8812526467706547,1.3181414652543655,2.5753824454044008,1.296010131907896,-0.20029842658196273,-0.4726003844404474,0.4415139593443911,-0.4309544733861932,-0.5066424917035679,1.621280015843432,-0.37201927265302004,0.397548548666963,-0.7715069463989295,-0.06156899328634946,-0.5760241181247121,1.2974169805501692,-0.0502072784385561,-0.28556341581310996,-1.0992629802238207,-0.048653867832261,1.9372823586460974,0.21765576856297741,-0.48903293346046084,-0.020403866501837342,1.420381228737412,1.3093857944031244,0.10105366366751767,0.1339465420494541,0.24161933306408212,-0.2111541196411615,1.6636374723599658,1.3345087590776448,0.9585279905968633,-1.064937666042586,0.638172716141904,0.7327370000088615,-0.3497561575015551,2.0634131208172235,0.0505066004978012,0.1298768808858517,-1.09504634388745,0.0,0.590123654800891,0.5257622603731065,-0.09234668787784361,0.14200106122766698,0.06098799000282362,-0.2137936971167953,0.22309512136691545,1.4803361015169507,0.200963788020446,-0.7904220813828537,-1.0627240392413384,-0.14860969545649994,-1.0210781281870842,-1.096766146504459,1.031156361042541,-0.9621429274539111,-0.19257510613392803,-1.3616306011998205,-0.6516926480872405,-1.1661477729256031,0.7072933257492782,-0.6403309332394471,-0.875687070614001,-1.6893866350247118,-0.638777522633152,1.3471587038452064,-0.3724678862379136,-1.0791565882613519,-0.6105275213027284,0.830257573936521,0.7192621396022334,-0.48906999113337335,-0.4561771127514369,-0.3485043217368089,-0.8012777744420525,1.0735138175590748,0.7443851042767538,0.3684043357959723,-1.655061320843477,0.048049061341012944,0.14261334520797053,-0.9398798123024461,1.4732894660163325,-0.5396170543030898,-0.4602467739150393,-1.685169998688341,-0.590123654800891,0.0,-0.06436139442778455,-0.6824703426787346,-0.44812259357322404,-0.5291356647980674,-0.8039173519176863,-0.36702853343397557,0.8902124467160597,-0.389159866780445,-0.7260606869550692,-0.9983626448135539,-0.08424830102871539,-0.9567167337592997,-1.0324047520766744,1.0955177554703255,-0.8977815330261265,-0.12821371170614349,-1.297269206772036,-0.5873312536594559,-1.1017863784978186,0.7716547201770627,-0.5759695388116626,-0.8113256761862164,-1.6250252405969272,-0.5744161282053675,1.411520098272991,-0.30810649181012906,-1.0147951938335673,-0.5461661268749438,0.8946189683643055,0.7836235340300179,-0.4247085967055888,-0.39181571832365236,-0.28414292730902435,-0.736916380014268,1.1378752119868594,0.8087464987045383,0.43276573022375686,-1.5906999264156925,0.11241045576879749,0.20697473963575508,-0.8755184178746616,1.537650860444117,-0.47525565987530527,-0.3958853794872548,-1.6208086042605565,-0.5257622603731065,0.06436139442778455,0.0,-0.6181089482509501,-0.3837611991454395,-0.46477427037028285,-0.7395559574899018,-0.302667139006191,0.9545738411438442,-0.32479847235266046,-0.10795173870411912,-0.38025369656260377,0.5338606472222347,-0.3386077855083496,-0.4142958038257243,1.7136267037212756,-0.2796725847751764,0.4898952365448066,-0.6791602585210859,0.030777694591494154,-0.4836774302468685,1.3897636684280128,0.04213940943928751,-0.19321672793526634,-1.0069162923459771,0.043692820045582614,2.029629046523941,0.31000245644082103,-0.3966862455826172,0.07194282137600627,1.5127279166152556,1.401732482280968,0.19340035154536128,0.22629322992729772,0.33396602094192573,-0.11880743176331787,1.7559841602378095,1.4268554469554884,1.050874678474707,-0.9725909781647424,0.7305194040197476,0.8250836878867052,-0.2574094696237115,2.155759808695067,0.14285328837564482,0.2222235687636953,-1.0026996560096064,0.09234668787784361,0.6824703426787346,0.6181089482509501,0.0,0.2343477491055106,0.15333467788066724,-0.12144700923895169,0.31544180924475906,1.5726827893947943,0.2933104758982896,-0.3422994878096297,-0.6146014456681144,0.2995128981167241,-0.5729555346138602,-0.6486435529312349,1.479278954615765,-0.514020333880687,0.255547487439296,-0.9135080076265965,-0.20357005451401644,-0.7180251793523791,1.1554159193225022,-0.19220833966622308,-0.42756447704077694,-1.2412640414514877,-0.19065492905992798,1.7952812974184305,0.07565470733531043,-0.6310339946881278,-0.16240492772950432,1.278380167509745,1.1673847331754574,-0.04094739756014931,-0.008054519178212871,0.09961827183641514,-0.35315518086882847,1.5216364111322989,1.1925076978499778,0.8165269293691964,-1.206938727270253,0.496171654914237,0.5907359387811946,-0.49175721872922207,1.9214120595895565,-0.09149446072986578,-0.012124180341815283,-1.237047405115117,-0.14200106122766698,0.44812259357322404,0.3837611991454395,-0.2343477491055106,0.0,-0.08101307122484336,-0.3557947583444623,0.08109406013924847,1.3383350402892837,0.05896272679277903,-0.26128641658478635,-0.533588374443271,0.38052596934156746,-0.4919424633890168,-0.5676304817063915,1.5602920258406083,-0.43300726265584366,0.33656055866413936,-0.8324949364017531,-0.12255698328917308,-0.6370121081275357,1.2364289905473456,-0.11119526844137972,-0.3465514058159336,-1.1602509702266444,-0.10964185783508462,1.8762943686432738,0.1566677785601538,-0.5500209234632845,-0.08139185650466096,1.3593932387345884,1.2483978044003008,0.040065673664694046,0.07295855204663049,0.1806313430612585,-0.2721421096439851,1.6026494823571422,1.2735207690748211,0.8975400005940397,-1.1259256560454096,0.5771847261390803,0.6717490100060379,-0.4107441475043787,2.0024251308144,-0.01048138950502242,0.06888889088302808,-1.1560343338902737,-0.06098799000282362,0.5291356647980674,0.46477427037028285,-0.15333467788066724,0.08101307122484336,0.0,-0.2747816871196189,0.16210713136409183,1.419348111514127,0.1399757980176224,0.01349527053483257,-0.2588066873236521,0.6553076564611864,-0.2171607762693979,-0.2928487945867726,1.8350737129602273,-0.15822557553622474,0.6113422457837583,-0.5577132492821342,0.15222470383044584,-0.3622304210079168,1.5112106776669645,0.1635864186782392,-0.07176971869631465,-0.8854692831070254,0.1651398292845343,2.1510760557628927,0.4314494656797727,-0.27523923634366554,0.19338983061495796,1.6341749258542073,1.5231794915199197,0.31484736078431297,0.3477402391662494,0.4554130301808774,0.002639577475633814,1.8774311694767611,1.54830245619444,1.1723216877136586,-0.8511439689257907,0.8519664132586993,0.9465306971256569,-0.1359624603847598,2.277206817934019,0.2643002976145965,0.343670578002647,-0.8812526467706547,0.2137936971167953,0.8039173519176863,0.7395559574899018,0.12144700923895169,0.3557947583444623,0.2747816871196189,0.0,0.43688881848371075,1.694129798633746,0.4147574851372413,-0.4233935479488782,-0.6956955058073628,0.21841883797747563,-0.6540495947531086,-0.7297376130704833,1.3981848944765165,-0.5951143940199355,0.17445342730004754,-0.9946020677658449,-0.2846641146532649,-0.7991192394916276,1.0743218591832537,-0.27330239980547155,-0.5086585371800254,-1.3223581015907362,-0.27174898919917645,1.714187237279182,-0.005439352803938036,-0.7121280548273763,-0.2434989878687528,1.1972861073704966,1.086290673036209,-0.12204145769939778,-0.08914857931746134,0.01852421169716667,-0.43424924100807694,1.4405423509930504,1.1114136377107293,0.7354328692299479,-1.2880327874095014,0.4150775947749885,0.5096418786419461,-0.5728512788684705,1.840317999450308,-0.17258852086911425,-0.09321824048106375,-1.3181414652543655,-0.22309512136691545,0.36702853343397557,0.302667139006191,-0.31544180924475906,-0.08109406013924847,-0.16210713136409183,-0.43688881848371075,0.0,1.2572409801500353,-0.02213133334646944,-1.6806345280989134,-1.952936485957398,-1.0388221421725596,-1.911290574903144,-1.9869785932205186,0.14094391432648123,-1.8523553741699708,-1.0827875528499877,-2.25184304791588,-1.5419050948033002,-2.056360219641663,-0.18291912096678153,-1.5305433799555068,-1.7658995173300607,-2.5795990817407715,-1.5289899693492117,0.4569462571291467,-1.2626803329539733,-1.9693690349774116,-1.500739968018788,-0.059954872779538704,-0.1709503071138263,-1.379282437849433,-1.3463895594674966,-1.2387167684528686,-1.6914902211581122,0.18330137084301512,-0.14582734243930595,-0.5218081109200874,-2.5452737675595367,-0.8421633853750468,-0.7475991015080892,-1.8300922590185058,0.5830770193002728,-1.4298295010191495,-1.350459220631099,-2.5753824454044008,-1.4803361015169507,-0.8902124467160597,-0.9545738411438442,-1.5726827893947943,-1.3383350402892837,-1.419348111514127,-1.694129798633746,-1.2572409801500353,0.0,-1.2793723134965047,-0.40126221460240874,-0.6735641724608934,0.24055017132394507,-0.6319182614066392,-0.7076062797240139,1.420316227822986,-0.572983060673466,0.19658476064651698,-0.9724707344193755,-0.26253278130679547,-0.7769879061451581,1.0964531925297232,-0.2511710664590021,-0.48652720383355597,-1.3002267682442668,-0.249617655852707,1.7363185706256514,0.016691980542531404,-0.6899967214809068,-0.22136765452228335,1.219417440716966,1.1084220063826784,-0.09991012435292834,-0.0670172459709919,0.04065554504363611,-0.4121179076616075,1.4626736843395198,1.1335449710571988,0.7575642025764173,-1.265901454063032,0.43720892812145795,0.5317732119884155,-0.5507199455220011,1.8624493327967775,-0.1504571875226448,-0.07108690713459431,-1.296010131907896,-0.200963788020446,0.389159866780445,0.32479847235266046,-0.2933104758982896,-0.05896272679277903,-0.1399757980176224,-0.4147574851372413,0.02213133334646944,1.2793723134965047,0.0,0.0,0.6357478591530334,-0.027018658830524345,0.857272446019893,-1.9145872833498663,0.4851034433554373,-1.112139108389906,-1.3546949026640593,0.4438553561761598,-2.024987802452177,-0.3732727870967958,-1.4293355336003453,-0.22696710891618022,-0.6225354300033343,-0.6906118659773952,-1.18082953219663,-1.0640353241694864,-0.45952610035954766,-0.5063295284948675,0.16467280162118136,-0.7324232810838849,-0.5350802705744844,0.2554129013631652,0.41852342305012424,0.2558611744483601,-0.3836660521995574,0.07367049055267927,-0.38610360497691154,1.0608316121915138,0.43218907628460723,-0.5901938397199666,-2.1537212022448866,-1.5437250890409402,-0.8298458248233933,0.45714243362286044,-1.5639557038440364,0.1385432145487675,-0.8835646494722935,-1.2166919539670076,0.41982115989673296,-0.6493488299735573,-0.8049657103370969,-0.7290135436392235,0.4460679738625952,1.0748971784249015,-2.392582081498162,0.19358475463574099,-0.6357478591530334,0.0,-0.6627665179835578,0.2215245868668596,-2.5503351425028997,-0.15064441579759613,-1.7478869675429394,-1.9904427618170928,-0.19189250297687366,-2.6607356616052105,-1.0090206462498292,-2.0650833927533787,-0.8627149680692137,-1.2582832891563678,-1.3263597251304287,-1.8165773913496635,-1.6997831833225199,-1.095273959512581,-1.142077387647901,-0.4710750575318521,-1.3681711402369183,-1.1708281297275178,-0.38033495778986826,-0.2172244361029092,-0.37988668470467335,-1.0194139113525909,-0.5620773686003542,-1.021851464129945,0.42508375303848034,-0.2035587828684262,-1.225941698873,-2.78946906139792,-2.1794729481939736,-1.4655936839764268,-0.178605425530173,-2.19970356299707,-0.49720464460426594,-1.519312508625327,-1.852439813120041,-0.21592669925630048,-1.2850966891265907,-1.4407135694901303,-1.364761402792257,-0.18967988529043822,0.43914931927186807,-3.0283299406511954,-0.44216310451729246,0.027018658830524345,0.6627665179835578,0.0,0.8842911048504174,-1.887568624519342,0.5121221021859617,-1.0851204495593816,-1.327676243833535,0.47087401500668413,-1.9979691436216527,-0.34625412826627144,-1.402316874769821,-0.19994845008565587,-0.59551677117281,-0.6635932071468709,-1.1538108733661057,-1.037016665338962,-0.4325074415290233,-0.4793108696643431,0.1916914604517057,-0.7054046222533605,-0.50806161174396,0.28243156019368953,0.4455420818806486,0.28287983327888444,-0.35664739336903306,0.10068914938320361,-0.3590849461463872,1.0878502710220381,0.4592077351151316,-0.5631751808894423,-2.1267025434143623,-1.5167064302104158,-0.802827165992869,0.4841610924533848,-1.536937045013512,0.16556187337929185,-0.8565459906417692,-1.1896732951364832,0.4468398187272573,-0.6223301711430329,-0.7779470515065725,-0.7019948848086992,0.47308663269311957,1.1019158372554259,-2.3655634226676376,0.22060341346626533,-0.857272446019893,-0.2215245868668596,-0.8842911048504174,0.0,-2.7718597293697593,-0.37216900266445574,-1.969411554409799,-2.2119673486839524,-0.41341708984373327,-2.88226024847207,-1.2305452331166888,-2.2866079796202383,-1.0842395549360733,-1.4798078760232274,-1.5478843119972883,-2.038101978216523,-1.9213077701893795,-1.3167985463794407,-1.3636019745147605,-0.6925996443987117,-1.589695727103778,-1.3923527165943774,-0.6018595446567279,-0.4387490229697688,-0.601411271571533,-1.2409384982194505,-0.7836019554672138,-1.2433760509968046,0.20355916617162073,-0.4250833697352858,-1.4474662857398597,-3.0109936482647797,-2.4009975350608332,-1.6871182708432864,-0.4001300123970326,-2.4212281498639294,-0.7187292314711256,-1.7408370954921866,-2.0739643999869006,-0.4374512861231601,-1.5066212759934503,-1.66223815635699,-1.5862859896591166,-0.41120447215729783,0.21762473240500846,-3.249854527518055,-0.6636876913841521,1.9145872833498663,2.5503351425028997,1.887568624519342,2.7718597293697593,0.0,2.3996907267053036,0.8024481749599603,0.5598923806858069,2.358442639526026,-0.11040051910231075,1.5413144962530705,0.485251749749521,1.687620174433686,1.292051853346532,1.223975417372471,0.7337577511532363,0.8505519591803798,1.4550611829903186,1.4082577548549988,2.0792600849710476,1.1821640022659814,1.379507012775382,2.1700001847130315,2.3331107063999905,2.1704484577982264,1.5309212311503089,1.9882577739025455,1.5284836783729547,2.97541889554138,2.3467763596344735,1.3243934436298996,-0.23913391889502034,0.3708621943089261,1.084741458526473,2.3717297169727267,0.3506315795058299,2.0531304978986338,1.0310226338775728,0.6978953293828587,2.3344084432465992,1.265238453376309,1.1096215730127694,1.1855737397106427,2.3606552572124615,2.989484461774768,-0.4779947981482957,2.1081720379856073,-0.4851034433554373,0.15064441579759613,-0.5121221021859617,0.37216900266445574,-2.3996907267053036,0.0,-1.5972425517453432,-1.8397983460194967,-0.041248087179277526,-2.5100912458076143,-0.8583762304522331,-1.9144389769557826,-0.7120705522716175,-1.1076388733587716,-1.1757153093328325,-1.6659329755520673,-1.5491387675249237,-0.944629543714985,-0.9914329718503048,-0.32043064173425595,-1.2175267244393222,-1.0201837139299217,-0.22969054199227212,-0.06658002030531307,-0.22924226890707722,-0.8687694955549947,-0.41143295280275805,-0.8712070483323489,0.5757281688360765,-0.05291436707083008,-1.075297283075404,-2.638824645600324,-2.0288285323963775,-1.3149492681788306,-0.02796100973257687,-2.0490591471994737,-0.3465602288066698,-1.3686680928277308,-1.701795397322445,-0.06528228345870435,-1.1344522733289946,-1.2900691536925342,-1.2141169869946609,-0.03903546949284209,0.5897937350694642,-2.8776855248535993,-0.29151868871969633,1.112139108389906,1.7478869675429394,1.0851204495593816,1.969411554409799,-0.8024481749599603,1.5972425517453432,0.0,-0.2425557942741534,1.5559944645660657,-0.9128486940622711,0.7388663212931101,-0.31719642521043934,0.8851719994737257,0.4896036783865716,0.4215272424125107,-0.06869042380672408,0.0481037842204195,0.6526130080303583,0.6058095798950385,1.2768119100110873,0.37971582730602105,0.5770588378154216,1.3675520097530711,1.5306625314400302,1.368000282838266,0.7284730561903485,1.1858095989425852,0.7260355034129944,2.1729707205814197,1.5443281846745132,0.5219452686699393,-1.0415820938549807,-0.43158598065103426,0.2822932835665126,1.5692815420127664,-0.45181659545413044,1.2506823229386734,0.2285744589176124,-0.10455284557710165,1.531960268286639,0.4627902784163487,0.3071733980528091,0.3831255647506824,1.5582070822525012,2.1870362868148074,-1.280442973108256,1.305723863025647,1.3546949026640593,1.9904427618170928,1.327676243833535,2.2119673486839524,-0.5598923806858069,1.8397983460194967,0.2425557942741534,0.0,1.7985502588402191,-0.6702928997881177,0.9814221155672636,-0.07464063093628592,1.1277277937478791,0.732159472660725,0.6640830366866641,0.17386537046742934,0.2906595784945729,0.8951688023045117,0.8483653741691919,1.5193677042852407,0.6222716215801745,0.819614632089575,1.6101078040272245,1.7732183257141836,1.6105560771124194,0.9710288504645019,1.4283653932167386,0.9685912976871478,2.415526514855573,1.7868839789486666,0.7645010629440927,-0.7990262995808273,-0.18903018637688085,0.524849077840666,1.8118373362869198,-0.20926080117997703,1.4932381172128268,0.4711302531917658,0.13800294869705176,1.7745160625607923,0.7053460726905021,0.5497291923269625,0.6256813590248358,1.8007628765266546,2.429592081088961,-1.0378871788341026,1.5482796572998003,-0.4438553561761598,0.19189250297687366,-0.47087401500668413,0.41341708984373327,-2.358442639526026,0.041248087179277526,-1.5559944645660657,-1.7985502588402191,0.0,-2.468843158628337,-0.8171281432729556,-1.873190889776505,-0.67082246509234,-1.0663907861794941,-1.134467222153555,-1.6246848883727898,-1.5078906803456462,-0.9033814565357074,-0.9501848846710272,-0.2791825545549784,-1.1762786372600447,-0.9789356267506442,-0.1884424548129946,-0.025331933126035544,-0.1879941817277997,-0.8275214083757172,-0.3701848656234805,-0.8299589611530713,0.616976256015354,-0.011666279891552556,-1.0340491958961264,-2.5975765584210464,-1.9875804452171,-1.273701180999553,0.013287077446700657,-2.007811060020196,-0.3053121416273923,-1.3274200056484533,-1.6605473101431674,-0.024034196279426823,-1.093204186149717,-1.2488210665132566,-1.1728688998153833,0.0022126176864354363,0.6310418222487417,-2.8364374376743218,-0.2502706015404188,2.024987802452177,2.6607356616052105,1.9979691436216527,2.88226024847207,0.11040051910231075,2.5100912458076143,0.9128486940622711,0.6702928997881177,2.468843158628337,0.0,1.6517150153553812,0.5956522688518318,1.7980206935359968,1.4024523724488427,1.3343759364747818,0.844158270255547,0.9609524782826906,1.5654617020926294,1.5186582739573096,2.1896606040733584,1.2925645213682921,1.4899075318776926,2.280400703815342,2.4435112255023013,2.280848976900537,1.6413217502526196,2.0986582930048563,1.6388841974752655,3.085819414643691,2.4571768787367843,1.4347939627322104,-0.1287333997927096,0.48126271341123683,1.1951419776287837,2.4821302360750375,0.46103209860814065,2.1635310170009445,1.1414231529798835,0.8082958484851694,2.44480896234891,1.3756389724786198,1.2200220921150802,1.2959742588129535,2.4710557763147722,3.0998849808770785,-0.36759427904598496,2.218572557087918,0.3732727870967958,1.0090206462498292,0.34625412826627144,1.2305452331166888,-1.5413144962530705,0.8583762304522331,-0.7388663212931101,-0.9814221155672636,0.8171281432729556,-1.6517150153553812,0.0,-1.0560627465035495,0.14630567818061557,-0.24926264290653855,-0.3173390788805994,-0.8075567450998342,-0.6907625370726906,-0.08625331326275187,-0.13305674139807167,0.5379455887179772,-0.3591504939870891,-0.16180748347768859,0.628685688459961,0.79179621014692,0.6291339615451559,-0.010393265102761617,0.44694327764947506,-0.012830817880115752,1.4341043992883096,0.805461863381403,-0.21692105262317085,-1.7804484151480908,-1.1704523019441444,-0.4565730377265975,0.8304152207196562,-1.1906829167472406,0.5118160016455633,-0.5102918623754977,-0.8434191668702118,0.7930939469935288,-0.27607604287676146,-0.43169292324030106,-0.35574075654242776,0.819340760959391,1.4481699655216973,-2.019309294401366,0.5668575417325368,1.4293355336003453,2.0650833927533787,1.402316874769821,2.2866079796202383,-0.485251749749521,1.9144389769557826,0.31719642521043934,0.07464063093628592,1.873190889776505,-0.5956522688518318,1.0560627465035495,0.0,1.202368424684165,0.8068001035970109,0.73872366762295,0.24850600140371526,0.36530020943085884,0.9698094332407976,0.9230060051054778,1.5940083352215266,0.6969122525164604,0.8942552630258609,1.6847484349635105,1.8478589566504695,1.6851967080487054,1.0456694814007879,1.5030060241530245,1.0432319286234337,2.490167145791859,1.8615246098849525,0.8391416938803786,-0.7243856686445413,-0.11438955544059493,0.599489708776952,1.8864779672232057,-0.1346201702436911,1.5678787481491128,0.5457708841280517,0.2126435796333377,1.8491566934970782,0.779986703626788,0.6243698232632484,0.7003219899611217,1.8754035074629405,2.5042327120252468,-0.9632465478978167,1.6229202882360863,0.22696710891618022,0.8627149680692137,0.19994845008565587,1.0842395549360733,-1.687620174433686,0.7120705522716175,-0.8851719994737257,-1.1277277937478791,0.67082246509234,-1.7980206935359968,-0.14630567818061557,-1.202368424684165,0.0,-0.3955683210871541,-0.463644757061215,-0.9538624232804498,-0.8370682152533062,-0.23255899144336745,-0.27936241957868724,0.3916399105373616,-0.5054561721677047,-0.30811316165830416,0.4823800102793454,0.6454905319663045,0.4828282833645403,-0.1566989432833772,0.3006375994688595,-0.15913649606073133,1.287798721107694,0.6591561852007874,-0.3632267308037864,-1.9267540933287064,-1.31675798012476,-0.6028787159072131,0.6841095425390407,-1.3369885949278562,0.3655103234649477,-0.6565975405561133,-0.9897248450508274,0.6467882688129132,-0.42238172105737704,-0.5779986014209166,-0.5020464347230433,0.6730350827787754,1.3018642873410817,-2.1656149725819818,0.4205518635519212,0.6225354300033343,1.2582832891563678,0.59551677117281,1.4798078760232274,-1.292051853346532,1.1076388733587716,-0.4896036783865716,-0.732159472660725,1.0663907861794941,-1.4024523724488427,0.24926264290653855,-0.8068001035970109,0.3955683210871541,0.0,-0.06807643597406088,-0.5582941021932957,-0.4414998941661521,0.16300932964378667,0.11620590150846688,0.7872082316245157,-0.10988785108055055,0.08745515942884996,0.8779483313664995,1.0410588530534586,0.8783966044516944,0.23886937780377693,0.6962059205560136,0.2364318250264228,1.6833670421948481,1.0547245062879416,0.032341590283367694,-1.5311857722415523,-0.9211896590376059,-0.20731039482005897,1.0796778636261948,-0.941420273840702,0.7610786445521018,-0.2610292194689592,-0.5941565239636732,1.0423565899000673,-0.026813399970222918,-0.18243028033376252,-0.10647811363588922,1.0686034038659296,1.6974326084282358,-1.7700466514948276,0.8161201846390753,0.6906118659773952,1.3263597251304287,0.6635932071468709,1.5478843119972883,-1.223975417372471,1.1757153093328325,-0.4215272424125107,-0.6640830366866641,1.134467222153555,-1.3343759364747818,0.3173390788805994,-0.73872366762295,0.463644757061215,0.06807643597406088,0.0,-0.4902176662192348,-0.3734234581920912,0.23108576561784755,0.18428233748252776,0.8552846675985766,-0.04181141510648967,0.15553159540291084,0.9460247673405604,1.1091352890275195,0.9464730404257553,0.3069458137778378,0.7642823565300745,0.30450826100048367,1.751443478168909,1.1228009422620024,0.10041802625742857,-1.4631093362674914,-0.853113223063545,-0.1392339588459981,1.1477542996002557,-0.8733438378666412,0.8291550805261627,-0.1929527834948983,-0.5260800879896124,1.1104330258741282,0.04126303600383796,-0.11435384435970164,-0.03840167766182834,1.1366798398399904,1.7655090444022967,-1.7019702155207668,0.8841966206131362,1.18082953219663,1.8165773913496635,1.1538108733661057,2.038101978216523,-0.7337577511532363,1.6659329755520673,0.06869042380672408,-0.17386537046742934,1.6246848883727898,-0.844158270255547,0.8075567450998342,-0.24850600140371526,0.9538624232804498,0.5582941021932957,0.4902176662192348,0.0,0.11679420802714358,0.7213034318370823,0.6745000037017626,1.3455023338178114,0.4484062511127451,0.6457492616221456,1.4362424335597952,1.5993529552467542,1.43669070664499,0.7971634799970726,1.2545000227493093,0.7947259272197185,2.241661144388144,1.6130186084812372,0.5906356924766634,-0.9728916700482566,-0.3628955568443102,0.3509837073732367,1.6379719658194904,-0.38312617164740637,1.3193727467453975,0.2972648827243365,-0.03586242177037757,1.600650692093363,0.5314807022230728,0.37586382185953315,0.45181598855740646,1.6268975060592252,2.2557267106215315,-1.211752549301532,1.374414286832371,1.0640353241694864,1.6997831833225199,1.037016665338962,1.9213077701893795,-0.8505519591803798,1.5491387675249237,-0.0481037842204195,-0.2906595784945729,1.5078906803456462,-0.9609524782826906,0.6907625370726906,-0.36530020943085884,0.8370682152533062,0.4414998941661521,0.3734234581920912,-0.11679420802714358,0.0,0.6045092238099388,0.557705795674619,1.2287081257906678,0.33161204308560155,0.5289550535950021,1.3194482255326516,1.4825587472196107,1.3198964986178465,0.680369271969929,1.1377058147221657,0.6779317191925749,2.124866936361,1.4962244004540937,0.4738414844495198,-1.0896858780754002,-0.47968976487145376,0.23418949934609312,1.5211777577923469,-0.49992037967454994,1.202578538718254,0.1804706746971929,-0.15265662979752115,1.4838564840662194,0.4146864941959292,0.2590696138323896,0.3350217805302629,1.5101032980320817,2.138932502594388,-1.3285467573286756,1.2576200788052274,0.45952610035954766,1.095273959512581,0.4325074415290233,1.3167985463794407,-1.4550611829903186,0.944629543714985,-0.6526130080303583,-0.8951688023045117,0.9033814565357074,-1.5654617020926294,0.08625331326275187,-0.9698094332407976,0.23255899144336745,-0.16300932964378667,-0.23108576561784755,-0.7213034318370823,-0.6045092238099388,0.0,-0.04680342813531979,0.624198901980729,-0.2728971807243372,-0.07555417021493671,0.7149390017227129,0.8780495234096719,0.7153872748079078,0.07586004815999026,0.5331965909122269,0.07342249538263612,1.5203577125510614,0.8917151766441549,-0.13066773936041898,-1.694195101885339,-1.0841989886813925,-0.37031972446384565,0.9166685339824081,-1.1044296034844887,0.5980693149083152,-0.42403854911274586,-0.7571658536074599,0.8793472602562806,-0.1898227296140096,-0.3454396099775492,-0.2694874432796759,0.9055940742221429,1.5344232787844492,-1.9330559811386143,0.6531108549952886,0.5063295284948675,1.142077387647901,0.4793108696643431,1.3636019745147605,-1.4082577548549988,0.9914329718503048,-0.6058095798950385,-0.8483653741691919,0.9501848846710272,-1.5186582739573096,0.13305674139807167,-0.9230060051054778,0.27936241957868724,-0.11620590150846688,-0.18428233748252776,-0.6745000037017626,-0.557705795674619,0.04680342813531979,0.0,0.6710023301160488,-0.22609375258901743,-0.02875074207961692,0.7617424298580326,0.9248529515449917,0.7621907029432275,0.12266347629531005,0.5800000190475467,0.12022592351795591,1.5671611406863812,0.9385186047794747,-0.08386431122509919,-1.6473916737500192,-1.0373955605460727,-0.32351629632852585,0.9634719621177279,-1.057626175349169,0.644872743043635,-0.37723512097742606,-0.7103624254721401,0.9261506883916004,-0.1430193014786898,-0.2986361818422294,-0.2226840151443561,0.9523975023574627,1.581226706919769,-1.8862525530032945,0.6999142831306084,-0.16467280162118136,0.4710750575318521,-0.1916914604517057,0.6925996443987117,-2.0792600849710476,0.32043064173425595,-1.2768119100110873,-1.5193677042852407,0.2791825545549784,-2.1896606040733584,-0.5379455887179772,-1.5940083352215266,-0.3916399105373616,-0.7872082316245157,-0.8552846675985766,-1.3455023338178114,-1.2287081257906678,-0.624198901980729,-0.6710023301160488,0.0,-0.8970960827050662,-0.6997530721956657,0.09074009974198383,0.2538506214289429,0.09118837282717873,-0.5483388538207388,-0.0910023110685021,-0.5507764065980929,0.8961588105703324,0.26751627466342587,-0.754866641341148,-2.318394003866068,-1.7083978906621216,-0.9945186264445747,0.2924696320016791,-1.7286285054652177,-0.026129587072413862,-1.0482374510934749,-1.381364755588189,0.2551483582755516,-0.8140216315947386,-0.9696385119582782,-0.8936863452604049,0.28139517224141386,0.9102243768037201,-2.5572548831193433,0.02891195301455962,0.7324232810838849,1.3681711402369183,0.7054046222533605,1.589695727103778,-1.1821640022659814,1.2175267244393222,-0.37971582730602105,-0.6222716215801745,1.1762786372600447,-1.2925645213682921,0.3591504939870891,-0.6969122525164604,0.5054561721677047,0.10988785108055055,0.04181141510648967,-0.4484062511127451,-0.33161204308560155,0.2728971807243372,0.22609375258901743,0.8970960827050662,0.0,0.1973430105094005,0.9878361824470501,1.1509467041340091,0.988284455532245,0.3487572288843275,0.8060937716365641,0.34631967610697334,1.7932548932753987,1.1646123573684921,0.14222944136391824,-1.4212979211610017,-0.8113018079570553,-0.09742254373950843,1.1895657147067453,-0.8315324227601515,0.8709664956326524,-0.15114136838840864,-0.4842686728831227,1.1522444409806178,0.08307445111032763,-0.07254242925321197,0.0034097374446613316,1.17849125494648,1.8073204595087864,-1.660158800414277,0.9260080357196259,0.5350802705744844,1.1708281297275178,0.50806161174396,1.3923527165943774,-1.379507012775382,1.0201837139299217,-0.5770588378154216,-0.819614632089575,0.9789356267506442,-1.4899075318776926,0.16180748347768859,-0.8942552630258609,0.30811316165830416,-0.08745515942884996,-0.15553159540291084,-0.6457492616221456,-0.5289550535950021,0.07555417021493671,0.02875074207961692,0.6997530721956657,-0.1973430105094005,0.0,0.7904931719376496,0.9536036936246086,0.7909414450228445,0.15141421837492697,0.6087507611271636,0.14897666559757283,1.5959118827659982,0.9672693468590916,-0.055113569145482266,-1.6186409316704022,-1.0086448184664558,-0.29476555424890893,0.9922227041973448,-1.028875433269552,0.6736234851232519,-0.34848437889780914,-0.6816116833925232,0.9549014304712173,-0.11426855939907288,-0.2698854397626125,-0.19393327306473918,0.9811482444370796,1.6099774489993859,-1.8575018109236776,0.7286650252102254,-0.2554129013631652,0.38033495778986826,-0.28243156019368953,0.6018595446567279,-2.1700001847130315,0.22969054199227212,-1.3675520097530711,-1.6101078040272245,0.1884424548129946,-2.280400703815342,-0.628685688459961,-1.6847484349635105,-0.4823800102793454,-0.8779483313664995,-0.9460247673405604,-1.4362424335597952,-1.3194482255326516,-0.7149390017227129,-0.7617424298580326,-0.09074009974198383,-0.9878361824470501,-0.7904931719376496,0.0,0.16311052168695905,0.0004482730851949057,-0.6390789535627226,-0.18174241081048592,-0.6415165063400767,0.8054187108283486,0.17677617492144204,-0.8456067410831318,-2.409134103608052,-1.7991379904041054,-1.0852587261865585,0.20172953225969525,-1.8193686052072016,-0.11686968681439769,-1.1389775508354587,-1.4721048553301728,0.16440825853356777,-0.9047617313367224,-1.060378611700262,-0.9844264450023887,0.19065507249943003,0.8194842770617363,-2.647994982861327,-0.061828146727424205,-0.41852342305012424,0.2172244361029092,-0.4455420818806486,0.4387490229697688,-2.3331107063999905,0.06658002030531307,-1.5306625314400302,-1.7732183257141836,0.025331933126035544,-2.4435112255023013,-0.79179621014692,-1.8478589566504695,-0.6454905319663045,-1.0410588530534586,-1.1091352890275195,-1.5993529552467542,-1.4825587472196107,-0.8780495234096719,-0.9248529515449917,-0.2538506214289429,-1.1509467041340091,-0.9536036936246086,-0.16311052168695905,0.0,-0.16266224860176415,-0.8021894752496816,-0.344852932497445,-0.8046270280270358,0.6423081891413895,0.013665653234482988,-1.0087172627700909,-2.572244625295011,-1.9622485120910644,-1.2483692478735176,0.0386190105727362,-1.9824791268941606,-0.27998020850135674,-1.3020880725224178,-1.6352153770171318,0.0012977368466087214,-1.0678722530236815,-1.223489133387221,-1.1475369666893478,0.02754455081247098,0.6563737553747773,-2.8111055045482862,-0.22493866841438326,-0.2558611744483601,0.37988668470467335,-0.28287983327888444,0.601411271571533,-2.1704484577982264,0.22924226890707722,-1.368000282838266,-1.6105560771124194,0.1879941817277997,-2.280848976900537,-0.6291339615451559,-1.6851967080487054,-0.4828282833645403,-0.8783966044516944,-0.9464730404257553,-1.43669070664499,-1.3198964986178465,-0.7153872748079078,-0.7621907029432275,-0.09118837282717873,-0.988284455532245,-0.7909414450228445,-0.0004482730851949057,0.16266224860176415,0.0,-0.6395272266479175,-0.18219068389568083,-0.6419647794252716,0.8049704377431537,0.17632790183624714,-0.8460550141683267,-2.4095823766932467,-1.7995862634893003,-1.0857069992717534,0.20128125917450035,-1.8198168782923965,-0.1173179598995926,-1.1394258239206536,-1.4725531284153677,0.16395998544837287,-0.9052100044219173,-1.060826884785457,-0.9848747180875836,0.19020679941423513,0.8190360039765414,-2.648443255946522,-0.06227641981261911,0.3836660521995574,1.0194139113525909,0.35664739336903306,1.2409384982194505,-1.5309212311503089,0.8687694955549947,-0.7284730561903485,-0.9710288504645019,0.8275214083757172,-1.6413217502526196,0.010393265102761617,-1.0456694814007879,0.1566989432833772,-0.23886937780377693,-0.3069458137778378,-0.7971634799970726,-0.680369271969929,-0.07586004815999026,-0.12266347629531005,0.5483388538207388,-0.3487572288843275,-0.15141421837492697,0.6390789535627226,0.8021894752496816,0.6395272266479175,0.0,0.4573365427522367,-0.002437552777354135,1.4444976643910712,0.8158551284841646,-0.20652778752040923,-1.7700551500453292,-1.1600590368413828,-0.4461797726238359,0.8408084858224179,-1.180289651644479,0.5222092667483249,-0.4998985972727361,-0.8330259017674502,0.8034872120962904,-0.26568277777399985,-0.42129965813753945,-0.34534749143966614,0.8297340260621526,1.458563230624459,-2.0089160292986046,0.5772508068352984,-0.07367049055267927,0.5620773686003542,-0.10068914938320361,0.7836019554672138,-1.9882577739025455,0.41143295280275805,-1.1858095989425852,-1.4283653932167386,0.3701848656234805,-2.0986582930048563,-0.44694327764947506,-1.5030060241530245,-0.3006375994688595,-0.6962059205560136,-0.7642823565300745,-1.2545000227493093,-1.1377058147221657,-0.5331965909122269,-0.5800000190475467,0.0910023110685021,-0.8060937716365641,-0.6087507611271636,0.18174241081048592,0.344852932497445,0.18219068389568083,-0.4573365427522367,0.0,-0.4597740955295908,0.9871611216388345,0.35851858573192796,-0.6638643302726459,-2.227391692797566,-1.6173955795936195,-0.9035163153760726,0.3834719430701812,-1.6376261943967156,0.06487272399608823,-0.9572351400249728,-1.2903624445196868,0.3461506693440537,-0.7230193205262365,-0.8786362008897761,-0.8026840341919028,0.37239748330991596,1.0012266878722222,-2.4662525720508413,0.11991426408306172,0.38610360497691154,1.021851464129945,0.3590849461463872,1.2433760509968046,-1.5284836783729547,0.8712070483323489,-0.7260355034129944,-0.9685912976871478,0.8299589611530713,-1.6388841974752655,0.012830817880115752,-1.0432319286234337,0.15913649606073133,-0.2364318250264228,-0.30450826100048367,-0.7947259272197185,-0.6779317191925749,-0.07342249538263612,-0.12022592351795591,0.5507764065980929,-0.34631967610697334,-0.14897666559757283,0.6415165063400767,0.8046270280270358,0.6419647794252716,0.002437552777354135,0.4597740955295908,0.0,1.4469352171684253,0.8182926812615188,-0.2040902347430551,-1.767617597267975,-1.1576214840640286,-0.44374221984648177,0.843246038599772,-1.1778520988671248,0.524646819525679,-0.497461044495382,-0.830588348990096,0.8059247648736445,-0.2632452249966457,-0.4188621053601853,-0.342909938662312,0.8321715788395068,1.461000783401813,-2.0064784765212504,0.5796883596126525,-1.0608316121915138,-0.42508375303848034,-1.0878502710220381,-0.20355916617162073,-2.97541889554138,-0.5757281688360765,-2.1729707205814197,-2.415526514855573,-0.616976256015354,-3.085819414643691,-1.4341043992883096,-2.490167145791859,-1.287798721107694,-1.6833670421948481,-1.751443478168909,-2.241661144388144,-2.124866936361,-1.5203577125510614,-1.5671611406863812,-0.8961588105703324,-1.7932548932753987,-1.5959118827659982,-0.8054187108283486,-0.6423081891413895,-0.8049704377431537,-1.4444976643910712,-0.9871611216388345,-1.4469352171684253,0.0,-0.6286425359069066,-1.6510254519114804,-3.2145528144364004,-2.604556701232454,-1.890677437014907,-0.6036891785686533,-2.62478731603555,-0.9222883976427463,-1.9443962616638073,-2.2775235661585214,-0.6410104522947808,-1.710180442165071,-1.8657973225286106,-1.7898451558307373,-0.6147636383289186,0.014065566233387727,-3.4534136936896758,-0.8672468575557728,-0.43218907628460723,0.2035587828684262,-0.4592077351151316,0.4250833697352858,-2.3467763596344735,0.05291436707083008,-1.5443281846745132,-1.7868839789486666,0.011666279891552556,-2.4571768787367843,-0.805461863381403,-1.8615246098849525,-0.6591561852007874,-1.0547245062879416,-1.1228009422620024,-1.6130186084812372,-1.4962244004540937,-0.8917151766441549,-0.9385186047794747,-0.26751627466342587,-1.1646123573684921,-0.9672693468590916,-0.17677617492144204,-0.013665653234482988,-0.17632790183624714,-0.8158551284841646,-0.35851858573192796,-0.8182926812615188,0.6286425359069066,0.0,-1.0223829160045739,-2.585910278529494,-1.9759141653255474,-1.2620349011080005,0.024953357338253213,-1.9961447801286436,-0.29364586173583973,-1.3157537257569007,-1.6488810302516148,-0.012367916387874267,-1.0815379062581645,-1.237154786621704,-1.1612026199238308,0.013878897577987992,0.6427081021402943,-2.824771157782769,-0.23860432164886625,0.5901938397199666,1.225941698873,0.5631751808894423,1.4474662857398597,-1.3243934436298996,1.075297283075404,-0.5219452686699393,-0.7645010629440927,1.0340491958961264,-1.4347939627322104,0.21692105262317085,-0.8391416938803786,0.3632267308037864,-0.032341590283367694,-0.10041802625742857,-0.5906356924766634,-0.4738414844495198,0.13066773936041898,0.08386431122509919,0.754866641341148,-0.14222944136391824,0.055113569145482266,0.8456067410831318,1.0087172627700909,0.8460550141683267,0.20652778752040923,0.6638643302726459,0.2040902347430551,1.6510254519114804,1.0223829160045739,0.0,-1.56352736252492,-0.9535312493209736,-0.23965198510342667,1.047336273342827,-0.9737618641240697,0.7287370542687341,-0.2933708097523269,-0.6264981142470409,1.0100149996166996,-0.05915499025359061,-0.2147718706171302,-0.1388197039192569,1.0362618135825619,1.6650910181448682,-1.8023882417781953,0.7837785943557076,2.1537212022448866,2.78946906139792,2.1267025434143623,3.0109936482647797,0.23913391889502034,2.638824645600324,1.0415820938549807,0.7990262995808273,2.5975765584210464,0.1287333997927096,1.7804484151480908,0.7243856686445413,1.9267540933287064,1.5311857722415523,1.4631093362674914,0.9728916700482566,1.0896858780754002,1.694195101885339,1.6473916737500192,2.318394003866068,1.4212979211610017,1.6186409316704022,2.409134103608052,2.572244625295011,2.4095823766932467,1.7700551500453292,2.227391692797566,1.767617597267975,3.2145528144364004,2.585910278529494,1.56352736252492,0.0,0.6099961132039464,1.3238753774214933,2.610863635867747,0.5897654984008502,2.292264416793654,1.270156552772593,0.937029248277879,2.5735423621416196,1.5043723722713294,1.3487554919077898,1.424707658605663,2.599789176107482,3.228618380669788,-0.23886087925327537,2.3473059568806276,1.5437250890409402,2.1794729481939736,1.5167064302104158,2.4009975350608332,-0.3708621943089261,2.0288285323963775,0.43158598065103426,0.18903018637688085,1.9875804452171,-0.48126271341123683,1.1704523019441444,0.11438955544059493,1.31675798012476,0.9211896590376059,0.853113223063545,0.3628955568443102,0.47968976487145376,1.0841989886813925,1.0373955605460727,1.7083978906621216,0.8113018079570553,1.0086448184664558,1.7991379904041054,1.9622485120910644,1.7995862634893003,1.1600590368413828,1.6173955795936195,1.1576214840640286,2.604556701232454,1.9759141653255474,0.9535312493209736,-0.6099961132039464,0.0,0.7138792642175469,2.0008675226638006,-0.02023061480309618,1.6822683035897077,0.6601604395686467,0.3270331350739326,1.9635462489376732,0.8943762590673829,0.7387593787038433,0.8147115454017166,1.9897930629035354,2.6186222674658417,-0.8488569924572218,1.7373098436766812,0.8298458248233933,1.4655936839764268,0.802827165992869,1.6871182708432864,-1.084741458526473,1.3149492681788306,-0.2822932835665126,-0.524849077840666,1.273701180999553,-1.1951419776287837,0.4565730377265975,-0.599489708776952,0.6028787159072131,0.20731039482005897,0.1392339588459981,-0.3509837073732367,-0.23418949934609312,0.37031972446384565,0.32351629632852585,0.9945186264445747,0.09742254373950843,0.29476555424890893,1.0852587261865585,1.2483692478735176,1.0857069992717534,0.4461797726238359,0.9035163153760726,0.44374221984648177,1.890677437014907,1.2620349011080005,0.23965198510342667,-1.3238753774214933,-0.7138792642175469,0.0,1.2869882584462538,-0.7341098790206431,0.9683890393721608,-0.05371882464890021,-0.38684612914361427,1.2496669847201263,0.18049699484983606,0.024880114486296456,0.10083228118416976,1.2759137986859885,1.9047430032482948,-1.5627362566747687,1.0234305794591343,-0.45714243362286044,0.178605425530173,-0.4841610924533848,0.4001300123970326,-2.3717297169727267,0.02796100973257687,-1.5692815420127664,-1.8118373362869198,-0.013287077446700657,-2.4821302360750375,-0.8304152207196562,-1.8864779672232057,-0.6841095425390407,-1.0796778636261948,-1.1477542996002557,-1.6379719658194904,-1.5211777577923469,-0.9166685339824081,-0.9634719621177279,-0.2924696320016791,-1.1895657147067453,-0.9922227041973448,-0.20172953225969525,-0.0386190105727362,-0.20128125917450035,-0.8408084858224179,-0.3834719430701812,-0.843246038599772,0.6036891785686533,-0.024953357338253213,-1.047336273342827,-2.610863635867747,-2.0008675226638006,-1.2869882584462538,0.0,-2.021098137466897,-0.31859921907409294,-1.340707083095154,-1.673834387589868,-0.03732127372612748,-1.1064912635964177,-1.2621081439599573,-1.186155977262084,-0.01107445976026522,0.6177547448020411,-2.8497245151210224,-0.26355767898711946,1.5639557038440364,2.19970356299707,1.536937045013512,2.4212281498639294,-0.3506315795058299,2.0490591471994737,0.45181659545413044,0.20926080117997703,2.007811060020196,-0.46103209860814065,1.1906829167472406,0.1346201702436911,1.3369885949278562,0.941420273840702,0.8733438378666412,0.38312617164740637,0.49992037967454994,1.1044296034844887,1.057626175349169,1.7286285054652177,0.8315324227601515,1.028875433269552,1.8193686052072016,1.9824791268941606,1.8198168782923965,1.180289651644479,1.6376261943967156,1.1778520988671248,2.62478731603555,1.9961447801286436,0.9737618641240697,-0.5897654984008502,0.02023061480309618,0.7341098790206431,2.021098137466897,0.0,1.7024989183928039,0.6803910543717429,0.3472637498770288,1.9837768637407693,0.9146068738704791,0.7589899935069395,0.8349421602048128,2.0100236777066316,2.638852882268938,-0.8286263776541256,1.7575404584797774,-0.1385432145487675,0.49720464460426594,-0.16556187337929185,0.7187292314711256,-2.0531304978986338,0.3465602288066698,-1.2506823229386734,-1.4932381172128268,0.3053121416273923,-2.1635310170009445,-0.5118160016455633,-1.5678787481491128,-0.3655103234649477,-0.7610786445521018,-0.8291550805261627,-1.3193727467453975,-1.202578538718254,-0.5980693149083152,-0.644872743043635,0.026129587072413862,-0.8709664956326524,-0.6736234851232519,0.11686968681439769,0.27998020850135674,0.1173179598995926,-0.5222092667483249,-0.06487272399608823,-0.524646819525679,0.9222883976427463,0.29364586173583973,-0.7287370542687341,-2.292264416793654,-1.6822683035897077,-0.9683890393721608,0.31859921907409294,-1.7024989183928039,0.0,-1.022107864021061,-1.355235168515775,0.28127794534796546,-0.7878920445223248,-0.9435089248858644,-0.867556758187991,0.3075247593138277,0.936353963876134,-2.5311252960469295,0.055041540086973484,0.8835646494722935,1.519312508625327,0.8565459906417692,1.7408370954921866,-1.0310226338775728,1.3686680928277308,-0.2285744589176124,-0.4711302531917658,1.3274200056484533,-1.1414231529798835,0.5102918623754977,-0.5457708841280517,0.6565975405561133,0.2610292194689592,0.1929527834948983,-0.2972648827243365,-0.1804706746971929,0.42403854911274586,0.37723512097742606,1.0482374510934749,0.15114136838840864,0.34848437889780914,1.1389775508354587,1.3020880725224178,1.1394258239206536,0.4998985972727361,0.9572351400249728,0.497461044495382,1.9443962616638073,1.3157537257569007,0.2933708097523269,-1.270156552772593,-0.6601604395686467,0.05371882464890021,1.340707083095154,-0.6803910543717429,1.022107864021061,0.0,-0.33312730449471406,1.3033858093690265,0.23421581949873627,0.07859893913519667,0.15455110583306997,1.3296326233348887,1.958461827897195,-1.5090174320258685,1.0771494041080345,1.2166919539670076,1.852439813120041,1.1896732951364832,2.0739643999869006,-0.6978953293828587,1.701795397322445,0.10455284557710165,-0.13800294869705176,1.6605473101431674,-0.8082958484851694,0.8434191668702118,-0.2126435796333377,0.9897248450508274,0.5941565239636732,0.5260800879896124,0.03586242177037757,0.15265662979752115,0.7571658536074599,0.7103624254721401,1.381364755588189,0.4842686728831227,0.6816116833925232,1.4721048553301728,1.6352153770171318,1.4725531284153677,0.8330259017674502,1.2903624445196868,0.830588348990096,2.2775235661585214,1.6488810302516148,0.6264981142470409,-0.937029248277879,-0.3270331350739326,0.38684612914361427,1.673834387589868,-0.3472637498770288,1.355235168515775,0.33312730449471406,0.0,1.6365131138637405,0.5673431239934503,0.4117262436299107,0.48767841032778403,1.6627599278296028,2.291589132391909,-1.1758901275311544,1.4102767086027486,-0.41982115989673296,0.21592669925630048,-0.4468398187272573,0.4374512861231601,-2.3344084432465992,0.06528228345870435,-1.531960268286639,-1.7745160625607923,0.024034196279426823,-2.44480896234891,-0.7930939469935288,-1.8491566934970782,-0.6467882688129132,-1.0423565899000673,-1.1104330258741282,-1.600650692093363,-1.4838564840662194,-0.8793472602562806,-0.9261506883916004,-0.2551483582755516,-1.1522444409806178,-0.9549014304712173,-0.16440825853356777,-0.0012977368466087214,-0.16395998544837287,-0.8034872120962904,-0.3461506693440537,-0.8059247648736445,0.6410104522947808,0.012367916387874267,-1.0100149996166996,-2.5735423621416196,-1.9635462489376732,-1.2496669847201263,0.03732127372612748,-1.9837768637407693,-0.28127794534796546,-1.3033858093690265,-1.6365131138637405,0.0,-1.0691699898702902,-1.2247868702338298,-1.1488347035359565,0.02624681396586226,0.6550760185281685,-2.812403241394895,-0.22623640526099198,0.6493488299735573,1.2850966891265907,0.6223301711430329,1.5066212759934503,-1.265238453376309,1.1344522733289946,-0.4627902784163487,-0.7053460726905021,1.093204186149717,-1.3756389724786198,0.27607604287676146,-0.779986703626788,0.42238172105737704,0.026813399970222918,-0.04126303600383796,-0.5314807022230728,-0.4146864941959292,0.1898227296140096,0.1430193014786898,0.8140216315947386,-0.08307445111032763,0.11426855939907288,0.9047617313367224,1.0678722530236815,0.9052100044219173,0.26568277777399985,0.7230193205262365,0.2632452249966457,1.710180442165071,1.0815379062581645,0.05915499025359061,-1.5043723722713294,-0.8943762590673829,-0.18049699484983606,1.1064912635964177,-0.9146068738704791,0.7878920445223248,-0.23421581949873627,-0.5673431239934503,1.0691699898702902,0.0,-0.1556168803635396,-0.0796647136656663,1.0954168038361525,1.7242460083984588,-1.7432332515246047,0.8429335846092982,0.8049657103370969,1.4407135694901303,0.7779470515065725,1.66223815635699,-1.1096215730127694,1.2900691536925342,-0.3071733980528091,-0.5497291923269625,1.2488210665132566,-1.2200220921150802,0.43169292324030106,-0.6243698232632484,0.5779986014209166,0.18243028033376252,0.11435384435970164,-0.37586382185953315,-0.2590696138323896,0.3454396099775492,0.2986361818422294,0.9696385119582782,0.07254242925321197,0.2698854397626125,1.060378611700262,1.223489133387221,1.060826884785457,0.42129965813753945,0.8786362008897761,0.4188621053601853,1.8657973225286106,1.237154786621704,0.2147718706171302,-1.3487554919077898,-0.7387593787038433,-0.024880114486296456,1.2621081439599573,-0.7589899935069395,0.9435089248858644,-0.07859893913519667,-0.4117262436299107,1.2247868702338298,0.1556168803635396,0.0,0.0759521666978733,1.251033684199692,1.8798628887619984,-1.5876163711610651,0.9985504649728378,0.7290135436392235,1.364761402792257,0.7019948848086992,1.5862859896591166,-1.1855737397106427,1.2141169869946609,-0.3831255647506824,-0.6256813590248358,1.1728688998153833,-1.2959742588129535,0.35574075654242776,-0.7003219899611217,0.5020464347230433,0.10647811363588922,0.03840167766182834,-0.45181598855740646,-0.3350217805302629,0.2694874432796759,0.2226840151443561,0.8936863452604049,-0.0034097374446613316,0.19393327306473918,0.9844264450023887,1.1475369666893478,0.9848747180875836,0.34534749143966614,0.8026840341919028,0.342909938662312,1.7898451558307373,1.1612026199238308,0.1388197039192569,-1.424707658605663,-0.8147115454017166,-0.10083228118416976,1.186155977262084,-0.8349421602048128,0.867556758187991,-0.15455110583306997,-0.48767841032778403,1.1488347035359565,0.0796647136656663,-0.0759521666978733,0.0,1.1750815175018188,1.803910722064125,-1.6635685378589384,0.9225982982749645,-0.4460679738625952,0.18967988529043822,-0.47308663269311957,0.41120447215729783,-2.3606552572124615,0.03903546949284209,-1.5582070822525012,-1.8007628765266546,-0.0022126176864354363,-2.4710557763147722,-0.819340760959391,-1.8754035074629405,-0.6730350827787754,-1.0686034038659296,-1.1366798398399904,-1.6268975060592252,-1.5101032980320817,-0.9055940742221429,-0.9523975023574627,-0.28139517224141386,-1.17849125494648,-0.9811482444370796,-0.19065507249943003,-0.02754455081247098,-0.19020679941423513,-0.8297340260621526,-0.37239748330991596,-0.8321715788395068,0.6147636383289186,-0.013878897577987992,-1.0362618135825619,-2.599789176107482,-1.9897930629035354,-1.2759137986859885,0.01107445976026522,-2.0100236777066316,-0.3075247593138277,-1.3296326233348887,-1.6627599278296028,-0.02624681396586226,-1.0954168038361525,-1.251033684199692,-1.1750815175018188,0.0,0.6288292045623063,-2.838650055360757,-0.25248321922685424,-1.0748971784249015,-0.43914931927186807,-1.1019158372554259,-0.21762473240500846,-2.989484461774768,-0.5897937350694642,-2.1870362868148074,-2.429592081088961,-0.6310418222487417,-3.0998849808770785,-1.4481699655216973,-2.5042327120252468,-1.3018642873410817,-1.6974326084282358,-1.7655090444022967,-2.2557267106215315,-2.138932502594388,-1.5344232787844492,-1.581226706919769,-0.9102243768037201,-1.8073204595087864,-1.6099774489993859,-0.8194842770617363,-0.6563737553747773,-0.8190360039765414,-1.458563230624459,-1.0012266878722222,-1.461000783401813,-0.014065566233387727,-0.6427081021402943,-1.6650910181448682,-3.228618380669788,-2.6186222674658417,-1.9047430032482948,-0.6177547448020411,-2.638852882268938,-0.936353963876134,-1.958461827897195,-2.291589132391909,-0.6550760185281685,-1.7242460083984588,-1.8798628887619984,-1.803910722064125,-0.6288292045623063,0.0,-3.4674792599230635,-0.8813124237891605,2.392582081498162,3.0283299406511954,2.3655634226676376,3.249854527518055,0.4779947981482957,2.8776855248535993,1.280442973108256,1.0378871788341026,2.8364374376743218,0.36759427904598496,2.019309294401366,0.9632465478978167,2.1656149725819818,1.7700466514948276,1.7019702155207668,1.211752549301532,1.3285467573286756,1.9330559811386143,1.8862525530032945,2.5572548831193433,1.660158800414277,1.8575018109236776,2.647994982861327,2.8111055045482862,2.648443255946522,2.0089160292986046,2.4662525720508413,2.0064784765212504,3.4534136936896758,2.824771157782769,1.8023882417781953,0.23886087925327537,0.8488569924572218,1.5627362566747687,2.8497245151210224,0.8286263776541256,2.5311252960469295,1.5090174320258685,1.1758901275311544,2.812403241394895,1.7432332515246047,1.5876163711610651,1.6635685378589384,2.838650055360757,3.4674792599230635,0.0,2.586166836133903,-0.19358475463574099,0.44216310451729246,-0.22060341346626533,0.6636876913841521,-2.1081720379856073,0.29151868871969633,-1.305723863025647,-1.5482796572998003,0.2502706015404188,-2.218572557087918,-0.5668575417325368,-1.6229202882360863,-0.4205518635519212,-0.8161201846390753,-0.8841966206131362,-1.374414286832371,-1.2576200788052274,-0.6531108549952886,-0.6999142831306084,-0.02891195301455962,-0.9260080357196259,-0.7286650252102254,0.061828146727424205,0.22493866841438326,0.06227641981261911,-0.5772508068352984,-0.11991426408306172,-0.5796883596126525,0.8672468575557728,0.23860432164886625,-0.7837785943557076,-2.3473059568806276,-1.7373098436766812,-1.0234305794591343,0.26355767898711946,-1.7575404584797774,-0.055041540086973484,-1.0771494041080345,-1.4102767086027486,0.22623640526099198,-0.8429335846092982,-0.9985504649728378,-0.9225982982749645,0.25248321922685424,0.8813124237891605,-2.586166836133903,0.0,0.0,0.12208748742321607,-0.904674590178586,-2.5385483838624365,-1.0243666336925399,-0.6991369663506104,0.36352293322591844,-1.0783327030339374,-1.9066133380520167,-0.9755360446139525,0.6362216956883779,-0.02928892689030782,-1.3006016437586343,0.2667155244698751,-1.7679499676563344,-1.2515105435846516,-0.29083668738155044,-0.26528124054569613,-0.3911927593234861,-0.2784323119690688,-0.8089718590545534,-0.9937699001183198,-1.468460315867274,-1.7454550779176063,-0.9542680121229203,-0.46462166671487815,0.32433432855417177,-2.247282122137741,-1.1621533006811822,-0.8415725004250243,-1.9512316906972993,-1.1727100357306952,0.16895130738632602,-1.5301548250044972,-1.0763375645931728,0.14635984667123214,-1.3769384390113064,-1.9167265862619578,-1.5456703484102121,-0.052941515641461656,-0.40766707626908616,-1.0235801053558538,-0.011583137878719896,-1.127472536969865,-1.514043737885122,0.05301708179007747,-1.0663974140948493,-0.12208748742321607,0.0,-1.026762077601802,-2.6606358712856526,-1.146454121115756,-0.8212244537738265,0.24143544580270238,-1.2004201904571534,-2.028700825475233,-1.0976235320371686,0.5141342082651619,-0.1513764143135239,-1.4226891311818504,0.14462803704665905,-1.8900374550795505,-1.3735980310078677,-0.4129241748047665,-0.3873687279689122,-0.5132802467467021,-0.4005197993922849,-0.9310593464777694,-1.1158573875415359,-1.59054780329049,-1.8675425653408224,-1.0763554995461364,-0.5867091541380942,0.2022468411309557,-2.369369609560957,-1.2842407881043982,-0.9636599878482404,-2.0733191781205154,-1.2947975231539113,0.046863819963109954,-1.6522423124277132,-1.1984250520163888,0.024272359248016073,-1.4990259264345225,-2.038814073685174,-1.6677578358334282,-0.17502900306467772,-0.5297545636923022,-1.1456675927790698,-0.13367062530193596,-1.2495600243930811,-1.636131225308338,-0.0690704056331386,-1.1884849015180654,0.904674590178586,1.026762077601802,0.0,-1.6338737936838506,-0.1196920435139539,0.20553762382797558,1.2681975234045044,-0.17365811285535138,-1.0019387478734307,-0.07086145443536651,1.540896285866964,0.8753856632882782,-0.3959270535800483,1.171390114648461,-0.8632753774777484,-0.34683595340606566,0.6138379027970355,0.6393933496328899,0.5134818308550999,0.6262422782095172,0.0957027311240326,-0.0890953099397338,-0.563785725688688,-0.8407804877390204,-0.04959342194433436,0.44005292346370783,1.2290089187327577,-1.342607531959155,-0.2574787105025962,0.06310208975356169,-1.0465571005187133,-0.26803544555210923,1.073625897564912,-0.6254802348259112,-0.17166297441458678,1.0510344368498181,-0.47226384883272043,-1.0120519960833718,-0.6409957582316261,0.8517330745371243,0.4970075139094998,-0.11890551517726777,0.8930914522998661,-0.22279794679127907,-0.6093691477065359,0.9576916719686634,-0.16172282391626336,2.5385483838624365,2.6606358712856526,1.6338737936838506,0.0,1.5141817501698966,1.8394114175118261,2.902071317088355,1.4602156808284992,0.6319350458104198,1.563012339248484,3.1747700795508145,2.5092594569721287,1.2379467401038022,2.8052639083323117,0.7705984162061021,1.287037840277785,2.247711696480886,2.2732671433167404,2.1473556245389505,2.2601160718933677,1.7295765248078832,1.5447784837441167,1.0700880679951625,0.7930933059448302,1.5842803717395162,2.0739267171475584,2.8628827124166083,0.2912662617246955,1.3763950831812544,1.6969758834374122,0.5873166931651372,1.3658383481317413,2.7074996912487626,1.0083935588579394,1.4622108192692638,2.6849082305336687,1.1616099448511301,0.6218217976004787,0.9928780354522244,2.485606868220975,2.1308813075933504,1.5149682785065828,2.5269652459837166,1.4110758468925715,1.0245046459773146,2.591565465652514,1.4721509697675872,1.0243666336925399,1.146454121115756,0.1196920435139539,-1.5141817501698966,0.0,0.3252296673419295,1.3878895669184583,-0.05396606934139747,-0.8822467043594768,0.048830589078587394,1.6605883293809178,0.9950777068022321,-0.2762350100660944,1.291082158162415,-0.7435833339637945,-0.22714390989211175,0.7335299463109894,0.7590853931468438,0.6331738743690538,0.7459343217234711,0.2153947746379865,0.030596733574220103,-0.4440936821747341,-0.7210884442250665,0.07009862156961955,0.5597449669776617,1.3487009622467117,-1.2229154884452011,-0.13778666698864228,0.1827941332675156,-0.9268650570047594,-0.14834340203815533,1.193317941078866,-0.5057881913119573,-0.05197093090063287,1.170726480363772,-0.35257180531876653,-0.8923599525694179,-0.5213037147176722,0.9714251180510782,0.6166995574234537,0.000786528336686132,1.01278349581382,-0.10310590327732516,-0.48967710419258204,1.0773837154826174,-0.04203078040230945,0.6991369663506104,0.8212244537738265,-0.20553762382797558,-1.8394114175118261,-0.3252296673419295,0.0,1.0626598995765288,-0.37919573668332696,-1.2074763717014063,-0.2763990782633421,1.3353586620389883,0.6698480394603026,-0.6014646774080239,0.9658524908204855,-1.068813001305724,-0.5523735772340412,0.40830027896905996,0.43385572580491427,0.30794420702712433,0.4207046543815416,-0.10983489270394298,-0.2946329337677094,-0.7693233495166636,-1.046318111566996,-0.25513104577230994,0.23451529963573226,1.0234712949047822,-1.5481451557871306,-0.46301633433057177,-0.1424355340744139,-1.252094724346689,-0.4735730693800848,0.8680882737369364,-0.8310178586538868,-0.37720059824256236,0.8454968130218425,-0.677801472660696,-1.2175896199113474,-0.8465333820596017,0.6461954507091487,0.29146989008152424,-0.32444313900524335,0.6875538284718905,-0.42833557061925465,-0.8149067715345115,0.7521540481406879,-0.36726044774423894,-0.36352293322591844,-0.24143544580270238,-1.2681975234045044,-2.902071317088355,-1.3878895669184583,-1.0626598995765288,0.0,-1.4418556362598558,-2.270136271277935,-1.339058977839871,0.2726987624624595,-0.39281186011622626,-1.6641245769845527,-0.09680740875604332,-2.131472900882253,-1.61503347681057,-0.6543596206074689,-0.6288041737716146,-0.7547156925494045,-0.6419552451949873,-1.1724947922804718,-1.3572928333442382,-1.8319832490931924,-2.108978011143525,-1.3177909453488388,-0.8281445999407966,-0.039188604671746674,-2.6108050553636595,-1.5256762339071006,-1.2050954336509427,-2.3147546239232177,-1.5362329689566137,-0.19457162583959242,-1.8936777582304156,-1.4398604978190912,-0.2171630865546863,-1.7404613722372249,-2.2802495194878762,-1.9091932816361306,-0.4164644488673801,-0.7711900094950046,-1.3871030385817722,-0.37510607110463834,-1.4909954701957835,-1.8775666711110404,-0.310505851435841,-1.4299203473207678,1.0783327030339374,1.2004201904571534,0.17365811285535138,-1.4602156808284992,0.05396606934139747,0.37919573668332696,1.4418556362598558,0.0,-0.8282806350180794,0.10279665841998487,1.7145543987223153,1.0490437761436295,-0.22226894072469694,1.3450482275038125,-0.689617264622397,-0.17317784055071428,0.7874960156523869,0.8130514624882412,0.6871399437104513,0.7999003910648685,0.269360843979384,0.08456280291561757,-0.39012761283333663,-0.667122374883669,0.12406469091101702,0.6137110363190592,1.4026670315881091,-1.1689494191038037,-0.08382059764724481,0.23676020260891306,-0.8728989876633619,-0.09437733269675785,1.2472840104202634,-0.4518221219705598,0.001995138440764599,1.2246925497051695,-0.29860573597736906,-0.8383938832280204,-0.46733764537627476,1.0253911873924757,0.6706656267648512,0.0547525976780836,1.0667495651552175,-0.04913983393592769,-0.43571103485118456,1.1313497848240148,0.011935288939088018,1.9066133380520167,2.028700825475233,1.0019387478734307,-0.6319350458104198,0.8822467043594768,1.2074763717014063,2.270136271277935,0.8282806350180794,0.0,0.9310772934380642,2.5428350337403947,1.877324411161709,0.6060116942933824,2.173328862521892,0.13866337039568233,0.6551027944673651,1.6157766506704663,1.6413320975063206,1.5154205787285306,1.628181026082948,1.0976414789974633,0.9128434379336969,0.4381530221847427,0.16115826013441037,0.9523453259290964,1.4419916713371386,2.2309476666061885,-0.3406687840857243,0.7444600373708345,1.0650408376269924,-0.04461835264528258,0.7339033023213215,2.0755646454383427,0.37645851304751954,0.830275773458844,2.052973184723249,0.5296748990407103,-0.010113248209941084,0.3609429896418046,1.853671822410555,1.4989462617829306,0.883033232696163,1.8950302001732968,0.7791408010821517,0.3925696001668948,1.9596304198420942,0.8402159239571674,0.9755360446139525,1.0976235320371686,0.07086145443536651,-1.563012339248484,-0.048830589078587394,0.2763990782633421,1.339058977839871,-0.10279665841998487,-0.9310772934380642,0.0,1.6117577403023304,0.9462471177236447,-0.3250655991446818,1.2422515690838276,-0.7924139230423819,-0.27597449897069914,0.684699357232402,0.7102548040682564,0.5843432852904664,0.6971037326448837,0.1665641855593991,-0.01823385550436729,-0.4929242712533215,-0.7699190333036539,0.02126803249103215,0.5109143778990743,1.2998703731681243,-1.2717460775237885,-0.18661725606722968,0.1339635441889282,-0.9756956460833468,-0.19717399111674272,1.1444873520002785,-0.5546187803905447,-0.10080151997922027,1.1218958912851846,-0.4014023943973539,-0.9411905416480053,-0.5701343037962596,0.9225945289724908,0.5678689683448663,-0.04804406074190126,0.9639529067352326,-0.15193649235591256,-0.5385076932711694,1.02855312640403,-0.09086136948089685,-0.6362216956883779,-0.5141342082651619,-1.540896285866964,-3.1747700795508145,-1.6605883293809178,-1.3353586620389883,-0.2726987624624595,-1.7145543987223153,-2.5428350337403947,-1.6117577403023304,0.0,-0.6655106225786858,-1.9368233394470122,-0.3695061712185028,-2.4041716633447123,-1.8877322392730296,-0.9270583830699284,-0.9015029362340741,-1.027414455011864,-0.9146540076574468,-1.4451935547429313,-1.6299915958066977,-2.104682011555652,-2.3816767736059843,-1.5904897078112983,-1.100843362403256,-0.3118873671342062,-2.883503817826119,-1.79837499636956,-1.4777941961134022,-2.5874533863856772,-1.8089317314190732,-0.4672703883020519,-2.166376520692875,-1.7125592602815507,-0.4898618490171458,-2.0131601346996844,-2.5529482819503357,-2.18189204409859,-0.6891632113298396,-1.043888771957464,-1.6598018010442317,-0.6478048335670978,-1.763694232658243,-2.1502654335735,-0.5832046138983005,-1.7026191097832273,0.02928892689030782,0.1513764143135239,-0.8753856632882782,-2.5092594569721287,-0.9950777068022321,-0.6698480394603026,0.39281186011622626,-1.0490437761436295,-1.877324411161709,-0.9462471177236447,0.6655106225786858,0.0,-1.2713127168683265,0.29600445136018294,-1.7386610407660266,-1.2222216166943438,-0.2615477604912426,-0.2359923136553883,-0.36190383243317825,-0.249143385078761,-0.7796829321642456,-0.964480973228012,-1.4391713889769662,-1.7161661510272985,-0.9249790852326125,-0.4353327398245703,0.3536232554444796,-2.217993195247433,-1.1328643737908743,-0.8122835735347165,-1.9219427638069915,-1.1434211088403874,0.19824023427663384,-1.5008658981141894,-1.047048637702865,0.17564877356153996,-1.3476495121209986,-1.88743765937165,-1.5163814215199043,-0.023652588751153836,-0.37837814937877834,-0.9942911784655459,0.017705789011587925,-1.0981836100795572,-1.484754810994814,0.08230600868038529,-1.0371084872045415,1.3006016437586343,1.4226891311818504,0.3959270535800483,-1.2379467401038022,0.2762350100660944,0.6014646774080239,1.6641245769845527,0.22226894072469694,-0.6060116942933824,0.3250655991446818,1.9368233394470122,1.2713127168683265,0.0,1.5673171682285094,-0.4673483238977001,0.04909110017398266,1.0097649563770839,1.0353204032129382,0.9094088844351482,1.0221693317895655,0.4916297847040809,0.3068317436403145,-0.1678586721086397,-0.44485343415897205,0.34633363163571396,0.8359799770437562,1.624935972312806,-0.9466804783791067,0.13844834307745213,0.45902914333361,-0.650630046938665,0.12789160802793909,1.4695529511449603,-0.22955318124586288,0.22426407916546154,1.4469614904298664,-0.07633679525267212,-0.6161249425033235,-0.24506870465157782,1.2476601281171726,0.8929345674895481,0.27702153840278054,1.2890185058799144,0.17312910678876925,-0.21344209412648762,1.3536187255487118,0.23420422966378496,-0.2667155244698751,-0.14462803704665905,-1.171390114648461,-2.8052639083323117,-1.291082158162415,-0.9658524908204855,0.09680740875604332,-1.3450482275038125,-2.173328862521892,-1.2422515690838276,0.3695061712185028,-0.29600445136018294,-1.5673171682285094,0.0,-2.0346654921262095,-1.5182260680545268,-0.5575522118514256,-0.5319967650155712,-0.6579082837933612,-0.5451478364389439,-1.0756873835244285,-1.260485424588195,-1.7351758403371491,-2.0121706023874815,-1.2209835365927955,-0.7313371911847533,0.05761880408429665,-2.513997646607616,-1.4288688251510573,-1.1082880248948994,-2.2179472151671744,-1.4394255602005703,-0.0977642170835491,-1.7968703494743723,-1.3430530890630479,-0.12035567779864298,-1.6436539634811815,-2.183442110731833,-1.8123858728800872,-0.3196570401113368,-0.6743826007389613,-1.2902956298257289,-0.278298662348595,-1.3941880614397402,-1.780759262354997,-0.21369844267979765,-1.3331129385647245,1.7679499676563344,1.8900374550795505,0.8632753774777484,-0.7705984162061021,0.7435833339637945,1.068813001305724,2.131472900882253,0.689617264622397,-0.13866337039568233,0.7924139230423819,2.4041716633447123,1.7386610407660266,0.4673483238977001,2.0346654921262095,0.0,0.5164394240716828,1.477113280274784,1.5026687271106383,1.3767572083328483,1.4895176556872656,0.958978108601781,0.7741800675380146,0.2994896517890604,0.02249488973872804,0.813681955533414,1.3033283009414562,2.092284296210506,-0.47933215448140665,0.6057966669751522,0.9263774672313101,-0.1832817230409649,0.5952399319256392,1.9369012750426604,0.2377951426518372,0.6916124030631616,1.9143098143275665,0.391011528645028,-0.1487766186056234,0.22227961924612227,1.7150084520148727,1.3602828913872482,0.7443698623004806,1.7563668297776145,0.6404774306864693,0.25390622977121247,1.8209670494464119,0.701552553561485,1.2515105435846516,1.3735980310078677,0.34683595340606566,-1.287037840277785,0.22714390989211175,0.5523735772340412,1.61503347681057,0.17317784055071428,-0.6551027944673651,0.27597449897069914,1.8877322392730296,1.2222216166943438,-0.04909110017398266,1.5182260680545268,-0.5164394240716828,0.0,0.9606738562031012,0.9862293030389555,0.8603177842611656,0.9730782316155828,0.44253868453009826,0.25774064346633185,-0.21694977228262236,-0.4939445343329547,0.2972425314617313,0.7868888768697735,1.5758448721388234,-0.9957715785530894,0.08935724290346947,0.40993804315962734,-0.6997211471126477,0.07880050785395643,1.4204618509709777,-0.27864428141984554,0.17517297899147888,1.3978703902558838,-0.12542789542665478,-0.6652160426773062,-0.2941598048255605,1.19856902794319,0.8438434673155655,0.22793043822879788,1.2399274057059317,0.12403800661478659,-0.2625331943004703,1.304527625374729,0.1851131294898023,0.29083668738155044,0.4129241748047665,-0.6138379027970355,-2.247711696480886,-0.7335299463109894,-0.40830027896905996,0.6543596206074689,-0.7874960156523869,-1.6157766506704663,-0.684699357232402,0.9270583830699284,0.2615477604912426,-1.0097649563770839,0.5575522118514256,-1.477113280274784,-0.9606738562031012,0.0,0.025555446835854312,-0.10035607194193563,0.012404375412481627,-0.5181351716730029,-0.7029332127367693,-1.1776236284857236,-1.454618390536056,-0.6634313247413699,-0.1737849793333277,0.6151710159357222,-1.9564454347561906,-0.8713166132996317,-0.5507358130434739,-1.6603950033157489,-0.8818733483491448,0.45978799476787646,-1.2393181376229467,-0.7855008772116223,0.4371965340527826,-1.086101751629756,-1.6258898988804074,-1.2548336610286617,0.23789517174008878,-0.11683038888753572,-0.7327434179743033,0.27925354950283054,-0.8366358495883146,-1.2232070505035715,0.3438537691716279,-0.7755607267132989,0.26528124054569613,0.3873687279689122,-0.6393933496328899,-2.2732671433167404,-0.7590853931468438,-0.43385572580491427,0.6288041737716146,-0.8130514624882412,-1.6413320975063206,-0.7102548040682564,0.9015029362340741,0.2359923136553883,-1.0353204032129382,0.5319967650155712,-1.5026687271106383,-0.9862293030389555,-0.025555446835854312,0.0,-0.12591151877778994,-0.013151071423372684,-0.5436906185088572,-0.7284886595726237,-1.2031790753215779,-1.4801738373719102,-0.6889867715772242,-0.19934042616918202,0.5896155690998679,-1.982000881592045,-0.896872060135486,-0.5762912598793282,-1.6859504501516032,-0.9074287951849991,0.43423254793202215,-1.264873584458801,-0.8110563240474766,0.41164108721692827,-1.1116571984656103,-1.6514453457162617,-1.280389107864516,0.21233972490423447,-0.14238583572339003,-0.7582988648101576,0.25369810266697623,-0.8621912964241689,-1.2487624973394258,0.3182983223357736,-0.8011161735491532,0.3911927593234861,0.5132802467467021,-0.5134818308550999,-2.1473556245389505,-0.6331738743690538,-0.30794420702712433,0.7547156925494045,-0.6871399437104513,-1.5154205787285306,-0.5843432852904664,1.027414455011864,0.36190383243317825,-0.9094088844351482,0.6579082837933612,-1.3767572083328483,-0.8603177842611656,0.10035607194193563,0.12591151877778994,0.0,0.11276044735441726,-0.4177790997310673,-0.6025771407948337,-1.077267556543788,-1.3542623185941203,-0.5630752527994343,-0.07342890739139207,0.7155270878776578,-1.856089362814255,-0.7709605413576961,-0.4503797411015382,-1.5600389313738132,-0.7815172764072091,0.5601440667098121,-1.138962065681011,-0.6851448052696867,0.5375526059947182,-0.9857456796878203,-1.5255338269384717,-1.154477589086726,0.3382512436820244,-0.016474316945600087,-0.6323873460323677,0.3796096214447662,-0.736279777646379,-1.1228509785616358,0.44420984111356354,-0.6752046547713633,0.2784323119690688,0.4005197993922849,-0.6262422782095172,-2.2601160718933677,-0.7459343217234711,-0.4207046543815416,0.6419552451949873,-0.7999003910648685,-1.628181026082948,-0.6971037326448837,0.9146540076574468,0.249143385078761,-1.0221693317895655,0.5451478364389439,-1.4895176556872656,-0.9730782316155828,-0.012404375412481627,0.013151071423372684,-0.11276044735441726,0.0,-0.5305395470854846,-0.715337588149251,-1.1900280038982052,-1.4670227659485375,-0.6758357001538515,-0.18618935474580933,0.6027666405232406,-1.9688498101686722,-0.8837209887121134,-0.5631401884559555,-1.6727993787282305,-0.8942777237616264,0.44738361935539483,-1.2517225130354284,-0.7979052526241039,0.42479215864030095,-1.0985061270422376,-1.638294274292889,-1.2672380364411433,0.22549079632760716,-0.12923476430001735,-0.7451477933867849,0.2668491740903489,-0.8490402250007962,-1.235611425916053,0.3314493937591463,-0.7879651021257805,0.8089718590545534,0.9310593464777694,-0.0957027311240326,-1.7295765248078832,-0.2153947746379865,0.10983489270394298,1.1724947922804718,-0.269360843979384,-1.0976414789974633,-0.1665641855593991,1.4451935547429313,0.7796829321642456,-0.4916297847040809,1.0756873835244285,-0.958978108601781,-0.44253868453009826,0.5181351716730029,0.5436906185088572,0.4177790997310673,0.5305395470854846,0.0,-0.1847980410637664,-0.6594884568127206,-0.936483218863053,-0.14529615306836696,0.34435019233967523,1.1333061876087251,-1.4383102630831877,-0.3531814416266288,-0.03260064137047092,-1.142259831642746,-0.36373817667614183,0.9779231664408794,-0.7211829659499438,-0.2673657055386194,0.9553317057257855,-0.567966579956753,-1.1077547272074044,-0.7366984893556587,0.7560303434130917,0.4013047827854672,-0.21460824630130038,0.7973887211758335,-0.31850067791531167,-0.7050718788305685,0.8619889408446308,-0.25742555504029596,0.9937699001183198,1.1158573875415359,0.0890953099397338,-1.5447784837441167,-0.030596733574220103,0.2946329337677094,1.3572928333442382,-0.08456280291561757,-0.9128434379336969,0.01823385550436729,1.6299915958066977,0.964480973228012,-0.3068317436403145,1.260485424588195,-0.7741800675380146,-0.25774064346633185,0.7029332127367693,0.7284886595726237,0.6025771407948337,0.715337588149251,0.1847980410637664,0.0,-0.4746904157489542,-0.7516851777992866,0.03950188799539944,0.5291482334034416,1.3181042286724916,-1.2535122220194213,-0.16838340056286238,0.1521973996932955,-0.9574617905789795,-0.17894013561237543,1.1627212075046458,-0.5363849248861774,-0.08256766447485298,1.140129746789552,-0.38316853889298663,-0.922956686143638,-0.5519004482918923,0.9408283844768581,0.5861028238492336,-0.02981020523753397,0.9821867622395999,-0.13370263685154526,-0.5202738377668021,1.0467869819083973,-0.07262751397652956,1.468460315867274,1.59054780329049,0.563785725688688,-1.0700880679951625,0.4440936821747341,0.7693233495166636,1.8319832490931924,0.39012761283333663,-0.4381530221847427,0.4929242712533215,2.104682011555652,1.4391713889769662,0.1678586721086397,1.7351758403371491,-0.2994896517890604,0.21694977228262236,1.1776236284857236,1.2031790753215779,1.077267556543788,1.1900280038982052,0.6594884568127206,0.4746904157489542,0.0,-0.27699476205033235,0.5141923037443537,1.0038386491523958,1.7927946444214458,-0.778821806270467,0.3063070151860918,0.6268878154422497,-0.4827713748300253,0.2957502801365788,1.6374116232536,-0.061694509137223186,0.39212275127410123,1.6148201625385061,0.09152187685596758,-0.4482662703946838,-0.07721003254293812,1.4155188002258123,1.0607932395981878,0.44488021051142024,1.456877177988554,0.34098777889740894,-0.04558342201784793,1.5214773976573515,0.40206290177242465,1.7454550779176063,1.8675425653408224,0.8407804877390204,-0.7930933059448302,0.7210884442250665,1.046318111566996,2.108978011143525,0.667122374883669,-0.16115826013441037,0.7699190333036539,2.3816767736059843,1.7161661510272985,0.44485343415897205,2.0121706023874815,-0.02249488973872804,0.4939445343329547,1.454618390536056,1.4801738373719102,1.3542623185941203,1.4670227659485375,0.936483218863053,0.7516851777992866,0.27699476205033235,0.0,0.791187065794686,1.2808334112027282,2.069789406471778,-0.5018270442201347,0.5833017772364242,0.903882577492582,-0.20577661277969295,0.5727450421869111,1.9144063853039324,0.21530025291310917,0.6691175133244336,1.8918149245888385,0.36851663890629993,-0.17127150834435145,0.19978472950739423,1.6925135622761447,1.3377880016485202,0.7218749725617526,1.7338719400388864,0.6179825409477413,0.23141134003248442,1.7984721597076838,0.679057663822757,0.9542680121229203,1.0763554995461364,0.04959342194433436,-1.5842803717395162,-0.07009862156961955,0.25513104577230994,1.3177909453488388,-0.12406469091101702,-0.9523453259290964,-0.02126803249103215,1.5904897078112983,0.9249790852326125,-0.34633363163571396,1.2209835365927955,-0.813681955533414,-0.2972425314617313,0.6634313247413699,0.6889867715772242,0.5630752527994343,0.6758357001538515,0.14529615306836696,-0.03950188799539944,-0.5141923037443537,-0.791187065794686,0.0,0.4896463454080422,1.278602340677092,-1.2930141100148207,-0.20788528855826183,0.11269551169789604,-0.996963678574379,-0.21844202360777487,1.1232193195092464,-0.5758868128815768,-0.12206955247025242,1.1006278587941525,-0.4226704268883861,-0.9624585741390375,-0.5914023362872918,0.9013264964814587,0.5466009358538342,-0.06931209323293341,0.9426848742442004,-0.1732045248469447,-0.5597757257622016,1.0072850939129978,-0.112129401971929,0.46462166671487815,0.5867091541380942,-0.44005292346370783,-2.0739267171475584,-0.5597449669776617,-0.23451529963573226,0.8281445999407966,-0.6137110363190592,-1.4419916713371386,-0.5109143778990743,1.100843362403256,0.4353327398245703,-0.8359799770437562,0.7313371911847533,-1.3033283009414562,-0.7868888768697735,0.1737849793333277,0.19934042616918202,0.07342890739139207,0.18618935474580933,-0.34435019233967523,-0.5291482334034416,-1.0038386491523958,-1.2808334112027282,-0.4896463454080422,0.0,0.7889559952690499,-1.7826604554228629,-0.697531633966304,-0.37695083371014615,-1.4866100239824211,-0.7080883690158171,0.6335729741012042,-1.065533158289619,-0.6117158978782946,0.6109815133861103,-0.9123167722964283,-1.4521049195470797,-1.081048681695334,0.4116801510734165,0.056954590445791986,-0.5589584386409756,0.45303852883615825,-0.6628508702549869,-1.0494220711702438,0.5176387485049556,-0.6017757473799712,-0.32433432855417177,-0.2022468411309557,-1.2290089187327577,-2.8628827124166083,-1.3487009622467117,-1.0234712949047822,0.039188604671746674,-1.4026670315881091,-2.2309476666061885,-1.2998703731681243,0.3118873671342062,-0.3536232554444796,-1.624935972312806,-0.05761880408429665,-2.092284296210506,-1.5758448721388234,-0.6151710159357222,-0.5896155690998679,-0.7155270878776578,-0.6027666405232406,-1.1333061876087251,-1.3181042286724916,-1.7927946444214458,-2.069789406471778,-1.278602340677092,-0.7889559952690499,0.0,-2.571616450691913,-1.486487629235354,-1.165906828979196,-2.275566019251471,-1.497044364284867,-0.15538302116784575,-1.854489153558669,-1.4006718931473445,-0.17797448188293963,-1.7012727675654782,-2.2410609148161296,-1.8700046769643839,-0.3772758441956334,-0.7320014048232579,-1.3479144339100255,-0.33591746643289166,-1.4518068655240368,-1.8383780664392937,-0.2713172467640943,-1.390731742649021,2.247282122137741,2.369369609560957,1.342607531959155,-0.2912662617246955,1.2229154884452011,1.5481451557871306,2.6108050553636595,1.1689494191038037,0.3406687840857243,1.2717460775237885,2.883503817826119,2.217993195247433,0.9466804783791067,2.513997646607616,0.47933215448140665,0.9957715785530894,1.9564454347561906,1.982000881592045,1.856089362814255,1.9688498101686722,1.4383102630831877,1.2535122220194213,0.778821806270467,0.5018270442201347,1.2930141100148207,1.7826604554228629,2.571616450691913,0.0,1.0851288214565589,1.4057096217127167,0.29605043144044174,1.0745720864070458,2.416233429524067,0.7171272971332439,1.1709445575445683,2.393641968808973,0.8703436831264346,0.33055553587578324,0.7016117737275289,2.1943406064962794,1.8396150458686549,1.2237020167818873,2.235698984259021,1.119809585167876,0.7332383842526191,2.3002992039278185,1.1808847080428917,1.1621533006811822,1.2842407881043982,0.2574787105025962,-1.3763950831812544,0.13778666698864228,0.46301633433057177,1.5256762339071006,0.08382059764724481,-0.7444600373708345,0.18661725606722968,1.79837499636956,1.1328643737908743,-0.13844834307745213,1.4288688251510573,-0.6057966669751522,-0.08935724290346947,0.8713166132996317,0.896872060135486,0.7709605413576961,0.8837209887121134,0.3531814416266288,0.16838340056286238,-0.3063070151860918,-0.5833017772364242,0.20788528855826183,0.697531633966304,1.486487629235354,-1.0851288214565589,0.0,0.32058080025615787,-0.7890783900161171,-0.010556735049513044,1.3311046080675082,-0.368001524323315,0.08581573608800941,1.3085131473524143,-0.21478513833012425,-0.7545732855807756,-0.38351704772902995,1.1092117850397205,0.754486224412096,0.1385731953253284,1.1505701628024623,0.03468076371131712,-0.35189043720393975,1.2151703824712596,0.09575588658633283,0.8415725004250243,0.9636599878482404,-0.06310208975356169,-1.6969758834374122,-0.1827941332675156,0.1424355340744139,1.2050954336509427,-0.23676020260891306,-1.0650408376269924,-0.1339635441889282,1.4777941961134022,0.8122835735347165,-0.45902914333361,1.1082880248948994,-0.9263774672313101,-0.40993804315962734,0.5507358130434739,0.5762912598793282,0.4503797411015382,0.5631401884559555,0.03260064137047092,-0.1521973996932955,-0.6268878154422497,-0.903882577492582,-0.11269551169789604,0.37695083371014615,1.165906828979196,-1.4057096217127167,-0.32058080025615787,0.0,-1.109659190272275,-0.3311375353056709,1.0105238078113503,-0.6885823245794729,-0.23476506416814846,0.9879323470962564,-0.5353659385862821,-1.0751540858369335,-0.7040978479851878,0.7886309847835626,0.43390542415593814,-0.18200760493082946,0.8299893625463044,-0.28590003654484075,-0.6724712374600976,0.8945895822151018,-0.22482491366982504,1.9512316906972993,2.0733191781205154,1.0465571005187133,-0.5873166931651372,0.9268650570047594,1.252094724346689,2.3147546239232177,0.8728989876633619,0.04461835264528258,0.9756956460833468,2.5874533863856772,1.9219427638069915,0.650630046938665,2.2179472151671744,0.1832817230409649,0.6997211471126477,1.6603950033157489,1.6859504501516032,1.5600389313738132,1.6727993787282305,1.142259831642746,0.9574617905789795,0.4827713748300253,0.20577661277969295,0.996963678574379,1.4866100239824211,2.275566019251471,-0.29605043144044174,0.7890783900161171,1.109659190272275,0.0,0.7785216549666041,2.1201829980836253,0.4210768656928021,0.8748941261041265,2.0975915373685314,0.5742932516859929,0.034505104435341494,0.4055613422870872,1.8982901750558376,1.5435646144282131,0.9276515853414455,1.9396485528185794,0.8237591537274342,0.43718795281217737,2.0042487724873768,0.88483427660245,1.1727100357306952,1.2947975231539113,0.26803544555210923,-1.3658383481317413,0.14834340203815533,0.4735730693800848,1.5362329689566137,0.09437733269675785,-0.7339033023213215,0.19717399111674272,1.8089317314190732,1.1434211088403874,-0.12789160802793909,1.4394255602005703,-0.5952399319256392,-0.07880050785395643,0.8818733483491448,0.9074287951849991,0.7815172764072091,0.8942777237616264,0.36373817667614183,0.17894013561237543,-0.2957502801365788,-0.5727450421869111,0.21844202360777487,0.7080883690158171,1.497044364284867,-1.0745720864070458,0.010556735049513044,0.3311375353056709,-0.7785216549666041,0.0,1.3416613431170212,-0.35744478927380197,0.09637247113752245,1.3190698824019274,-0.2042284032806112,-0.7440165505312626,-0.3729603126795169,1.1197685200892336,0.765042959461609,0.14912993037484146,1.1611268978519753,0.045237498760830164,-0.3413337021544267,1.2257271175207727,0.10631262163584587,-0.16895130738632602,-0.046863819963109954,-1.073625897564912,-2.7074996912487626,-1.193317941078866,-0.8680882737369364,0.19457162583959242,-1.2472840104202634,-2.0755646454383427,-1.1444873520002785,0.4672703883020519,-0.19824023427663384,-1.4695529511449603,0.0977642170835491,-1.9369012750426604,-1.4204618509709777,-0.45978799476787646,-0.43423254793202215,-0.5601440667098121,-0.44738361935539483,-0.9779231664408794,-1.1627212075046458,-1.6374116232536,-1.9144063853039324,-1.1232193195092464,-0.6335729741012042,0.15538302116784575,-2.416233429524067,-1.3311046080675082,-1.0105238078113503,-2.1201829980836253,-1.3416613431170212,0.0,-1.6991061323908232,-1.2452888719794988,-0.02259146071509388,-1.5458897463976324,-2.085677893648284,-1.7146216557965381,-0.22189282302778768,-0.5766183836554122,-1.1925314127421798,-0.18053444526504592,-1.296423844356191,-1.682995045271448,-0.11593422559624855,-1.2353487214811754,1.5301548250044972,1.6522423124277132,0.6254802348259112,-1.0083935588579394,0.5057881913119573,0.8310178586538868,1.8936777582304156,0.4518221219705598,-0.37645851304751954,0.5546187803905447,2.166376520692875,1.5008658981141894,0.22955318124586288,1.7968703494743723,-0.2377951426518372,0.27864428141984554,1.2393181376229467,1.264873584458801,1.138962065681011,1.2517225130354284,0.7211829659499438,0.5363849248861774,0.061694509137223186,-0.21530025291310917,0.5758868128815768,1.065533158289619,1.854489153558669,-0.7171272971332439,0.368001524323315,0.6885823245794729,-0.4210768656928021,0.35744478927380197,1.6991061323908232,0.0,0.4538172604113244,1.6765146716757293,0.15321638599319076,-0.3865717612574606,-0.015515523405714937,1.4772133093630355,1.122487748735411,0.5065747196486434,1.5185716871257773,0.40268228803463213,0.016111087119375256,1.5831719067945746,0.46375741090964784,1.0763375645931728,1.1984250520163888,0.17166297441458678,-1.4622108192692638,0.05197093090063287,0.37720059824256236,1.4398604978190912,-0.001995138440764599,-0.830275773458844,0.10080151997922027,1.7125592602815507,1.047048637702865,-0.22426407916546154,1.3430530890630479,-0.6916124030631616,-0.17517297899147888,0.7855008772116223,0.8110563240474766,0.6851448052696867,0.7979052526241039,0.2673657055386194,0.08256766447485298,-0.39212275127410123,-0.6691175133244336,0.12206955247025242,0.6117158978782946,1.4006718931473445,-1.1709445575445683,-0.08581573608800941,0.23476506416814846,-0.8748941261041265,-0.09637247113752245,1.2452888719794988,-0.4538172604113244,0.0,1.222697411264405,-0.30060087441813366,-0.840389021668785,-0.46933278381703936,1.023396048951711,0.6686704883240866,0.052757459237319004,1.0647544267144529,-0.05113497237669229,-0.43770617329194916,1.1293546463832502,0.009940150498323419,-0.14635984667123214,-0.024272359248016073,-1.0510344368498181,-2.6849082305336687,-1.170726480363772,-0.8454968130218425,0.2171630865546863,-1.2246925497051695,-2.052973184723249,-1.1218958912851846,0.4898618490171458,-0.17564877356153996,-1.4469614904298664,0.12035567779864298,-1.9143098143275665,-1.3978703902558838,-0.4371965340527826,-0.41164108721692827,-0.5375526059947182,-0.42479215864030095,-0.9553317057257855,-1.140129746789552,-1.6148201625385061,-1.8918149245888385,-1.1006278587941525,-0.6109815133861103,0.17797448188293963,-2.393641968808973,-1.3085131473524143,-0.9879323470962564,-2.0975915373685314,-1.3190698824019274,0.02259146071509388,-1.6765146716757293,-1.222697411264405,0.0,-1.5232982856825386,-2.06308643293319,-1.6920301950814443,-0.1993013623126938,-0.5540269229403183,-1.169939952027086,-0.15794298454995204,-1.2738323836410972,-1.660403584556354,-0.09334276488115467,-1.2127572607660815,1.3769384390113064,1.4990259264345225,0.47226384883272043,-1.1616099448511301,0.35257180531876653,0.677801472660696,1.7404613722372249,0.29860573597736906,-0.5296748990407103,0.4014023943973539,2.0131601346996844,1.3476495121209986,0.07633679525267212,1.6436539634811815,-0.391011528645028,0.12542789542665478,1.086101751629756,1.1116571984656103,0.9857456796878203,1.0985061270422376,0.567966579956753,0.38316853889298663,-0.09152187685596758,-0.36851663890629993,0.4226704268883861,0.9123167722964283,1.7012727675654782,-0.8703436831264346,0.21478513833012425,0.5353659385862821,-0.5742932516859929,0.2042284032806112,1.5458897463976324,-0.15321638599319076,0.30060087441813366,1.5232982856825386,0.0,-0.5397881472506514,-0.1687319093989057,1.3239969233698448,0.9692713627422203,0.35335833365545266,1.3653553011325865,0.24946590204144137,-0.1371052988738155,1.4299555208013839,0.3105410249164571,1.9167265862619578,2.038814073685174,1.0120519960833718,-0.6218217976004787,0.8923599525694179,1.2175896199113474,2.2802495194878762,0.8383938832280204,0.010113248209941084,0.9411905416480053,2.5529482819503357,1.88743765937165,0.6161249425033235,2.183442110731833,0.1487766186056234,0.6652160426773062,1.6258898988804074,1.6514453457162617,1.5255338269384717,1.638294274292889,1.1077547272074044,0.922956686143638,0.4482662703946838,0.17127150834435145,0.9624585741390375,1.4521049195470797,2.2410609148161296,-0.33055553587578324,0.7545732855807756,1.0751540858369335,-0.034505104435341494,0.7440165505312626,2.085677893648284,0.3865717612574606,0.840389021668785,2.06308643293319,0.5397881472506514,0.0,0.3710562378517457,1.8637850706204961,1.5090595099928716,0.893146480906104,1.905143448383238,0.7892540492920928,0.4026828483768359,1.9697436680520353,0.8503291721671085,1.5456703484102121,1.6677578358334282,0.6409957582316261,-0.9928780354522244,0.5213037147176722,0.8465333820596017,1.9091932816361306,0.46733764537627476,-0.3609429896418046,0.5701343037962596,2.18189204409859,1.5163814215199043,0.24506870465157782,1.8123858728800872,-0.22227961924612227,0.2941598048255605,1.2548336610286617,1.280389107864516,1.154477589086726,1.2672380364411433,0.7366984893556587,0.5519004482918923,0.07721003254293812,-0.19978472950739423,0.5914023362872918,1.081048681695334,1.8700046769643839,-0.7016117737275289,0.38351704772902995,0.7040978479851878,-0.4055613422870872,0.3729603126795169,1.7146216557965381,0.015515523405714937,0.46933278381703936,1.6920301950814443,0.1687319093989057,-0.3710562378517457,0.0,1.4927288327687505,1.138003272141126,0.5220902430543584,1.5340872105314922,0.41819781144034707,0.03162661052509019,1.5986874302002896,0.4792729343153628,0.052941515641461656,0.17502900306467772,-0.8517330745371243,-2.485606868220975,-0.9714251180510782,-0.6461954507091487,0.4164644488673801,-1.0253911873924757,-1.853671822410555,-0.9225945289724908,0.6891632113298396,0.023652588751153836,-1.2476601281171726,0.3196570401113368,-1.7150084520148727,-1.19856902794319,-0.23789517174008878,-0.21233972490423447,-0.3382512436820244,-0.22549079632760716,-0.7560303434130917,-0.9408283844768581,-1.4155188002258123,-1.6925135622761447,-0.9013264964814587,-0.4116801510734165,0.3772758441956334,-2.1943406064962794,-1.1092117850397205,-0.7886309847835626,-1.8982901750558376,-1.1197685200892336,0.22189282302778768,-1.4772133093630355,-1.023396048951711,0.1993013623126938,-1.3239969233698448,-1.8637850706204961,-1.4927288327687505,0.0,-0.3547255606276245,-0.9706385897143921,0.04135837776274176,-1.0745310213284034,-1.4611022222436603,0.10595859743153913,-1.0134558984533877,0.40766707626908616,0.5297545636923022,-0.4970075139094998,-2.1308813075933504,-0.6166995574234537,-0.29146989008152424,0.7711900094950046,-0.6706656267648512,-1.4989462617829306,-0.5678689683448663,1.043888771957464,0.37837814937877834,-0.8929345674895481,0.6743826007389613,-1.3602828913872482,-0.8438434673155655,0.11683038888753572,0.14238583572339003,0.016474316945600087,0.12923476430001735,-0.4013047827854672,-0.5861028238492336,-1.0607932395981878,-1.3377880016485202,-0.5466009358538342,-0.056954590445791986,0.7320014048232579,-1.8396150458686549,-0.754486224412096,-0.43390542415593814,-1.5435646144282131,-0.765042959461609,0.5766183836554122,-1.122487748735411,-0.6686704883240866,0.5540269229403183,-0.9692713627422203,-1.5090595099928716,-1.138003272141126,0.3547255606276245,0.0,-0.6159130290867676,0.39608393839036626,-0.7198054607007789,-1.1063766616160358,0.46068415805916363,-0.6587303378257632,1.0235801053558538,1.1456675927790698,0.11890551517726777,-1.5149682785065828,-0.000786528336686132,0.32444313900524335,1.3871030385817722,-0.0547525976780836,-0.883033232696163,0.04804406074190126,1.6598018010442317,0.9942911784655459,-0.27702153840278054,1.2902956298257289,-0.7443698623004806,-0.22793043822879788,0.7327434179743033,0.7582988648101576,0.6323873460323677,0.7451477933867849,0.21460824630130038,0.02981020523753397,-0.44488021051142024,-0.7218749725617526,0.06931209323293341,0.5589584386409756,1.3479144339100255,-1.2237020167818873,-0.1385731953253284,0.18200760493082946,-0.9276515853414455,-0.14912993037484146,1.1925314127421798,-0.5065747196486434,-0.052757459237319004,1.169939952027086,-0.35335833365545266,-0.893146480906104,-0.5220902430543584,0.9706385897143921,0.6159130290867676,0.0,1.0119969674771339,-0.1038924316140113,-0.49046363252926817,1.0765971871459312,-0.042817308738995585,0.011583137878719896,0.13367062530193596,-0.8930914522998661,-2.5269652459837166,-1.01278349581382,-0.6875538284718905,0.37510607110463834,-1.0667495651552175,-1.8950302001732968,-0.9639529067352326,0.6478048335670978,-0.017705789011587925,-1.2890185058799144,0.278298662348595,-1.7563668297776145,-1.2399274057059317,-0.27925354950283054,-0.25369810266697623,-0.3796096214447662,-0.2668491740903489,-0.7973887211758335,-0.9821867622395999,-1.456877177988554,-1.7338719400388864,-0.9426848742442004,-0.45303852883615825,0.33591746643289166,-2.235698984259021,-1.1505701628024623,-0.8299893625463044,-1.9396485528185794,-1.1611268978519753,0.18053444526504592,-1.5185716871257773,-1.0647544267144529,0.15794298454995204,-1.3653553011325865,-1.905143448383238,-1.5340872105314922,-0.04135837776274176,-0.39608393839036626,-1.0119969674771339,0.0,-1.1158893990911452,-1.502460600006402,0.06460021966879737,-1.0548142762161294,1.127472536969865,1.2495600243930811,0.22279794679127907,-1.4110758468925715,0.10310590327732516,0.42833557061925465,1.4909954701957835,0.04913983393592769,-0.7791408010821517,0.15193649235591256,1.763694232658243,1.0981836100795572,-0.17312910678876925,1.3941880614397402,-0.6404774306864693,-0.12403800661478659,0.8366358495883146,0.8621912964241689,0.736279777646379,0.8490402250007962,0.31850067791531167,0.13370263685154526,-0.34098777889740894,-0.6179825409477413,0.1732045248469447,0.6628508702549869,1.4518068655240368,-1.119809585167876,-0.03468076371131712,0.28590003654484075,-0.8237591537274342,-0.045237498760830164,1.296423844356191,-0.40268228803463213,0.05113497237669229,1.2738323836410972,-0.24946590204144137,-0.7892540492920928,-0.41819781144034707,1.0745310213284034,0.7198054607007789,0.1038924316140113,1.1158893990911452,0.0,-0.3865712009152569,1.1804896187599425,0.06107512287501571,1.514043737885122,1.636131225308338,0.6093691477065359,-1.0245046459773146,0.48967710419258204,0.8149067715345115,1.8775666711110404,0.43571103485118456,-0.3925696001668948,0.5385076932711694,2.1502654335735,1.484754810994814,0.21344209412648762,1.780759262354997,-0.25390622977121247,0.2625331943004703,1.2232070505035715,1.2487624973394258,1.1228509785616358,1.235611425916053,0.7050718788305685,0.5202738377668021,0.04558342201784793,-0.23141134003248442,0.5597757257622016,1.0494220711702438,1.8383780664392937,-0.7332383842526191,0.35189043720393975,0.6724712374600976,-0.43718795281217737,0.3413337021544267,1.682995045271448,-0.016111087119375256,0.43770617329194916,1.660403584556354,0.1371052988738155,-0.4026828483768359,-0.03162661052509019,1.4611022222436603,1.1063766616160358,0.49046363252926817,1.502460600006402,0.3865712009152569,0.0,1.5670608196751994,0.4476463237902726,-0.05301708179007747,0.0690704056331386,-0.9576916719686634,-2.591565465652514,-1.0773837154826174,-0.7521540481406879,0.310505851435841,-1.1313497848240148,-1.9596304198420942,-1.02855312640403,0.5832046138983005,-0.08230600868038529,-1.3536187255487118,0.21369844267979765,-1.8209670494464119,-1.304527625374729,-0.3438537691716279,-0.3182983223357736,-0.44420984111356354,-0.3314493937591463,-0.8619889408446308,-1.0467869819083973,-1.5214773976573515,-1.7984721597076838,-1.0072850939129978,-0.5176387485049556,0.2713172467640943,-2.3002992039278185,-1.2151703824712596,-0.8945895822151018,-2.0042487724873768,-1.2257271175207727,0.11593422559624855,-1.5831719067945746,-1.1293546463832502,0.09334276488115467,-1.4299555208013839,-1.9697436680520353,-1.5986874302002896,-0.10595859743153913,-0.46068415805916363,-1.0765971871459312,-0.06460021966879737,-1.1804896187599425,-1.5670608196751994,0.0,-1.1194144958849268,1.0663974140948493,1.1884849015180654,0.16172282391626336,-1.4721509697675872,0.04203078040230945,0.36726044774423894,1.4299203473207678,-0.011935288939088018,-0.8402159239571674,0.09086136948089685,1.7026191097832273,1.0371084872045415,-0.23420422966378496,1.3331129385647245,-0.701552553561485,-0.1851131294898023,0.7755607267132989,0.8011161735491532,0.6752046547713633,0.7879651021257805,0.25742555504029596,0.07262751397652956,-0.40206290177242465,-0.679057663822757,0.112129401971929,0.6017757473799712,1.390731742649021,-1.1808847080428917,-0.09575588658633283,0.22482491366982504,-0.88483427660245,-0.10631262163584587,1.2353487214811754,-0.46375741090964784,-0.009940150498323419,1.2127572607660815,-0.3105410249164571,-0.8503291721671085,-0.4792729343153628,1.0134558984533877,0.6587303378257632,0.042817308738995585,1.0548142762161294,-0.06107512287501571,-0.4476463237902726,1.1194144958849268,0.0,0.0,-0.2602475390792698,-0.8111117696871464,-1.3506491769926878,-0.28756546223385193,0.13040026372199343,0.01240726964555261,0.948605380775196,0.22594873523912984,0.8466680132823203,1.2851967176563175,-0.2583695545493212,-0.769188241792369,-0.3538097744397728,-2.1715226666606497,0.8061066584967627,0.7962774896859965,0.5576202601117899,-1.191446541597828,0.27383931704180053,-0.6340414419785549,0.7049459725684306,-0.12514892923909926,0.9973966403373602,0.2508793018180526,-0.1615477174162505,0.4113679913212245,-0.7400559573643095,-0.3067482159759063,-1.1781427380244907,0.221937888653577,-0.5229057721767871,0.3081093152748906,0.05568060290568422,0.6784913684386575,-0.13234300359128337,-0.0885803156820959,-1.543850740275695,-1.0861222610720693,-1.018405675841846,-1.0678176176425707,0.3798705352568996,-0.03603984469328214,0.6019915175207018,-0.7116333519296436,0.671291046463284,-1.6036746648790654,0.2602475390792698,0.0,-0.5508642306078766,-1.090401637913418,-0.027317923154582147,0.3906478028012632,0.2726548087248224,1.2088529198544657,0.4861962743183996,1.1069155523615901,1.5454442567355873,0.0018779845299485842,-0.5089407027130992,-0.09356223536050301,-1.91127512758138,1.0663541975760324,1.0565250287652663,0.8178677991910597,-0.9311990025185581,0.5340868561210703,-0.37379390289928516,0.9651935116477004,0.13509860984017052,1.25764417941663,0.5111268408973224,0.09869982166301927,0.6716155304004943,-0.47980841828503973,-0.046500676896636506,-0.9178951989452209,0.4821854277328468,-0.26265823309751735,0.5683568543541604,0.315928141984954,0.9387389075179273,0.12790453548798641,0.17166722339717388,-1.2836032011964251,-0.8258747219927995,-0.7581581367625763,-0.8075700785633009,0.6401180743361694,0.22420769438598764,0.8622390565999716,-0.4513858128503738,0.9315385855425538,-1.3434271257997956,0.8111117696871464,0.5508642306078766,0.0,-0.5395374073055414,0.5235463074532944,0.9415120334091398,0.823519039332699,1.7597171504623423,1.0370605049262762,1.6577797829694667,2.096308487343464,0.5527422151378252,0.04192352789477738,0.4573019952473736,-1.3604108969735034,1.617218428183909,1.607389259373143,1.3687320297989363,-0.38033477191068155,1.084951086728947,0.17707032770859144,1.516057742255577,0.6859628404480471,1.8085084100245066,1.061991071505199,0.6495640522708959,1.2224797610083709,0.07105581232283686,0.5043635537112401,-0.3670309683373443,1.0330496583407234,0.28820599751035925,1.119221084962037,0.8667923725928306,1.489603138125804,0.678768766095863,0.7225314540050505,-0.7327389705885485,-0.27501049138492295,-0.20729390615469967,-0.2567058479554243,1.190982304944046,0.7750719249938642,1.4131032872078482,0.09947841775750277,1.4824028161504303,-0.792562895191919,1.3506491769926878,1.090401637913418,0.5395374073055414,0.0,1.063083714758836,1.4810494407146813,1.3630564466382404,2.299254557767884,1.5765979122318177,2.197317190275008,2.6358458946490053,1.0922796224433666,0.5814609352003188,0.996839402552915,-0.8208734896679619,2.1567558354894505,2.1469266666786844,1.9082694371044777,0.1592026353948599,1.6244884940344884,0.7166077350141329,2.0555951495611184,1.2255002477535886,2.348045817330048,1.6015284788107405,1.1891014595764373,1.7620171683139123,0.6105932196283783,1.0439009610167815,0.17250643896819717,1.5725870656462648,0.8277434048159007,1.6587584922675784,1.406329779898372,2.0291405454313454,1.2183061734014045,1.262068861310592,-0.19320156328300708,0.2645269159206185,0.3322435011508418,0.28283155935011717,1.7305197122495874,1.3146093322994057,1.9526406945133896,0.6390158250630442,2.021940223455972,-0.2530254878863776,0.28756546223385193,0.027317923154582147,-0.5235463074532944,-1.063083714758836,0.0,0.41796572595584536,0.29997273187940454,1.236170843009048,0.5135141974729818,1.1342334755161723,1.5727621798901694,0.02919590768453073,-0.48162277955851707,-0.06624431220592086,-1.8839572044267978,1.0936721207306146,1.0838429519198485,0.8451857223456418,-0.903881079363976,0.5614047792756525,-0.346475979744703,0.9925114348022825,0.16241653299475267,1.2849621025712121,0.5384447640519046,0.12601774481760142,0.6989334535550764,-0.4524904951304576,-0.01918275374205436,-0.8905772757906387,0.5095033508874289,-0.2353403099429352,0.5956747775087425,0.34324606513953615,0.9660568306725095,0.15522245864256856,0.19898514655175603,-1.256285278041843,-0.7985567988382174,-0.7308402136079941,-0.7802521554087187,0.6674359974907516,0.2515256175405698,0.8895569797545537,-0.4240678896957917,0.9588565086971359,-1.3161092026452135,-0.13040026372199343,-0.3906478028012632,-0.9415120334091398,-1.4810494407146813,-0.41796572595584536,0.0,-0.11799299407644082,0.8182051170532025,0.09554847151713641,0.7162677495603269,1.154796453934324,-0.3887698182713146,-0.8995885055143624,-0.4842100381617662,-2.301922930382643,0.6757063947747692,0.6658772259640031,0.42721999638979646,-1.3218468053198213,0.1434390533198071,-0.7644417057005484,0.5745457088464372,-0.2555491929610927,0.8669963766153668,0.1204790380960592,-0.29194798113824394,0.28096772759923105,-0.8704562210863029,-0.4371484796978997,-1.308543001746484,0.09153762493158357,-0.6533060358987806,0.17770905155289718,-0.07471966081630921,0.5480911047166641,-0.2627432673132768,-0.21898057940408933,-1.6742510039976883,-1.2165225247940628,-1.1488059395638395,-1.198217881364564,0.2494702715349062,-0.16644010841527557,0.47159125379870837,-0.842033615651637,0.5408907827412905,-1.7340749286010588,-0.01240726964555261,-0.2726548087248224,-0.823519039332699,-1.3630564466382404,-0.29997273187940454,0.11799299407644082,0.0,0.9361981111296434,0.21354146559357723,0.8342607436367677,1.2727894480107649,-0.2707768241948738,-0.7815955114379216,-0.3662170440853254,-2.1839299363062024,0.79369938885121,0.7838702200404439,0.5452129904662373,-1.2038538112433805,0.2614320473962479,-0.6464487116241076,0.692538702922878,-0.13755619888465187,0.9849893706918076,0.23847203217250001,-0.17395498706180312,0.39896072167567187,-0.7524632270098621,-0.3191554856214589,-1.1905500076700433,0.2095306190080244,-0.5353130418223397,0.295702045629338,0.04327333326013161,0.6660840987931049,-0.14475027323683598,-0.10098758532764851,-1.5562580099212475,-1.098529530717622,-1.0308129454873987,-1.0802248872881233,0.367463265611347,-0.04844711433883475,0.5895842478751492,-0.7240406215751962,0.6588837768177314,-1.616081934524618,-0.948605380775196,-1.2088529198544657,-1.7597171504623423,-2.299254557767884,-1.236170843009048,-0.8182051170532025,-0.9361981111296434,0.0,-0.7226566455360661,-0.10193736749287563,0.33659133688112153,-1.2069749353245172,-1.717793622567565,-1.3024151552149688,-3.1201280474358457,-0.1424987222784333,-0.15232789108919942,-0.39098512066340607,-2.140051922373024,-0.6747660637333954,-1.582646822753751,-0.24365940820676535,-1.0737543100142952,0.048791259562164235,-0.6977260789571433,-1.1101530981914465,-0.5372373894539715,-1.6886613381395055,-1.2553535967511023,-2.1267481187996866,-0.726667492121619,-1.471511152951983,-0.6404960655003054,-0.8929247778695117,-0.2701140123365384,-1.0809483843664793,-1.0371856964572919,-2.492456121050891,-2.0347276418472653,-1.967011056617042,-2.0164229984177666,-0.5687348455182963,-0.9846452254684781,-0.34661386325449417,-1.6602387327048396,-0.277314334311912,-2.5522800456542614,-0.22594873523912984,-0.4861962743183996,-1.0370605049262762,-1.5765979122318177,-0.5135141974729818,-0.09554847151713641,-0.21354146559357723,0.7226566455360661,0.0,0.6207192780431905,1.0592479824171877,-0.48431828978845104,-0.9951369770314988,-0.5797585096789026,-2.3974714018997796,0.5801579232576328,0.5703287544468667,0.33167152487266005,-1.4173952768369578,0.047890581802670695,-0.8599901772176848,0.4789972373293008,-0.3510976644782291,0.7714479050982304,0.024930566578922786,-0.38749645265538035,0.18541925608209464,-0.9660046926034394,-0.5326969512150361,-1.4040914732636205,-0.004010846585552841,-0.748854507415917,0.08216058003576077,-0.17026813233344562,0.4525426331995277,-0.3582917388304132,-0.31452905092122574,-1.7697994755148247,-1.3120709963111992,-1.2443544110809759,-1.2937663528817005,0.15392180001776978,-0.261988579932412,0.37604278228157195,-0.9375820871687734,0.44534231122415413,-1.8296234001181952,-0.8466680132823203,-1.1069155523615901,-1.6577797829694667,-2.197317190275008,-1.1342334755161723,-0.7162677495603269,-0.8342607436367677,0.10193736749287563,-0.6207192780431905,0.0,0.43852870437399716,-1.1050375678316415,-1.6158562550746893,-1.2004777877220931,-3.01819067994297,-0.04056135478555767,-0.05039052359632379,-0.28904775317053044,-2.0381145548801483,-0.5728286962405198,-1.4807094552608753,-0.14172204071388972,-0.9718169425214196,0.15072862705503987,-0.5957887114642677,-1.0082157306985708,-0.43530002196109585,-1.5867239706466298,-1.1534162292582266,-2.024810751306811,-0.6247301246287433,-1.3695737854591075,-0.5385586980074297,-0.7909874103766361,-0.1681766448436628,-0.9790110168736037,-0.9352483289644162,-2.3905187535580152,-1.9327902743543897,-1.8650736891241664,-1.914485630924891,-0.4667974780254207,-0.8827078579756025,-0.24467649576161854,-1.558301365211964,-0.17537696681903636,-2.4503426781613857,-1.2851967176563175,-1.5454442567355873,-2.096308487343464,-2.6358458946490053,-1.5727621798901694,-1.154796453934324,-1.2727894480107649,-0.33659133688112153,-1.0592479824171877,-0.43852870437399716,0.0,-1.5435662722056387,-2.0543849594486865,-1.6390064920960903,-3.4567193843169672,-0.4790900591595548,-0.48891922797032095,-0.7275764575445276,-2.4766432592541454,-1.011357400614517,-1.9192381596348724,-0.5802507450878869,-1.4103456468954167,-0.2878000773189573,-1.0343174158382649,-1.446744435072568,-0.873828726335093,-2.025252675020627,-1.5919449336322238,-2.463339455680808,-1.0632588290027405,-1.8081024898331046,-0.9770874023814269,-1.2295161147506333,-0.60670534921766,-1.4175397212476009,-1.3737770333384134,-2.8290474579320124,-2.371318978728387,-2.3036023934981635,-2.353014335298888,-0.9053261823994179,-1.3212365623495996,-0.6832052001356157,-1.996830069585961,-0.6139056711930335,-2.888871382535383,0.2583695545493212,-0.0018779845299485842,-0.5527422151378252,-1.0922796224433666,-0.02919590768453073,0.3887698182713146,0.2707768241948738,1.2069749353245172,0.48431828978845104,1.1050375678316415,1.5435662722056387,0.0,-0.5108186872430478,-0.0954402198904516,-1.9131531121113285,1.0644762130460839,1.0546470442353177,0.8159898146611111,-0.9330769870485067,0.5322088715911217,-0.37567188742923374,0.9633155271177518,0.13322062531022194,1.2557661948866814,0.5092488563673738,0.09682183713307069,0.6697375458705457,-0.4816864028149883,-0.04837866142658509,-0.9197731834751695,0.4803074432028982,-0.26453621762746593,0.5664788698242118,0.3140501574550054,0.9368609229879787,0.12602655095803783,0.1697892388672253,-1.2854811857263737,-0.8277527065227481,-0.7600361212925248,-0.8094480630932495,0.6382400898062208,0.22232970985603906,0.860361072070023,-0.4532637973803224,0.9296606010126052,-1.3453051103297442,0.769188241792369,0.5089407027130992,-0.04192352789477738,-0.5814609352003188,0.48162277955851707,0.8995885055143624,0.7815955114379216,1.717793622567565,0.9951369770314988,1.6158562550746893,2.0543849594486865,0.5108186872430478,0.0,0.4153784673525962,-1.4023344248682807,1.5752949002891317,1.5654657314783655,1.3268085019041589,-0.4222582998054589,1.0430275588341695,0.13514679981381406,1.4741342143607996,0.6440393125532697,1.7665848821297292,1.0200675436104216,0.6076405243761185,1.1805562331135935,0.029132284428059485,0.4624400258164627,-0.40895449623212166,0.991126130445946,0.24628246961558187,1.0772975570672596,0.8248688446980532,1.4476796102310265,0.6368452382010856,0.6806079261102731,-0.7746624984833259,-0.31693401927970033,-0.24921743404947705,-0.29862937585020166,1.1490587770492686,0.7331483970990869,1.3711797593130708,0.05755488986272539,1.440479288255653,-0.8344864230866964,0.3538097744397728,0.09356223536050301,-0.4573019952473736,-0.996839402552915,0.06624431220592086,0.4842100381617662,0.3662170440853254,1.3024151552149688,0.5797585096789026,1.2004777877220931,1.6390064920960903,0.0954402198904516,-0.4153784673525962,0.0,-1.817712892220877,1.1599164329365355,1.1500872641257693,0.9114300345515627,-0.8376367671580551,0.6276490914815733,-0.28023166753878215,1.0587557470082034,0.22866084520067353,1.351206414777133,0.6046890762578254,0.19226205702352228,0.7651777657609973,-0.3862461829245367,0.047061558463866504,-0.8243329635847179,0.5757476630933498,-0.16909599773701434,0.6619190897146634,0.409490377345457,1.0323011428784303,0.22146677084848942,0.2652294587576769,-1.1900409658359221,-0.7323124866322965,-0.6645959014020733,-0.7140078432027979,0.7336803096966724,0.31776992974649065,0.9558012919604746,-0.3578235774898708,1.0251008209030568,-1.2498648904392926,2.1715226666606497,1.91127512758138,1.3604108969735034,0.8208734896679619,1.8839572044267978,2.301922930382643,2.1839299363062024,3.1201280474358457,2.3974714018997796,3.01819067994297,3.4567193843169672,1.9131531121113285,1.4023344248682807,1.817712892220877,0.0,2.9776293251574124,2.9678001563466463,2.7291429267724396,0.9800761250628218,2.4453619837024503,1.5374812246820948,2.8764686392290804,2.0463737374215505,3.16891930699801,2.4224019684787024,2.0099749492443992,2.5828906579818742,1.4314667092963402,1.8647744506847435,0.9933799286361591,2.3934605553142267,1.6486168944838626,2.4796319819355404,2.227203269566334,2.8500140350993073,2.0391796630693664,2.082942350978554,0.6276719263849548,1.0854004055885804,1.1531169908188037,1.103705049018079,2.5513932019175494,2.1354828219673676,2.7735141841813515,1.4598893147310061,2.8428137131239337,0.5678480017815843,-0.8061066584967627,-1.0663541975760324,-1.617218428183909,-2.1567558354894505,-1.0936721207306146,-0.6757063947747692,-0.79369938885121,0.1424987222784333,-0.5801579232576328,0.04056135478555767,0.4790900591595548,-1.0644762130460839,-1.5752949002891317,-1.1599164329365355,-2.9776293251574124,0.0,-0.00982916881076612,-0.24848639838497277,-1.9975532000945906,-0.5322673414549621,-1.4401481004753176,-0.10116068592833205,-0.9312555877358619,0.19128998184059753,-0.55522735667871,-0.9676543759130132,-0.3947386671755382,-1.5461626158610722,-1.112854874472669,-1.9842493965212533,-0.5841687698431857,-1.3290124306735498,-0.49799734322187206,-0.7504260555910784,-0.12761529005810512,-0.938449662088046,-0.8946869741788586,-2.3499573987724576,-1.892228919568832,-1.8245123343386087,-1.8739242761393333,-0.42623612323986304,-0.8421465031900448,-0.20411514097606087,-1.5177400104264063,-0.1348156120334787,-2.409781323375828,-0.7962774896859965,-1.0565250287652663,-1.607389259373143,-2.1469266666786844,-1.0838429519198485,-0.6658772259640031,-0.7838702200404439,0.15232789108919942,-0.5703287544468667,0.05039052359632379,0.48891922797032095,-1.0546470442353177,-1.5654657314783655,-1.1500872641257693,-2.9678001563466463,0.00982916881076612,0.0,-0.23865722957420665,-1.9877240312838245,-0.522438172644196,-1.4303189316645515,-0.09133151711756593,-0.9214264189250958,0.20111915065136365,-0.5453981878679439,-0.9578252071022471,-0.38490949836477206,-1.536333447050306,-1.1030257056619028,-1.9744202277104872,-0.5743396010324195,-1.3191832618627837,-0.48816817441110594,-0.7405968867803123,-0.117786121247339,-0.9286204932772799,-0.8848578053680924,-2.3401282299616915,-1.8823997507580659,-1.8146831655278426,-1.8640951073285672,-0.4164069544290969,-0.8323173343792787,-0.19428597216529475,-1.5079108416156402,-0.12498644322271257,-2.399952154565062,-0.5576202601117899,-0.8178677991910597,-1.3687320297989363,-1.9082694371044777,-0.8451857223456418,-0.42721999638979646,-0.5452129904662373,0.39098512066340607,-0.33167152487266005,0.28904775317053044,0.7275764575445276,-0.8159898146611111,-1.3268085019041589,-0.9114300345515627,-2.7291429267724396,0.24848639838497277,0.23865722957420665,0.0,-1.7490668017096178,-0.28378094306998936,-1.1916617020903448,0.14732571245664072,-0.6827691893508891,0.4397763802255703,-0.30674095829373726,-0.7191679775280404,-0.1462522687905654,-1.2976762174760994,-0.8643684760876962,-1.7357629981362805,-0.3356823714582129,-1.080526032288577,-0.24951094483689928,-0.5019396572061057,0.12087110832686765,-0.6899632637030733,-0.6462005757938858,-2.101471000387485,-1.6437425211838592,-1.576025935953636,-1.6254378777543605,-0.17774972485489027,-0.593660104805072,0.0443712574089119,-1.2692536120414335,0.11367078635149408,-2.1612949249908553,1.191446541597828,0.9311990025185581,0.38033477191068155,-0.1592026353948599,0.903881079363976,1.3218468053198213,1.2038538112433805,2.140051922373024,1.4173952768369578,2.0381145548801483,2.4766432592541454,0.9330769870485067,0.4222582998054589,0.8376367671580551,-0.9800761250628218,1.9975532000945906,1.9877240312838245,1.7490668017096178,0.0,1.4652858586396285,0.557405099619273,1.8963925141662585,1.0662976123587287,2.188843181935188,1.4423258434158805,1.0298988241815774,1.6028145329190524,0.4513905842335184,0.8846983256219216,0.01330380357333727,1.413384430251405,0.6685407694210408,1.4995558568727185,1.2471271445035121,1.8699379100364855,1.0591035380065446,1.102866225915732,-0.352404198677867,0.1053242805257586,0.17304086575598188,0.12362892395525726,1.5713170768547275,1.1554066969045458,1.7934380591185297,0.4798131896681843,1.862737588061112,-0.4122281232812375,-0.27383931704180053,-0.5340868561210703,-1.084951086728947,-1.6244884940344884,-0.5614047792756525,-0.1434390533198071,-0.2614320473962479,0.6747660637333954,-0.047890581802670695,0.5728286962405198,1.011357400614517,-0.5322088715911217,-1.0430275588341695,-0.6276490914815733,-2.4453619837024503,0.5322673414549621,0.522438172644196,0.28378094306998936,-1.4652858586396285,0.0,-0.9078807590203555,0.4311066555266301,-0.3989882462808998,0.7235573232955597,-0.02296001522374791,-0.43538703445805105,0.13752867427942395,-1.01389527440611,-0.5805875330177068,-1.4519820550662912,-0.051901428388223536,-0.7967450892185877,0.03426999823309007,-0.21815871413611632,0.404652051396857,-0.4061823206330839,-0.36241963272389643,-1.8176900573174954,-1.3599615781138699,-1.2922449928836466,-1.3416569346843712,0.10603121821509909,-0.3098791617350827,0.32815220047890126,-0.9854726689714441,0.39745172942148344,-1.877513981920866,0.6340414419785549,0.37379390289928516,-0.17707032770859144,-0.7166077350141329,0.346475979744703,0.7644417057005484,0.6464487116241076,1.582646822753751,0.8599901772176848,1.4807094552608753,1.9192381596348724,0.37567188742923374,-0.13514679981381406,0.28023166753878215,-1.5374812246820948,1.4401481004753176,1.4303189316645515,1.1916617020903448,-0.557405099619273,0.9078807590203555,0.0,1.3389874145469856,0.5088925127394557,1.6314380823159151,0.8849207437966076,0.47249372456230443,1.0454094332997794,-0.10601451538575457,0.32729322600264865,-0.5441012960459357,0.8559793306321319,0.11113566980176781,0.9421507572534455,0.6897220448842392,1.3125328104172125,0.5016984383872716,0.545461126296459,-0.90980929829714,-0.4520808190935144,-0.3843642338632911,-0.4337761756640157,1.0139119772354546,0.5980015972852728,1.2360329594992567,-0.07759190995108867,1.305332488441839,-0.9696332229005105,-0.7049459725684306,-0.9651935116477004,-1.516057742255577,-2.0555951495611184,-0.9925114348022825,-0.5745457088464372,-0.692538702922878,0.24365940820676535,-0.4789972373293008,0.14172204071388972,0.5802507450878869,-0.9633155271177518,-1.4741342143607996,-1.0587557470082034,-2.8764686392290804,0.10116068592833205,0.09133151711756593,-0.14732571245664072,-1.8963925141662585,-0.4311066555266301,-1.3389874145469856,0.0,-0.8300949018075299,0.2924506677689296,-0.454066670750378,-0.8664936899846811,-0.29357798124720613,-1.4450019299327401,-1.011694188544337,-1.8830887105929213,-0.4830080839148536,-1.2278517447452177,-0.39683665729354,-0.6492653696627464,-0.026454604129773074,-0.837288976159714,-0.7935262882505265,-2.2487967128441255,-1.7910682336405,-1.7233516484102767,-1.7727635902110013,-0.325075437311531,-0.7409858172617128,-0.10295445504772882,-1.4165793244980742,-0.03365492610514664,-2.308620637447496,0.12514892923909926,-0.13509860984017052,-0.6859628404480471,-1.2255002477535886,-0.16241653299475267,0.2555491929610927,0.13755619888465187,1.0737543100142952,0.3510976644782291,0.9718169425214196,1.4103456468954167,-0.13322062531022194,-0.6440393125532697,-0.22866084520067353,-2.0463737374215505,0.9312555877358619,0.9214264189250958,0.6827691893508891,-1.0662976123587287,0.3989882462808998,-0.5088925127394557,0.8300949018075299,0.0,1.1225455695764595,0.3760282310571519,-0.03639878817715125,0.5365169205603237,-0.6149070281252103,-0.18159928673680703,-1.0529938087853914,0.34708681789267626,-0.39775684293768787,0.43325824451398987,0.18082953214478348,0.8036402976777568,-0.00719407435218411,0.03656861355700336,-1.4187018110365957,-0.9609733318329701,-0.8932567466027468,-0.9426686884034714,0.5050194644959989,0.08910908454581712,0.727140446759801,-0.5864844226905443,0.7964399757023832,-1.4785257356399661,-0.9973966403373602,-1.25764417941663,-1.8085084100245066,-2.348045817330048,-1.2849621025712121,-0.8669963766153668,-0.9849893706918076,-0.048791259562164235,-0.7714479050982304,-0.15072862705503987,0.2878000773189573,-1.2557661948866814,-1.7665848821297292,-1.351206414777133,-3.16891930699801,-0.19128998184059753,-0.20111915065136365,-0.4397763802255703,-2.188843181935188,-0.7235573232955597,-1.6314380823159151,-0.2924506677689296,-1.1225455695764595,0.0,-0.7465173385193076,-1.1589443577536107,-0.5860286490161357,-1.7374525977016697,-1.3041448563132665,-2.175539378361851,-0.7754587516837832,-1.5203024125141473,-0.6892873250624696,-0.941716037431676,-0.31890527189870266,-1.1297396439286436,-1.085976956019456,-2.541247380613055,-2.0835189014094295,-2.0158023161792062,-2.065214257979931,-0.6175261050804606,-1.0334364850306423,-0.3954051228166584,-1.7090299922670038,-0.3261055938740762,-2.6010713052164256,-0.2508793018180526,-0.5111268408973224,-1.061991071505199,-1.6015284788107405,-0.5384447640519046,-0.1204790380960592,-0.23847203217250001,0.6977260789571433,-0.024930566578922786,0.5957887114642677,1.0343174158382649,-0.5092488563673738,-1.0200675436104216,-0.6046890762578254,-2.4224019684787024,0.55522735667871,0.5453981878679439,0.30674095829373726,-1.4423258434158805,0.02296001522374791,-0.8849207437966076,0.454066670750378,-0.3760282310571519,0.7465173385193076,0.0,-0.41242701923430314,0.16048868950317186,-0.9909352591823621,-0.5576275177939589,-1.4290220398425433,-0.028941413164475627,-0.7737850739948398,0.05723001345683798,-0.1951986989123684,0.4276120666206049,-0.383222305409336,-0.3394596175001485,-1.7947300420937475,-1.337001562890122,-1.2692849776598987,-1.3186969194606233,0.128991233438847,-0.28691914651133477,0.35111221570264917,-0.9625126537476962,0.42041174464523134,-1.854553966697118,0.1615477174162505,-0.09869982166301927,-0.6495640522708959,-1.1891014595764373,-0.12601774481760142,0.29194798113824394,0.17395498706180312,1.1101530981914465,0.38749645265538035,1.0082157306985708,1.446744435072568,-0.09682183713307069,-0.6076405243761185,-0.19226205702352228,-2.0099749492443992,0.9676543759130132,0.9578252071022471,0.7191679775280404,-1.0298988241815774,0.43538703445805105,-0.47249372456230443,0.8664936899846811,0.03639878817715125,1.1589443577536107,0.41242701923430314,0.0,0.572915708737475,-0.578508239948059,-0.14520049855965578,-1.0165950206082401,0.3834856060698275,-0.3613580547605366,0.4696570326911411,0.21722832032193473,0.840039085854908,0.029204713824967143,0.07296740173415461,-1.3823030228594444,-0.9245745436558188,-0.8568579584255955,-0.9062699002263201,0.5414182526731501,0.12550787272296837,0.7635392349369523,-0.5500856345133931,0.8328387638795345,-1.442126947462815,-0.4113679913212245,-0.6716155304004943,-1.2224797610083709,-1.7620171683139123,-0.6989334535550764,-0.28096772759923105,-0.39896072167567187,0.5372373894539715,-0.18541925608209464,0.43530002196109585,0.873828726335093,-0.6697375458705457,-1.1805562331135935,-0.7651777657609973,-2.5828906579818742,0.3947386671755382,0.38490949836477206,0.1462522687905654,-1.6028145329190524,-0.13752867427942395,-1.0454094332997794,0.29357798124720613,-0.5365169205603237,0.5860286490161357,-0.16048868950317186,-0.572915708737475,0.0,-1.151423948685534,-0.7181162072971308,-1.5895107293457151,-0.18943010266764748,-0.9342737634980116,-0.10325867604633387,-0.35568738841554026,0.26712337711743306,-0.5437109949125079,-0.4999483070033204,-1.9552187315969194,-1.4974902523932938,-1.4297736671630705,-1.4791856089637951,-0.03149745606432486,-0.4474078360145066,0.1906235261994773,-1.123001343250868,0.2599230551420595,-2.01504265620029,0.7400559573643095,0.47980841828503973,-0.07105581232283686,-0.6105932196283783,0.4524904951304576,0.8704562210863029,0.7524632270098621,1.6886613381395055,0.9660046926034394,1.5867239706466298,2.025252675020627,0.4816864028149883,-0.029132284428059485,0.3862461829245367,-1.4314667092963402,1.5461626158610722,1.536333447050306,1.2976762174760994,-0.4513905842335184,1.01389527440611,0.10601451538575457,1.4450019299327401,0.6149070281252103,1.7374525977016697,0.9909352591823621,0.578508239948059,1.151423948685534,0.0,0.4333077413884032,-0.43808678066018114,0.9619938460178865,0.21715018518752238,1.0481652726392001,0.7957365602699937,1.418547325802967,0.6077129537730261,0.6514756416822136,-0.8037947829113854,-0.3460663037077598,-0.27834971847753653,-0.32776166027826115,1.1199264926212091,0.7040161126710274,1.3420474748850113,0.028422605434665904,1.4113470038275935,-0.8636187075147559,0.3067482159759063,0.046500676896636506,-0.5043635537112401,-1.0439009610167815,0.01918275374205436,0.4371484796978997,0.3191554856214589,1.2553535967511023,0.5326969512150361,1.1534162292582266,1.5919449336322238,0.04837866142658509,-0.4624400258164627,-0.047061558463866504,-1.8647744506847435,1.112854874472669,1.1030257056619028,0.8643684760876962,-0.8846983256219216,0.5805875330177068,-0.32729322600264865,1.011694188544337,0.18159928673680703,1.3041448563132665,0.5576275177939589,0.14520049855965578,0.7181162072971308,-0.4333077413884032,0.0,-0.8713945220485844,0.5286861046294833,-0.21615755620088084,0.6148575312507969,0.3624288188815905,0.9852395844145638,0.17440521238462292,0.2181679002938104,-1.2371025242997886,-0.779374045096163,-0.7116574598659398,-0.7610694016666644,0.6866187512328059,0.27070837128262415,0.9087397334966081,-0.4048851359537373,0.9780392624391903,-1.2969264489031591,1.1781427380244907,0.9178951989452209,0.3670309683373443,-0.17250643896819717,0.8905772757906387,1.308543001746484,1.1905500076700433,2.1267481187996866,1.4040914732636205,2.024810751306811,2.463339455680808,0.9197731834751695,0.40895449623212166,0.8243329635847179,-0.9933799286361591,1.9842493965212533,1.9744202277104872,1.7357629981362805,-0.01330380357333727,1.4519820550662912,0.5441012960459357,1.8830887105929213,1.0529938087853914,2.175539378361851,1.4290220398425433,1.0165950206082401,1.5895107293457151,0.43808678066018114,0.8713945220485844,0.0,1.4000806266780677,0.6552369658477035,1.4862520532993813,1.2338233409301749,1.8566341064631482,1.0457997344332073,1.0895624223423948,-0.36570800225120426,0.09202047695242133,0.1597370621826446,0.11032512038192,1.5580132732813903,1.1421028933312085,1.7801342555451924,0.46650938609484705,1.8494337844877746,-0.42553192685457475,-0.221937888653577,-0.4821854277328468,-1.0330496583407234,-1.5725870656462648,-0.5095033508874289,-0.09153762493158357,-0.2095306190080244,0.726667492121619,0.004010846585552841,0.6247301246287433,1.0632588290027405,-0.4803074432028982,-0.991126130445946,-0.5757476630933498,-2.3934605553142267,0.5841687698431857,0.5743396010324195,0.3356823714582129,-1.413384430251405,0.051901428388223536,-0.8559793306321319,0.4830080839148536,-0.34708681789267626,0.7754587516837832,0.028941413164475627,-0.3834856060698275,0.18943010266764748,-0.9619938460178865,-0.5286861046294833,-1.4000806266780677,0.0,-0.7448436608303641,0.08617142662131361,-0.16625728574789278,0.45655347978508054,-0.35428089224486037,-0.3105182043356729,-1.765788628929272,-1.3080601497256463,-1.240343564495423,-1.2897555062961477,0.15793264660332262,-0.25797773334685914,0.3800536288671248,-0.9335712405832206,0.44935315780970697,-1.8256125535326424,0.5229057721767871,0.26265823309751735,-0.28820599751035925,-0.8277434048159007,0.2353403099429352,0.6533060358987806,0.5353130418223397,1.471511152951983,0.748854507415917,1.3695737854591075,1.8081024898331046,0.26453621762746593,-0.24628246961558187,0.16909599773701434,-1.6486168944838626,1.3290124306735498,1.3191832618627837,1.080526032288577,-0.6685407694210408,0.7967450892185877,-0.11113566980176781,1.2278517447452177,0.39775684293768787,1.5203024125141473,0.7737850739948398,0.3613580547605366,0.9342737634980116,-0.21715018518752238,0.21615755620088084,-0.6552369658477035,0.7448436608303641,0.0,0.8310150874516777,0.5785863750824713,1.2013971406154447,0.39056276858550376,0.43432545649469123,-1.0209449680989078,-0.5632164888952822,-0.4954999036650589,-0.5449118454657835,0.9027763074336868,0.486865927483505,1.124897289697489,-0.18872757975285648,1.194196818640071,-1.0807688927022783,-0.3081093152748906,-0.5683568543541604,-1.119221084962037,-1.6587584922675784,-0.5956747775087425,-0.17770905155289718,-0.295702045629338,0.6404960655003054,-0.08216058003576077,0.5385586980074297,0.9770874023814269,-0.5664788698242118,-1.0772975570672596,-0.6619190897146634,-2.4796319819355404,0.49799734322187206,0.48816817441110594,0.24951094483689928,-1.4995558568727185,-0.03426999823309007,-0.9421507572534455,0.39683665729354,-0.43325824451398987,0.6892873250624696,-0.05723001345683798,-0.4696570326911411,0.10325867604633387,-1.0481652726392001,-0.6148575312507969,-1.4862520532993813,-0.08617142662131361,-0.8310150874516777,0.0,-0.2524287123692064,0.37038205316376693,-0.440452318866174,-0.3966896309569865,-1.8519600555505855,-1.39423157634696,-1.3265149911167367,-1.3759269329174613,0.07176121998200902,-0.34414915996817275,0.2938822022458112,-1.0197426672045342,0.36318173118839336,-1.911783980153956,-0.05568060290568422,-0.315928141984954,-0.8667923725928306,-1.406329779898372,-0.34324606513953615,0.07471966081630921,-0.04327333326013161,0.8929247778695117,0.17026813233344562,0.7909874103766361,1.2295161147506333,-0.3140501574550054,-0.8248688446980532,-0.409490377345457,-2.227203269566334,0.7504260555910784,0.7405968867803123,0.5019396572061057,-1.2471271445035121,0.21815871413611632,-0.6897220448842392,0.6492653696627464,-0.18082953214478348,0.941716037431676,0.1951986989123684,-0.21722832032193473,0.35568738841554026,-0.7957365602699937,-0.3624288188815905,-1.2338233409301749,0.16625728574789278,-0.5785863750824713,0.2524287123692064,0.0,0.6228107655329733,-0.1880236064969676,-0.14426091858778012,-1.5995313431813791,-1.1418028639777535,-1.0740862787475303,-1.1234982205482549,0.3241899323512154,-0.09172044759896636,0.5463109146150176,-0.7673139548353278,0.6156104435575998,-1.6593552677847496,-0.6784913684386575,-0.9387389075179273,-1.489603138125804,-2.0291405454313454,-0.9660568306725095,-0.5480911047166641,-0.6660840987931049,0.2701140123365384,-0.4525426331995277,0.1681766448436628,0.60670534921766,-0.9368609229879787,-1.4476796102310265,-1.0323011428784303,-2.8500140350993073,0.12761529005810512,0.117786121247339,-0.12087110832686765,-1.8699379100364855,-0.404652051396857,-1.3125328104172125,0.026454604129773074,-0.8036402976777568,0.31890527189870266,-0.4276120666206049,-0.840039085854908,-0.26712337711743306,-1.418547325802967,-0.9852395844145638,-1.8566341064631482,-0.45655347978508054,-1.2013971406154447,-0.37038205316376693,-0.6228107655329733,0.0,-0.8108343720299409,-0.7670716841207534,-2.2223421087143524,-1.7646136295107269,-1.6968970442805036,-1.7463089860812282,-0.2986208331817579,-0.7145312131319397,-0.07649985091795575,-1.3901247203683011,-0.007200321975373569,-2.282166033317723,0.13234300359128337,-0.12790453548798641,-0.678768766095863,-1.2183061734014045,-0.15522245864256856,0.2627432673132768,0.14475027323683598,1.0809483843664793,0.3582917388304132,0.9790110168736037,1.4175397212476009,-0.12602655095803783,-0.6368452382010856,-0.22146677084848942,-2.0391796630693664,0.938449662088046,0.9286204932772799,0.6899632637030733,-1.0591035380065446,0.4061823206330839,-0.5016984383872716,0.837288976159714,0.00719407435218411,1.1297396439286436,0.383222305409336,-0.029204713824967143,0.5437109949125079,-0.6077129537730261,-0.17440521238462292,-1.0457997344332073,0.35428089224486037,-0.39056276858550376,0.440452318866174,0.1880236064969676,0.8108343720299409,0.0,0.04376268790918747,-1.4115077366844115,-0.953779257480786,-0.8860626722505627,-0.9354746140512873,0.512213538848183,0.09630315889800123,0.7343345211119852,-0.5792903483383602,0.8036340500545673,-1.471331661287782,0.0885803156820959,-0.17166722339717388,-0.7225314540050505,-1.262068861310592,-0.19898514655175603,0.21898057940408933,0.10098758532764851,1.0371856964572919,0.31452905092122574,0.9352483289644162,1.3737770333384134,-0.1697892388672253,-0.6806079261102731,-0.2652294587576769,-2.082942350978554,0.8946869741788586,0.8848578053680924,0.6462005757938858,-1.102866225915732,0.36241963272389643,-0.545461126296459,0.7935262882505265,-0.03656861355700336,1.085976956019456,0.3394596175001485,-0.07296740173415461,0.4999483070033204,-0.6514756416822136,-0.2181679002938104,-1.0895624223423948,0.3105182043356729,-0.43432545649469123,0.3966896309569865,0.14426091858778012,0.7670716841207534,-0.04376268790918747,0.0,-1.455270424593599,-0.9975419453899734,-0.9298253601597501,-0.9792373019604748,0.4684508509389955,0.05254047098881376,0.6905718332027977,-0.6230530362475477,0.7598713621453799,-1.5150943491969695,1.543850740275695,1.2836032011964251,0.7327389705885485,0.19320156328300708,1.256285278041843,1.6742510039976883,1.5562580099212475,2.492456121050891,1.7697994755148247,2.3905187535580152,2.8290474579320124,1.2854811857263737,0.7746624984833259,1.1900409658359221,-0.6276719263849548,2.3499573987724576,2.3401282299616915,2.101471000387485,0.352404198677867,1.8176900573174954,0.90980929829714,2.2487967128441255,1.4187018110365957,2.541247380613055,1.7947300420937475,1.3823030228594444,1.9552187315969194,0.8037947829113854,1.2371025242997886,0.36570800225120426,1.765788628929272,1.0209449680989078,1.8519600555505855,1.5995313431813791,2.2223421087143524,1.4115077366844115,1.455270424593599,0.0,0.4577284792036256,0.5254450644338489,0.47603312263312425,1.9237212755325945,1.5078108955824128,2.1458422577963967,0.8322173883460513,2.215141786738979,-0.05982392460337049,1.0861222610720693,0.8258747219927995,0.27501049138492295,-0.2645269159206185,0.7985567988382174,1.2165225247940628,1.098529530717622,2.0347276418472653,1.3120709963111992,1.9327902743543897,2.371318978728387,0.8277527065227481,0.31693401927970033,0.7323124866322965,-1.0854004055885804,1.892228919568832,1.8823997507580659,1.6437425211838592,-0.1053242805257586,1.3599615781138699,0.4520808190935144,1.7910682336405,0.9609733318329701,2.0835189014094295,1.337001562890122,0.9245745436558188,1.4974902523932938,0.3460663037077598,0.779374045096163,-0.09202047695242133,1.3080601497256463,0.5632164888952822,1.39423157634696,1.1418028639777535,1.7646136295107269,0.953779257480786,0.9975419453899734,-0.4577284792036256,0.0,0.06771658523022328,0.018304643429498668,1.465992796328969,1.0500824163787872,1.6881137785927711,0.3744889091424257,1.7574133075353533,-0.5175524038069961,1.018405675841846,0.7581581367625763,0.20729390615469967,-0.3322435011508418,0.7308402136079941,1.1488059395638395,1.0308129454873987,1.967011056617042,1.2443544110809759,1.8650736891241664,2.3036023934981635,0.7600361212925248,0.24921743404947705,0.6645959014020733,-1.1531169908188037,1.8245123343386087,1.8146831655278426,1.576025935953636,-0.17304086575598188,1.2922449928836466,0.3843642338632911,1.7233516484102767,0.8932567466027468,2.0158023161792062,1.2692849776598987,0.8568579584255955,1.4297736671630705,0.27834971847753653,0.7116574598659398,-0.1597370621826446,1.240343564495423,0.4954999036650589,1.3265149911167367,1.0740862787475303,1.6968970442805036,0.8860626722505627,0.9298253601597501,-0.5254450644338489,-0.06771658523022328,0.0,-0.04941194180072461,1.3982762110987457,0.9823658311485639,1.6203971933625478,0.30677232391220244,1.68969672230513,-0.5852689890372194,1.0678176176425707,0.8075700785633009,0.2567058479554243,-0.28283155935011717,0.7802521554087187,1.198217881364564,1.0802248872881233,2.0164229984177666,1.2937663528817005,1.914485630924891,2.353014335298888,0.8094480630932495,0.29862937585020166,0.7140078432027979,-1.103705049018079,1.8739242761393333,1.8640951073285672,1.6254378777543605,-0.12362892395525726,1.3416569346843712,0.4337761756640157,1.7727635902110013,0.9426686884034714,2.065214257979931,1.3186969194606233,0.9062699002263201,1.4791856089637951,0.32776166027826115,0.7610694016666644,-0.11032512038192,1.2897555062961477,0.5449118454657835,1.3759269329174613,1.1234982205482549,1.7463089860812282,0.9354746140512873,0.9792373019604748,-0.47603312263312425,-0.018304643429498668,0.04941194180072461,0.0,1.4476881528994703,1.0317777729492885,1.6698091351632725,0.35618426571292705,1.7391086641058546,-0.5358570472364947,-0.3798705352568996,-0.6401180743361694,-1.190982304944046,-1.7305197122495874,-0.6674359974907516,-0.2494702715349062,-0.367463265611347,0.5687348455182963,-0.15392180001776978,0.4667974780254207,0.9053261823994179,-0.6382400898062208,-1.1490587770492686,-0.7336803096966724,-2.5513932019175494,0.42623612323986304,0.4164069544290969,0.17774972485489027,-1.5713170768547275,-0.10603121821509909,-1.0139119772354546,0.325075437311531,-0.5050194644959989,0.6175261050804606,-0.128991233438847,-0.5414182526731501,0.03149745606432486,-1.1199264926212091,-0.6866187512328059,-1.5580132732813903,-0.15793264660332262,-0.9027763074336868,-0.07176121998200902,-0.3241899323512154,0.2986208331817579,-0.512213538848183,-0.4684508509389955,-1.9237212755325945,-1.465992796328969,-1.3982762110987457,-1.4476881528994703,0.0,-0.41591037995018176,0.22212098226380217,-1.0915038871865432,0.29142051120638435,-1.983545200135965,0.03603984469328214,-0.22420769438598764,-0.7750719249938642,-1.3146093322994057,-0.2515256175405698,0.16644010841527557,0.04844711433883475,0.9846452254684781,0.261988579932412,0.8827078579756025,1.3212365623495996,-0.22232970985603906,-0.7331483970990869,-0.31776992974649065,-2.1354828219673676,0.8421465031900448,0.8323173343792787,0.593660104805072,-1.1554066969045458,0.3098791617350827,-0.5980015972852728,0.7409858172617128,-0.08910908454581712,1.0334364850306423,0.28691914651133477,-0.12550787272296837,0.4474078360145066,-0.7040161126710274,-0.27070837128262415,-1.1421028933312085,0.25797773334685914,-0.486865927483505,0.34414915996817275,0.09172044759896636,0.7145312131319397,-0.09630315889800123,-0.05254047098881376,-1.5078108955824128,-1.0500824163787872,-0.9823658311485639,-1.0317777729492885,0.41591037995018176,0.0,0.6380313622139839,-0.6755935072363615,0.7073308911565661,-1.5676348201857833,-0.6019915175207018,-0.8622390565999716,-1.4131032872078482,-1.9526406945133896,-0.8895569797545537,-0.47159125379870837,-0.5895842478751492,0.34661386325449417,-0.37604278228157195,0.24467649576161854,0.6832052001356157,-0.860361072070023,-1.3711797593130708,-0.9558012919604746,-2.7735141841813515,0.20411514097606087,0.19428597216529475,-0.0443712574089119,-1.7934380591185297,-0.32815220047890126,-1.2360329594992567,0.10295445504772882,-0.727140446759801,0.3954051228166584,-0.35111221570264917,-0.7635392349369523,-0.1906235261994773,-1.3420474748850113,-0.9087397334966081,-1.7801342555451924,-0.3800536288671248,-1.124897289697489,-0.2938822022458112,-0.5463109146150176,0.07649985091795575,-0.7343345211119852,-0.6905718332027977,-2.1458422577963967,-1.6881137785927711,-1.6203971933625478,-1.6698091351632725,-0.22212098226380217,-0.6380313622139839,0.0,-1.3136248694503454,0.06929952894258218,-2.205666182399767,0.7116333519296436,0.4513858128503738,-0.09947841775750277,-0.6390158250630442,0.4240678896957917,0.842033615651637,0.7240406215751962,1.6602387327048396,0.9375820871687734,1.558301365211964,1.996830069585961,0.4532637973803224,-0.05755488986272539,0.3578235774898708,-1.4598893147310061,1.5177400104264063,1.5079108416156402,1.2692536120414335,-0.4798131896681843,0.9854726689714441,0.07759190995108867,1.4165793244980742,0.5864844226905443,1.7090299922670038,0.9625126537476962,0.5500856345133931,1.123001343250868,-0.028422605434665904,0.4048851359537373,-0.46650938609484705,0.9335712405832206,0.18872757975285648,1.0197426672045342,0.7673139548353278,1.3901247203683011,0.5792903483383602,0.6230530362475477,-0.8322173883460513,-0.3744889091424257,-0.30677232391220244,-0.35618426571292705,1.0915038871865432,0.6755935072363615,1.3136248694503454,0.0,1.3829243983929276,-0.8920413129494218,-0.671291046463284,-0.9315385855425538,-1.4824028161504303,-2.021940223455972,-0.9588565086971359,-0.5408907827412905,-0.6588837768177314,0.277314334311912,-0.44534231122415413,0.17537696681903636,0.6139056711930335,-0.9296606010126052,-1.440479288255653,-1.0251008209030568,-2.8428137131239337,0.1348156120334787,0.12498644322271257,-0.11367078635149408,-1.862737588061112,-0.39745172942148344,-1.305332488441839,0.03365492610514664,-0.7964399757023832,0.3261055938740762,-0.42041174464523134,-0.8328387638795345,-0.2599230551420595,-1.4113470038275935,-0.9780392624391903,-1.8494337844877746,-0.44935315780970697,-1.194196818640071,-0.36318173118839336,-0.6156104435575998,0.007200321975373569,-0.8036340500545673,-0.7598713621453799,-2.215141786738979,-1.7574133075353533,-1.68969672230513,-1.7391086641058546,-0.29142051120638435,-0.7073308911565661,-0.06929952894258218,-1.3829243983929276,0.0,-2.2749657113423494,1.6036746648790654,1.3434271257997956,0.792562895191919,0.2530254878863776,1.3161092026452135,1.7340749286010588,1.616081934524618,2.5522800456542614,1.8296234001181952,2.4503426781613857,2.888871382535383,1.3453051103297442,0.8344864230866964,1.2498648904392926,-0.5678480017815843,2.409781323375828,2.399952154565062,2.1612949249908553,0.4122281232812375,1.877513981920866,0.9696332229005105,2.308620637447496,1.4785257356399661,2.6010713052164256,1.854553966697118,1.442126947462815,2.01504265620029,0.8636187075147559,1.2969264489031591,0.42553192685457475,1.8256125535326424,1.0807688927022783,1.911783980153956,1.6593552677847496,2.282166033317723,1.471331661287782,1.5150943491969695,0.05982392460337049,0.5175524038069961,0.5852689890372194,0.5358570472364947,1.983545200135965,1.5676348201857833,2.205666182399767,0.8920413129494218,2.2749657113423494,0.0
