0,1,2,3,4,5,6,7,8,9,10,11,12,13,14,15,16,17,18,19,20,21,22,23,24,25,26,27,28,29,30,31,32,33,34,35,36,37,38,39,40,41,42,43,44,45,46,47,48,49,50,51,52,53,54,55,56,57,58,59,60,61,62,63,64,65,66,67,68,69,70,71,72,73,74,75,76,77,78,79,80,81,82,83,84,85,86,87,88,89,90,91,92,93,94,95,96,97,98,99,100,101,102,103,104,105,106,107,108,109,110,111,112,113,114,115,116,117,118,119,120,121,122,123,124,125,126,127,128,129,130,131,132,133,134,135,136,137,138,139,140,141,142,143,144,145,146,147,148,149,150,151,152,153,154,155,156,157,158,159,160,161,162,163,164,165,166,167,168,169,170,171,172,173,174,175,176,177,178,179,180,181,182,183,184,185,186,187,188,189,190,191,192,193,194,195,196,197,198,199,200,201,202,203,204,205,206,207,208,209,210,211,212,213,214,215,216,217,218,219,220,221,222,223,224,225,226,227,228,229,230,231,232,233,234,235,236,237,238,239,240,241,242,243,244,245,246,247,248,249,250,251,252,253,254,255,256,257,258,259,260,261,262,263,264,265,266,267,268,269,270,271,272,273,274,275,276,277,278,279,280,281,282,283,284,285,286,287,288,289,290,291,292,293,294,295,296,297,298,299,300,301,302,303,304,305,306,307,308,309,310,311,312,313,314,315,316,317,318,319,320,321,322,323,324,325,326,327,328,329,330,331,332,333,334,335,336,337,338,339,340,341,342,343,344,345,346,347,348,349,350,351,352,353,354,355,356,357,358,359,360,361,362,363,364,365,366,367,368,369,370,371,372,373,374,375,376,377,378,379,380,381,382,383,384,385,386,387,388,389,390,391,392,393,394,395,396,397,398,399,400,401,402,403,404,405,406,407,408,409,410,411,412,413,414,415,416,417,418,419,420,421,422,423,424,425,426,427,428,429,430,431,432,433,434,435,436,437,438,439,440,441,442,443,444,445,446,447,448,449,450,451,452,453,454,455,456,457,458,459,460,461,462,463,464,465,466,467,468,469,470,471,472,473,474,475,476,477,478,479,480,481,482,483,484,485,486,487,488,489,490,491,492,493,494,495,496,497,498,499,500,501,502,503,504,505,506,507,508,509,510,511,512,513,514,515,516,517,518,519,520,521,522,523,524,525,526,527,528,529,530,531,532,533,534,535,536,537,538,539,540,541,542,543,544,545,546,547,548,549,550,551,552,553,554,555,556,557,558,559,560,561,562,563,564,565,566,567,568,569,570,571,572,573,574,575,576,577,578,579,580,581,582,583,584,585,586,587,588,589,590,591,592,593,594,595,596,597,598,599,600,601,602,603,604,605,606,607,608,609,610,611,612,613,614,615,616,617,618,619,620,621,622,623,624,625,626,627,628,629,630,631,632,633,634,635,636,637,638,639,640,641,642,643,644,645,646,647,648,649,650,651,652,653,654,655,656,657,658,659,660,661,662,663,664,665,666,667,668,669,670,671,672,673,674,675,676,677,678,679,680,681,682,683,684,685,686,687,688,689,690,691,692,693,694,695,696,697,698,699,700,701,702,703,704,705,706,707,708,709,710,711,712,713,714,715,716,717,718,719,720,721,722,723,724,725,726,727,728,729,730,731,732,733,734,735,736,737,738,739,740,741,742,743,744,745,746,747,748,749,750,751,752,753,754,755,756,757,758,759,760,761,762,763,764,765,766,767,768,769,770,771,772,773,774,775,776,777,778,779,780,781,782,783,784,785,786,787,788,789,790,791,792,793,794,795,796,797,798,799,800,801,802,803,804,805,806,807,808,809,810,811,812,813,814,815,816,817,818,819,820,821,822,823,824,825,826,827,828,829,830,831,832,833,834,835,836,837,838,839,840,841,842,843,844,845,846,847,848,849,850,851,852,853,854,855,856,857,858,859,860,861,862,863,864,865,866,867,868,869,870,871,872,873,874,875,876,877,878,879,880,881,882,883,884,885,886,887,888,889,890,891,892,893,894,895,896,897,898,899,900,901,902,903,904,905,906,907,908,909,910,911,912,913,914,915,916,917,918,919,920,921,922,923,924,925,926,927,928,929,930,931,932,933,934,935,936,937,938,939,940,941,942,943,944,945,946,947,948,949,950,951,952,953,954,955,956,957,958,959,960,961,962,963,964,965,966,967,968,969,970,971,972,973,974,975,976,977,978,979,980,981,982,983,984,985,986,987,988,989,990,991,992,993,994,995,996,997,998,999,1000,1001,1002,1003,1004,1005,1006,1007,1008,1009,1010,1011,1012,1013,1014,1015,1016,1017,1018,1019,1020,1021,1022,1023,1024,1025,1026,1027,1028,1029,1030,1031,1032,1033,1034,1035,1036,1037,1038,1039,1040,1041,1042,1043,1044,1045,1046,1047,1048,1049,1050,1051,1052,1053,1054,1055,1056,1057,1058,1059,1060,1061,1062,1063,1064,1065,1066,1067,1068,1069,1070,1071,1072,1073,1074,1075,1076,1077,1078,1079,1080,1081,1082,1083,1084,1085,1086,1087,1088,1089,1090,1091,1092,1093,1094,1095,1096,1097,1098,1099,1100,1101,1102,1103,1104,1105,1106,1107,1108,1109,1110,1111,1112,1113,1114,1115,1116,1117,1118,1119,1120,1121,1122,1123,1124,1125,1126,1127,1128,1129,1130,1131,1132,1133,1134,1135,1136,1137,1138,1139,1140,1141,1142,1143,1144,1145,1146,1147,1148,1149,1150,1151,1152,1153,1154,1155,1156,1157,1158,1159,1160,1161,1162,1163,1164,1165,1166,1167,1168,1169,1170,1171,1172,1173,1174,1175,1176,1177,1178,1179,1180,1181,1182,1183,1184,1185,1186,1187,1188,1189,1190,1191,1192,1193,1194,1195,1196,1197,1198,1199,1200,1201,1202,1203,1204,1205,1206,1207,1208,1209,1210,1211,1212,1213,1214,1215,1216,1217,1218,1219,1220,1221,1222,1223,1224,1225,1226,1227,1228,1229,1230,1231,1232,1233,1234,1235,1236,1237,1238,1239,1240,1241,1242,1243,1244,1245,1246,1247,1248,1249,1250,1251,1252,1253,1254,1255,1256,1257,1258,1259,1260,1261,1262,1263,1264,1265,1266,1267,1268,1269,1270,1271,1272,1273,1274,1275,1276,1277,1278,1279,1280,1281,1282,1283,1284,1285,1286,1287,1288,1289,1290,1291,1292,1293,1294,1295,1296,1297,1298,1299,1300,1301,1302,1303,1304,1305,1306,1307,1308,1309,1310,1311,1312,1313,1314,1315,1316,1317,1318,1319,1320,1321,1322,1323,1324,1325,1326,1327,1328,1329,1330,1331,1332,1333,1334,1335,1336,1337,1338,1339,1340,1341,1342,1343,1344,1345,1346,1347,1348,1349,1350,1351,1352,1353,1354,1355,1356,1357,1358,1359,1360,1361,1362,1363,1364,1365,1366,1367,1368,1369,1370,1371,1372,1373,1374,1375,1376,1377,1378,1379,1380,1381,1382,1383,1384,1385,1386,1387,1388,1389,1390,1391,1392,1393,1394,1395,1396,1397,1398,1399,1400,1401,1402,1403,1404,1405,1406,1407,1408,1409,1410,1411,1412,1413,1414,1415,1416,1417,1418,1419,1420,1421,1422,1423,1424,1425,1426,1427,1428,1429,1430,1431,1432,1433,1434,1435,1436,1437,1438,1439,1440,1441,1442,1443,1444,1445,1446,1447,1448,1449,1450,1451,1452,1453,1454,1455,1456,1457,1458,1459,1460,1461,1462,1463,1464,1465,1466,1467,1468,1469,1470,1471,1472,1473,1474,1475,1476,1477,1478,1479,1480,1481,1482,1483,1484,1485,1486,1487,1488,1489,1490,1491,1492,1493,1494,1495,1496,1497,1498,1499,1500,1501,1502,1503,1504,1505,1506,1507,1508,1509,1510,1511,1512,1513,1514,1515,1516,1517,1518,1519,1520,1521,1522,1523,1524,1525,1526,1527,1528,1529,1530,1531,1532,1533,1534,1535,1536,1537,1538,1539,1540,1541,1542,1543,1544,1545,1546,1547,1548,1549,1550,1551,1552,1553,1554,1555,1556,1557,1558,1559,1560,1561,1562,1563,1564,1565,1566,1567,1568,1569,1570,1571,1572,1573,1574,1575,1576,1577,1578,1579,1580,1581,1582,1583,1584,1585,1586,1587,1588,1589,1590,1591,1592,1593,1594,1595,1596,1597,1598,1599,1600,1601,1602,1603,1604,1605,1606,1607,1608,1609,1610,1611,1612,1613,1614,1615,1616,1617,1618,1619,1620,1621,1622,1623,1624,1625,1626,1627,1628,1629,1630,1631,1632,1633,1634,1635,1636,1637,1638,1639,1640,1641,1642,1643,1644,1645,1646,1647,1648,1649,1650,1651,1652,1653,1654,1655,1656,1657,1658,1659,1660,1661,1662,1663,1664,1665,1666,1667,1668,1669,1670,1671,1672,1673,1674,1675,1676,1677,1678,1679,1680,1681,1682,1683,1684,1685,1686,1687,1688,1689,1690,1691,1692,1693,1694,1695,1696,1697,1698,1699,1700,1701,1702,1703,1704,1705,1706,1707,1708,1709,1710,1711,1712,1713,1714,1715,1716,1717,1718,1719,1720,1721,1722,1723,1724,1725,1726,1727,1728,1729,1730,1731,1732,1733,1734,1735,1736,1737,1738,1739,1740,1741,1742,1743,1744,1745,1746,1747,1748,1749,1750,1751,1752,1753,1754,1755,1756,1757,1758,1759,1760,1761,1762,1763,1764,1765,1766,1767,1768,1769,1770,1771,1772,1773,1774,1775,1776,1777,1778,1779,1780,1781,1782,1783,1784,1785,1786,1787,1788,1789,1790,1791,1792,1793,1794,1795,1796,1797,1798,1799,1800,1801,1802,1803,1804,1805,1806,1807,1808,1809,1810,1811,1812,1813,1814,1815,1816,1817,1818,1819,1820,1821,1822,1823,1824,1825,1826,1827,1828,1829,1830,1831,1832,1833,1834,1835,1836,1837,1838,1839,1840,1841,1842,1843,1844,1845,1846,1847,1848,1849,1850,1851,1852,1853,1854,1855,1856,1857,1858,1859,1860,1861,1862,1863,1864,1865,1866,1867,1868,1869,1870,1871,1872,1873,1874,1875,1876,1877,1878,1879,1880,1881,1882,1883,1884,1885,1886,1887,1888,1889,1890,1891,1892,1893,1894,1895,1896,1897,1898,1899,1900,1901,1902,1903,1904,1905,1906,1907,1908,1909,1910,1911,1912,1913,1914,1915,1916,1917,1918,1919,1920,1921,1922,1923,1924,1925,1926,1927,1928,1929,1930,1931,1932,1933,1934,1935,1936,1937,1938,1939,1940,1941,1942,1943,1944,1945,1946,1947,1948,1949,1950,1951,1952,1953,1954,1955,1956,1957,1958,1959,1960,1961,1962,1963,1964,1965,1966,1967,1968,1969,1970,1971,1972,1973,1974,1975,1976,1977,1978,1979,1980,1981,1982,1983,1984,1985,1986,1987,1988,1989,1990,1991,1992,1993,1994,1995,1996,1997,1998,1999,2000,2001,2002,2003,2004,2005,2006,2007,2008,2009,2010,2011,2012,2013,2014,2015,2016,2017,2018,2019,2020,2021,2022,2023,2024,2025,2026,2027,2028,2029,2030,2031,2032,2033,2034,2035,2036,2037,2038,2039,2040,2041,2042,2043,2044,2045,2046,2047,2048,2049,2050,2051,2052,2053,2054,2055,2056,2057,2058,2059,2060,2061,2062,2063,2064,2065,2066,2067,2068,2069,2070,2071,2072,2073,2074,2075,2076,2077,2078,2079,2080,2081,2082,2083,2084,2085,2086,2087,2088,2089,2090,2091,2092,2093,2094,2095,2096,2097,2098,2099,2100,2101,2102,2103,2104,2105,2106,2107,2108,2109,2110,2111,2112,2113,2114,2115,2116,2117,2118,2119,2120,2121,2122,2123,2124,2125,2126,2127,2128,2129,2130,2131,2132,2133,2134,2135,2136,2137,2138,2139,2140,2141,2142,2143,2144,2145,2146,2147,2148,2149,2150,2151,2152,2153,2154,2155,2156,2157,2158,2159,2160,2161,2162,2163,2164,2165,2166,2167,2168,2169,2170,2171,2172,2173,2174,2175,2176,2177,2178,2179,2180,2181,2182,2183,2184,2185,2186,2187,2188,2189,2190,2191,2192,2193,2194,2195,2196,2197,2198,2199,2200,2201,2202,2203,2204,2205,2206,2207,2208,2209,2210,2211,2212,2213,2214,2215,2216,2217,2218,2219,2220,2221,2222,2223,2224,2225,2226,2227,2228,2229,2230,2231,2232,2233,2234,2235,2236,2237,2238,2239,2240,2241,2242,2243,2244,2245,2246,2247,2248,2249,2250,2251,2252,2253,2254,2255,2256,2257,2258,2259,2260,2261,2262,2263,2264,2265,2266,2267,2268,2269,2270,2271,2272,2273,2274,2275,2276,2277,2278,2279,2280,2281,2282,2283,2284,2285,2286,2287,2288,2289,2290,2291,2292,2293,2294,2295,2296,2297,2298,2299,2300,2301,2302,2303,2304,2305,2306,2307,2308,2309,2310,2311,2312,2313,2314,2315,2316,2317,2318,2319,2320,2321,2322,2323,2324,2325,2326,2327,2328,2329,2330,2331,2332,2333,2334,2335,2336,2337,2338,2339,2340,2341,2342,2343,2344,2345,2346,2347,2348,2349,2350,2351,2352,2353,2354,2355,2356,2357,2358,2359,2360,2361,2362,2363,2364,2365,2366,2367,2368,2369,2370,2371,2372,2373,2374,2375,2376,2377,2378,2379,2380,2381,2382,2383,2384,2385,2386,2387,2388,2389,2390,2391,2392,2393,2394,2395,2396,2397,2398,2399,2400,2401,2402,2403,2404,2405,2406,2407,2408,2409,2410,2411,2412,2413,2414,2415,2416,2417,2418,2419,2420,2421,2422,2423,2424,2425,2426,2427,2428,2429,2430,2431,2432,2433,2434,2435,2436,2437,2438,2439,2440,2441,2442,2443,2444,2445,2446,2447,2448,2449,2450,2451,2452,2453,2454,2455,2456,2457,2458,2459,2460,2461,2462,2463,2464,2465,2466,2467,2468,2469,2470,2471,2472,2473,2474,2475,2476,2477,2478,2479,2480,2481,2482,2483,2484,2485,2486,2487,2488,2489,2490,2491,2492,2493,2494,2495,2496,2497,2498,2499,2500,2501,2502,2503,2504,2505,2506,2507,2508,2509,2510,2511,2512,2513,2514,2515,2516,2517,2518,2519,2520,2521,2522,2523,2524,2525,2526,2527,2528,2529,2530,2531,2532,2533,2534,2535,2536,2537,2538,2539,2540,2541,2542,2543,2544,2545,2546,2547,2548,2549,2550,2551,2552,2553,2554,2555,2556,2557,2558,2559,2560,2561,2562,2563,2564,2565,2566,2567,2568,2569,2570,2571,2572,2573,2574,2575,2576,2577,2578,2579,2580,2581,2582,2583,2584,2585,2586,2587,2588,2589,2590,2591,2592,2593,2594,2595,2596,2597,2598,2599,2600,2601,2602,2603,2604,2605,2606,2607,2608,2609,2610,2611,2612,2613,2614,2615,2616,2617,2618,2619,2620,2621,2622,2623,2624,2625,2626,2627,2628,2629,2630,2631,2632,2633,2634,2635,2636,2637,2638,2639,2640,2641,2642,2643,2644,2645,2646,2647,2648,2649,2650,2651,2652,2653,2654,2655,2656,2657,2658,2659,2660,2661,2662,2663,2664,2665,2666,2667,2668,2669,2670,2671,2672,2673,2674,2675,2676,2677,2678,2679,2680,2681,2682,2683,2684,2685,2686,2687,2688,2689,2690,2691,2692,2693,2694,2695,2696,2697,2698,2699,2700,2701,2702,2703,2704,2705,2706,2707,2708,2709,2710,2711,2712,2713,2714,2715,2716,2717,2718,2719,2720,2721,2722,2723,2724,2725,2726,2727,2728,2729,2730,2731,2732,2733,2734,2735,2736,2737,2738,2739,2740,2741,2742,2743,2744,2745,2746,2747,2748,2749,2750,2751,2752,2753,2754,2755,2756,2757,2758,2759,2760,2761,2762,2763,2764,2765,2766,2767,2768,2769,2770,2771,2772,2773,2774,2775,2776,2777,2778,2779,2780,2781,2782,2783,2784,2785,2786,2787,2788,2789,2790,2791,2792,2793,2794,2795,2796,2797,2798,2799,2800,2801,2802,2803,2804,2805,2806,2807,2808,2809,2810,2811,2812,2813,2814,2815,2816,2817,2818,2819,2820,2821,2822,2823,2824,2825,2826,2827,2828,2829,2830,2831,2832,2833,2834,2835,2836,2837,2838,2839,2840,2841,2842,2843,2844,2845,2846,2847,2848,2849,2850,2851,2852,2853,2854,2855,2856,2857,2858,2859,2860,2861,2862,2863,2864,2865,2866,2867,2868,2869,2870,2871,2872,2873,2874,2875,2876,2877,2878,2879,2880,2881,2882,2883,2884,2885,2886,2887,2888,2889,2890,2891,2892,2893,2894,2895,2896,2897,2898,2899,2900,2901,2902,2903,2904,2905,2906,2907,2908,2909,2910,2911,2912,2913,2914,2915,2916,2917,2918,2919,2920,2921,2922,2923,2924,2925,2926,2927,2928,2929,2930,2931,2932,2933,2934,2935,2936,2937,2938,2939,2940,2941,2942,2943,2944,2945,2946,2947,2948,2949,2950,2951,2952,2953,2954,2955,2956,2957,2958,2959,2960,2961,2962,2963,2964,2965,2966,2967,2968,2969,2970,2971,2972,2973,2974,2975,2976,2977,2978,2979,2980,2981,2982,2983,2984,2985,2986,2987,2988,2989,2990,2991,2992,2993,2994,2995,2996,2997,2998,2999,3000,3001,3002,3003,3004,3005,3006,3007,3008,3009,3010,3011,3012,3013,3014,3015,3016,3017,3018,3019,3020,3021,3022,3023,3024,3025,3026,3027,3028,3029,3030,3031,3032,3033,3034,3035,3036,3037,3038,3039,3040,3041,3042,3043,3044,3045,3046,3047,3048,3049,3050,3051,3052,3053,3054,3055,3056,3057,3058,3059,3060,3061,3062,3063,3064,3065,3066,3067,3068,3069,3070,3071,3072,3073,3074,3075,3076,3077,3078,3079,3080,3081,3082,3083,3084,3085,3086,3087,3088,3089,3090,3091,3092,3093,3094,3095,3096,3097,3098,3099,3100,3101,3102,3103,3104,3105,3106,3107,3108,3109,3110,3111,3112,3113,3114,3115,3116,3117,3118,3119,3120,3121,3122,3123,3124,3125,3126,3127,3128,3129,3130,3131,3132,3133,3134,3135,3136,3137,3138,3139,3140,3141,3142,3143,3144,3145,3146,3147,3148,3149,3150,3151,3152,3153,3154,3155,3156,3157,3158,3159,3160,3161,3162,3163,3164,3165,3166,3167,3168,3169,3170,3171,3172,3173,3174,3175,3176,3177,3178,3179,3180,3181,3182,3183,3184,3185,3186,3187,3188,3189,3190,3191,3192,3193,3194,3195,3196,3197,3198,3199,3200,3201,3202,3203,3204,3205,3206,3207,3208,3209,3210,3211,3212,3213,3214,3215,3216,3217,3218,3219,3220,3221,3222,3223,3224,3225,3226,3227,3228,3229,3230,3231,3232,3233,3234,3235,3236,3237,3238,3239,3240,3241,3242,3243,3244,3245,3246,3247,3248,3249,3250,3251,3252,3253,3254,3255,3256,3257,3258,3259,3260,3261,3262,3263,3264,3265,3266,3267,3268,3269,3270,3271,3272,3273,3274,3275,3276,3277,3278,3279,3280,3281,3282,3283,3284,3285,3286,3287,3288,3289,3290,3291,3292,3293,3294,3295,3296,3297,3298,3299,3300,3301,3302,3303,3304,3305,3306,3307,3308,3309,3310,3311,3312,3313,3314,3315,3316,3317,3318,3319,3320,3321,3322,3323,3324,3325,3326,3327,3328,3329,3330,3331,3332,3333,3334,3335,3336,3337,3338,3339,3340,3341,3342,3343,3344,3345,3346,3347,3348,3349,3350,3351,3352,3353,3354,3355,3356,3357,3358,3359,3360,3361,3362,3363,3364,3365,3366,3367,3368,3369,3370,3371,3372,3373,3374,3375,3376,3377,3378,3379,3380,3381,3382,3383,3384,3385,3386,3387,3388,3389,3390,3391,3392,3393,3394,3395,3396,3397,3398,3399,3400,3401,3402,3403,3404,3405,3406,3407,3408,3409,3410,3411,3412,3413,3414,3415,3416,3417,3418,3419,3420,3421,3422,3423,3424,3425,3426,3427,3428,3429,3430,3431,3432,3433,3434,3435,3436,3437,3438,3439,3440,3441,3442,3443,3444,3445,3446,3447,3448,3449,3450,3451,3452,3453,3454,3455,3456,3457,3458,3459,3460,3461,3462,3463,3464,3465,3466,3467,3468,3469,3470,3471,3472,3473,3474,3475,3476,3477,3478,3479,3480,3481,3482,3483,3484,3485,3486,3487,3488,3489,3490,3491,3492,3493,3494,3495,3496,3497,3498,3499,3500,3501,3502,3503,3504,3505,3506,3507,3508,3509,3510,3511,3512,3513,3514,3515,3516,3517,3518,3519,3520,3521,3522,3523,3524,3525,3526,3527,3528,3529,3530,3531,3532,3533,3534,3535,3536,3537,3538,3539,3540,3541,3542,3543,3544,3545,3546,3547,3548,3549,3550,3551,3552,3553,3554,3555,3556,3557,3558,3559,3560,3561,3562,3563,3564,3565,3566,3567,3568,3569,3570,3571,3572,3573,3574,3575,3576,3577,3578,3579,3580,3581,3582,3583,3584,3585,3586,3587,3588,3589,3590,3591,3592,3593,3594,3595,3596,3597,3598,3599,3600,3601,3602,3603,3604,3605,3606,3607,3608,3609,3610,3611,3612,3613,3614,3615,3616,3617,3618,3619,3620,3621,3622,3623,3624,3625,3626,3627,3628,3629,3630,3631,3632,3633,3634,3635,3636,3637,3638,3639,3640,3641,3642,3643,3644,3645,3646,3647,3648,3649,3650,3651,3652,3653,3654,3655,3656,3657,3658,3659,3660,3661,3662,3663,3664,3665,3666,3667,3668,3669,3670,3671,3672,3673,3674,3675,3676,3677,3678,3679,3680,3681,3682,3683,3684,3685,3686,3687,3688,3689,3690,3691,3692,3693,3694,3695,3696,3697,3698,3699,3700,3701,3702,3703,3704,3705,3706,3707,3708,3709,3710,3711,3712,3713,3714,3715,3716,3717,3718,3719,3720,3721,3722,3723,3724,3725,3726,3727,3728,3729,3730,3731,3732,3733,3734,3735,3736,3737,3738,3739,3740,3741,3742,3743,3744,3745,3746,3747,3748,3749,3750,3751,3752,3753,3754,3755,3756,3757,3758,3759,3760,3761,3762,3763,3764,3765,3766,3767,3768,3769,3770,3771,3772,3773,3774,3775,3776,3777,3778,3779,3780,3781,3782,3783,3784,3785,3786,3787,3788,3789,3790,3791,3792,3793,3794,3795,3796,3797,3798,3799,3800,3801,3802,3803,3804,3805,3806,3807,3808,3809,3810,3811,3812,3813,3814,3815,3816,3817,3818,3819,3820,3821,3822,3823,3824,3825,3826,3827,3828,3829,3830,3831,3832,3833,3834,3835,3836,3837,3838,3839,3840,3841,3842,3843,3844,3845,3846,3847,3848,3849,3850,3851,3852,3853,3854,3855,3856,3857,3858,3859,3860,3861,3862,3863,3864,3865,3866,3867,3868,3869,3870,3871,3872,3873,3874,3875,3876,3877,3878,3879,3880,3881,3882,3883,3884,3885,3886,3887,3888,3889,3890,3891,3892,3893,3894,3895,3896,3897,3898,3899,3900,3901,3902,3903,3904,3905,3906,3907,3908,3909,3910,3911,3912,3913,3914,3915,3916,3917,3918,3919,3920,3921,3922,3923,3924,3925,3926,3927,3928,3929,3930,3931,3932,3933,3934,3935,3936,3937,3938,3939,3940,3941,3942,3943,3944,3945,3946,3947,3948,3949,3950,3951,3952,3953,3954,3955,3956,3957,3958,3959,3960,3961,3962,3963,3964,3965,3966,3967,3968,3969,3970,3971,3972,3973,3974,3975,3976,3977,3978,3979,3980,3981,3982,3983,3984,3985,3986,3987,3988,3989,3990,3991,3992,3993,3994,3995,3996,3997,3998,3999,4000,4001,4002,4003,4004,4005,4006,4007,4008,4009,4010,4011,4012,4013,4014,4015,4016,4017,4018,4019,4020,4021,4022,4023,4024,4025,4026,4027,4028,4029,4030,4031,4032,4033,4034,4035,4036,4037,4038,4039,4040,4041,4042,4043,4044,4045,4046,4047,4048,4049,4050,4051,4052,4053,4054,4055,4056,4057,4058,4059,4060,4061,4062,4063,4064,4065,4066,4067,4068,4069,4070,4071,4072,4073,4074,4075,4076,4077,4078,4079,4080,4081,4082,4083,4084,4085,4086,4087,4088,4089,4090,4091,4092,4093,4094,4095,4096,4097,4098,4099,4100,4101,4102,4103,4104,4105,4106,4107,4108,4109,4110,4111,4112,4113,4114,4115,4116,4117,4118,4119,4120,4121,4122,4123,4124,4125,4126,4127,4128,4129,4130,4131,4132,4133,4134,4135,4136,4137,4138,4139,4140,4141,4142,4143,4144,4145,4146,4147,4148,4149,4150,4151,4152,4153,4154,4155,4156,4157,4158,4159,4160,4161,4162,4163,4164,4165,4166,4167,4168,4169,4170,4171,4172,4173,4174,4175,4176,4177,4178,4179,4180,4181,4182,4183,4184,4185,4186,4187,4188,4189,4190,4191,4192,4193,4194,4195,4196,4197,4198,4199,4200,4201,4202,4203,4204,4205,4206,4207,4208,4209,4210,4211,4212,4213,4214,4215,4216,4217,4218,4219,4220,4221,4222,4223,4224,4225,4226,4227,4228,4229,4230,4231,4232,4233,4234,4235,4236,4237,4238,4239,4240,4241,4242,4243,4244,4245,4246,4247,4248,4249,4250,4251,4252,4253,4254,4255,4256,4257,4258,4259,4260,4261,4262,4263,4264,4265,4266,4267,4268,4269,4270,4271,4272,4273,4274,4275,4276,4277,4278,4279,4280,4281,4282,4283,4284,4285,4286,4287,4288,4289,4290,4291,4292,4293,4294,4295,4296,4297,4298,4299,4300,4301,4302,4303,4304,4305,4306,4307,4308,4309,4310,4311,4312,4313,4314,4315,4316,4317,4318,4319,4320,4321,4322,4323,4324,4325,4326,4327,4328,4329,4330,4331,4332,4333,4334,4335,4336,4337,4338,4339,4340,4341,4342,4343,4344,4345,4346,4347,4348,4349,4350,4351,4352,4353,4354,4355,4356,4357,4358,4359,4360,4361,4362,4363,4364,4365,4366,4367,4368,4369,4370,4371,4372,4373,4374,4375,4376,4377,4378,4379,4380,4381,4382,4383,4384,4385,4386,4387,4388,4389,4390,4391,4392,4393,4394,4395,4396,4397,4398,4399,4400,4401,4402,4403,4404,4405,4406,4407,4408,4409,4410,4411,4412,4413,4414,4415,4416,4417,4418,4419,4420,4421,4422,4423,4424,4425,4426,4427,4428,4429,4430,4431,4432,4433,4434,4435,4436,4437,4438,4439,4440,4441,4442,4443,4444,4445,4446,4447,4448,4449,4450,4451,4452,4453,4454,4455,4456,4457,4458,4459,4460,4461,4462,4463,4464,4465,4466,4467,4468,4469,4470,4471,4472,4473,4474,4475,4476,4477,4478,4479,4480,4481,4482,4483,4484,4485,4486,4487,4488,4489,4490,4491,4492,4493,4494,4495,4496,4497,4498,4499,4500,4501,4502,4503,4504,4505,4506,4507,4508,4509,4510,4511,4512,4513,4514,4515,4516,4517,4518,4519,4520,4521,4522,4523,4524,4525,4526,4527,4528,4529,4530,4531,4532,4533,4534,4535,4536,4537,4538,4539,4540,4541,4542,4543,4544,4545,4546,4547,4548,4549,4550,4551,4552,4553,4554,4555,4556,4557,4558,4559,4560,4561,4562,4563,4564,4565,4566,4567,4568,4569,4570,4571,4572,4573,4574,4575,4576,4577,4578,4579,4580,4581,4582,4583,4584,4585,4586,4587,4588,4589,4590,4591,4592,4593,4594,4595,4596,4597,4598,4599,4600,4601,4602,4603,4604,4605,4606,4607,4608,4609,4610,4611,4612,4613,4614,4615,4616,4617,4618,4619,4620,4621,4622,4623,4624,4625,4626,4627,4628,4629,4630,4631,4632,4633,4634,4635,4636,4637,4638,4639,4640,4641,4642,4643,4644,4645,4646,4647,4648,4649,4650,4651,4652,4653,4654,4655,4656,4657,4658,4659,4660,4661,4662,4663,4664,4665,4666,4667,4668,4669,4670,4671,4672,4673,4674,4675,4676,4677,4678,4679,4680,4681,4682,4683,4684,4685,4686,4687,4688,4689,4690,4691,4692,4693,4694,4695,4696,4697,4698,4699,4700,4701,4702,4703,4704,4705,4706,4707,4708,4709,4710,4711,4712,4713,4714,4715,4716,4717,4718,4719,4720,4721,4722,4723,4724,4725,4726,4727,4728,4729,4730,4731,4732,4733,4734,4735,4736,4737,4738,4739,4740,4741,4742,4743,4744,4745,4746,4747,4748,4749,4750,4751,4752,4753,4754,4755,4756,4757,4758,4759,4760,4761,4762,4763,4764,4765,4766,4767,4768,4769,4770,4771,4772,4773,4774,4775,4776,4777,4778,4779,4780,4781,4782,4783,4784,4785,4786,4787,4788,4789,4790,4791,4792,4793,4794,4795,4796,4797,4798,4799,4800,4801,4802,4803,4804,4805,4806,4807,4808,4809,4810,4811,4812,4813,4814,4815,4816,4817,4818,4819,4820,4821,4822,4823,4824,4825,4826,4827,4828,4829,4830,4831,4832,4833,4834,4835,4836,4837,4838,4839,4840,4841,4842,4843,4844,4845,4846,4847,4848,4849,4850,4851,4852,4853,4854,4855,4856,4857,4858,4859,4860,4861,4862,4863,4864,4865,4866,4867,4868,4869,4870,4871,4872,4873,4874,4875,4876,4877,4878,4879,4880,4881,4882,4883,4884,4885,4886,4887,4888,4889,4890,4891,4892,4893,4894,4895,4896,4897,4898,4899,4900,4901,4902,4903,4904,4905,4906,4907,4908,4909,4910,4911,4912,4913,4914,4915,4916,4917,4918,4919,4920,4921,4922,4923,4924,4925,4926,4927,4928,4929,4930,4931,4932,4933,4934,4935,4936,4937,4938,4939,4940,4941,4942,4943,4944,4945,4946,4947,4948,4949,4950,4951,4952,4953,4954,4955,4956,4957,4958,4959,4960,4961,4962,4963,4964,4965,4966,4967,4968,4969,4970,4971,4972,4973,4974,4975,4976,4977,4978,4979,4980,4981,4982,4983,4984,4985,4986,4987,4988,4989,4990,4991,4992,4993,4994,4995,4996,4997,4998,4999,5000,5001,5002,5003,5004,5005,5006,5007,5008,5009,5010,5011,5012,5013,5014,5015,5016,5017,5018,5019,5020,5021,5022,5023,5024,5025,5026,5027,5028,5029,5030,5031,5032,5033,5034,5035,5036,5037,5038,5039,5040,5041,5042,5043,5044,5045,5046,5047,5048,5049,5050,5051,5052,5053,5054,5055,5056,5057,5058,5059,5060,5061,5062,5063,5064,5065,5066,5067,5068,5069,5070,5071,5072,5073,5074,5075,5076,5077,5078,5079,5080,5081,5082,5083,5084,5085,5086,5087,5088,5089,5090,5091,5092,5093,5094,5095,5096,5097,5098,5099,5100,5101,5102,5103,5104,5105,5106,5107,5108,5109,5110,5111,5112,5113,5114,5115,5116,5117,5118,5119,5120,5121,5122,5123,5124,5125,5126,5127,5128,5129,5130,5131,5132,5133,5134,5135,5136,5137,5138,5139,5140,5141,5142,5143,5144,5145,5146,5147,5148,5149,5150,5151,5152,5153,5154,5155,5156,5157,5158,5159,5160,5161,5162,5163,5164,5165,5166,5167,5168,5169,5170,5171,5172,5173,5174,5175,5176,5177,5178,5179,5180,5181,5182,5183,5184,5185,5186,5187,5188,5189,5190,5191,5192,5193,5194,5195,5196,5197,5198,5199,5200,5201,5202,5203,5204,5205,5206,5207,5208,5209,5210,5211,5212,5213,5214,5215,5216,5217,5218,5219,5220,5221,5222,5223,5224,5225,5226,5227,5228,5229,5230,5231,5232,5233,5234,5235,5236,5237,5238,5239,5240,5241,5242,5243,5244,5245,5246,5247,5248,5249,5250,5251,5252,5253,5254,5255,5256,5257,5258,5259,5260,5261,5262,5263,5264,5265,5266,5267,5268,5269,5270,5271,5272,5273,5274,5275,5276,5277,5278,5279,5280,5281,5282,5283,5284,5285,5286,5287,5288,5289,5290,5291,5292,5293,5294,5295,5296,5297,5298,5299,5300,5301,5302,5303,5304,5305,5306,5307,5308,5309,5310,5311,5312,5313,5314,5315,5316,5317,5318,5319,5320,5321,5322,5323,5324,5325,5326,5327,5328,5329,5330,5331,5332,5333,5334,5335,5336,5337,5338,5339,5340,5341,5342,5343,5344,5345,5346,5347,5348,5349,5350,5351,5352,5353,5354,5355,5356,5357,5358,5359,5360,5361,5362,5363,5364,5365,5366,5367,5368,5369,5370,5371,5372,5373,5374,5375,5376,5377,5378,5379,5380,5381,5382,5383,5384,5385,5386,5387,5388,5389,5390,5391,5392,5393,5394,5395,5396,5397,5398,5399,5400,5401,5402,5403,5404,5405,5406,5407,5408,5409,5410,5411,5412,5413,5414,5415,5416,5417,5418,5419,5420,5421,5422,5423,5424,5425,5426,5427,5428,5429,5430,5431,5432,5433,5434,5435,5436,5437,5438,5439,5440,5441,5442,5443,5444,5445,5446,5447,5448,5449,5450,5451,5452,5453,5454,5455,5456,5457,5458,5459,5460,5461,5462,5463,5464,5465,5466,5467,5468,5469,5470,5471,5472,5473,5474,5475,5476,5477,5478,5479,5480,5481,5482,5483,5484,5485,5486,5487,5488,5489,5490,5491,5492,5493,5494,5495,5496,5497,5498,5499,5500,5501,5502,5503,5504,5505,5506,5507,5508,5509,5510,5511,5512,5513,5514,5515,5516,5517,5518,5519,5520,5521,5522,5523,5524,5525,5526,5527,5528,5529,5530,5531,5532,5533,5534,5535,5536,5537,5538,5539,5540,5541,5542,5543,5544,5545,5546,5547,5548,5549,5550,5551,5552,5553,5554,5555,5556,5557,5558,5559,5560,5561,5562,5563,5564,5565,5566,5567,5568,5569,5570,5571,5572,5573,5574,5575,5576,5577,5578,5579,5580,5581,5582,5583,5584,5585,5586,5587,5588,5589,5590,5591,5592,5593,5594,5595,5596,5597,5598,5599,5600,5601,5602,5603,5604,5605,5606,5607,5608,5609,5610,5611,5612,5613,5614,5615,5616,5617,5618,5619,5620,5621,5622,5623,5624,5625,5626,5627,5628,5629,5630,5631,5632,5633,5634,5635,5636,5637,5638,5639,5640,5641,5642,5643,5644,5645,5646,5647,5648,5649,5650,5651,5652,5653,5654,5655,5656,5657,5658,5659,5660,5661,5662,5663,5664,5665,5666,5667,5668,5669,5670,5671,5672,5673,5674,5675,5676,5677,5678,5679,5680,5681,5682,5683,5684,5685,5686,5687,5688,5689,5690,5691,5692,5693,5694,5695,5696,5697,5698,5699,5700,5701,5702,5703,5704,5705,5706,5707,5708,5709,5710,5711,5712,5713,5714,5715,5716,5717,5718,5719,5720,5721,5722,5723,5724,5725,5726,5727,5728,5729,5730,5731,5732,5733,5734,5735,5736,5737,5738,5739,5740,5741,5742,5743,5744,5745,5746,5747,5748,5749,5750,5751,5752,5753,5754,5755,5756,5757,5758,5759,5760,5761,5762,5763,5764,5765,5766,5767,5768,5769,5770,5771,5772,5773,5774,5775,5776,5777,5778,5779,5780,5781,5782,5783,5784,5785,5786,5787,5788,5789,5790,5791,5792,5793,5794,5795,5796,5797,5798,5799,5800,5801,5802,5803,5804,5805,5806,5807,5808,5809,5810,5811,5812,5813,5814,5815,5816,5817,5818,5819,5820,5821,5822,5823,5824,5825,5826,5827,5828,5829,5830,5831,5832,5833,5834,5835,5836,5837,5838,5839,5840,5841,5842,5843,5844,5845,5846,5847,5848,5849,5850,5851,5852,5853,5854,5855,5856,5857,5858,5859,5860,5861,5862,5863,5864,5865,5866,5867,5868,5869,5870,5871,5872,5873,5874,5875,5876,5877,5878,5879,5880,5881,5882,5883,5884,5885,5886,5887,5888,5889,5890,5891,5892,5893,5894,5895,5896,5897,5898,5899,5900,5901,5902,5903,5904,5905,5906,5907,5908,5909,5910,5911,5912,5913,5914,5915,5916,5917,5918,5919,5920,5921,5922,5923,5924,5925,5926,5927,5928,5929,5930,5931,5932,5933,5934,5935,5936,5937,5938,5939,5940,5941,5942,5943,5944,5945,5946,5947,5948,5949,5950,5951,5952,5953,5954,5955,5956,5957,5958,5959,5960,5961,5962,5963,5964,5965,5966,5967,5968,5969,5970,5971,5972,5973,5974,5975,5976,5977,5978,5979,5980,5981,5982,5983,5984,5985,5986,5987,5988,5989,5990,5991,5992,5993,5994,5995,5996,5997,5998,5999,6000,6001,6002,6003,6004,6005,6006,6007,6008,6009,6010,6011,6012,6013,6014,6015,6016,6017,6018,6019,6020,6021,6022,6023,6024,6025,6026,6027,6028,6029,6030,6031,6032,6033,6034,6035,6036,6037,6038,6039,6040,6041,6042,6043,6044,6045,6046,6047,6048,6049,6050,6051,6052,6053,6054,6055,6056,6057,6058,6059,6060,6061,6062,6063,6064,6065,6066,6067,6068,6069,6070,6071,6072,6073,6074,6075,6076,6077,6078,6079,6080,6081,6082,6083,6084,6085,6086,6087,6088,6089,6090,6091,6092,6093,6094,6095,6096,6097,6098,6099,6100,6101,6102,6103,6104,6105,6106,6107,6108,6109,6110,6111,6112,6113,6114,6115,6116,6117,6118,6119,6120,6121,6122,6123,6124,6125,6126,6127,6128,6129,6130,6131,6132,6133,6134,6135,6136,6137,6138,6139,6140,6141,6142,6143,6144,6145,6146,6147,6148,6149,6150,6151,6152,6153,6154,6155,6156,6157,6158,6159,6160,6161,6162,6163,6164,6165,6166,6167,6168,6169,6170,6171,6172,6173,6174,6175,6176,6177,6178,6179,6180,6181,6182,6183,6184,6185,6186,6187,6188,6189,6190,6191,6192,6193,6194,6195,6196,6197,6198,6199,6200,6201,6202,6203,6204,6205,6206,6207,6208,6209,6210,6211,6212,6213,6214,6215,6216,6217,6218,6219,6220,6221,6222,6223,6224,6225,6226,6227,6228,6229,6230,6231,6232,6233,6234,6235,6236,6237,6238,6239,6240,6241,6242,6243,6244,6245,6246,6247,6248,6249,6250,6251,6252,6253,6254,6255,6256,6257,6258,6259,6260,6261,6262,6263,6264,6265,6266,6267,6268,6269,6270,6271,6272,6273,6274,6275,6276,6277,6278,6279,6280,6281,6282,6283,6284,6285,6286,6287,6288,6289,6290,6291,6292,6293,6294,6295,6296,6297,6298,6299,6300,6301,6302,6303,6304,6305,6306,6307,6308,6309,6310,6311,6312,6313,6314,6315,6316,6317,6318,6319,6320,6321,6322,6323,6324,6325,6326,6327,6328,6329,6330,6331,6332,6333,6334,6335,6336,6337,6338,6339,6340,6341,6342,6343,6344,6345,6346,6347,6348,6349,6350,6351,6352,6353,6354,6355,6356,6357,6358,6359,6360,6361,6362,6363,6364,6365,6366,6367,6368,6369,6370,6371,6372,6373,6374,6375,6376,6377,6378,6379,6380,6381,6382,6383,6384,6385,6386,6387,6388,6389,6390,6391,6392,6393,6394,6395,6396,6397,6398,6399,6400,6401,6402,6403,6404,6405,6406,6407,6408,6409,6410,6411,6412,6413,6414,6415,6416,6417,6418,6419,6420,6421,6422,6423,6424,6425,6426,6427,6428,6429,6430,6431,6432,6433,6434,6435,6436,6437,6438,6439,6440,6441,6442,6443,6444,6445,6446,6447,6448,6449,6450,6451,6452,6453,6454,6455,6456,6457,6458,6459,6460,6461,6462,6463,6464,6465,6466,6467,6468,6469,6470,6471,6472,6473,6474,6475,6476,6477,6478,6479,6480,6481,6482,6483,6484,6485,6486,6487,6488,6489,6490,6491,6492,6493,6494,6495,6496,6497,6498,6499,6500,6501,6502,6503,6504,6505,6506,6507,6508,6509,6510,6511,6512,6513,6514,6515,6516,6517,6518,6519,6520,6521,6522,6523,6524,6525,6526,6527,6528,6529,6530,6531,6532,6533,6534,6535,6536,6537,6538,6539,6540,6541,6542,6543,6544,6545,6546,6547,6548,6549,6550,6551,6552,6553,6554,6555,6556,6557,6558,6559,6560,6561,6562,6563,6564,6565,6566,6567,6568,6569,6570,6571,6572,6573,6574,6575,6576,6577,6578,6579,6580,6581,6582,6583,6584,6585,6586,6587,6588,6589,6590,6591,6592,6593,6594,6595,6596,6597,6598,6599,6600,6601,6602,6603,6604,6605,6606,6607,6608,6609,6610,6611,6612,6613,6614,6615,6616,6617,6618,6619,6620,6621,6622,6623,6624,6625,6626,6627,6628,6629,6630,6631,6632,6633,6634,6635,6636,6637,6638,6639,6640,6641,6642,6643,6644,6645,6646,6647,6648,6649,6650,6651,6652,6653,6654,6655,6656,6657,6658,6659,6660,6661,6662,6663,6664,6665,6666,6667,6668,6669,6670,6671,6672,6673,6674,6675,6676,6677,6678,6679,6680,6681,6682,6683,6684,6685,6686,6687,6688,6689,6690,6691,6692,6693,6694,6695,6696,6697,6698,6699,6700,6701,6702,6703,6704,6705,6706,6707,6708,6709,6710,6711,6712,6713,6714,6715,6716,6717,6718,6719,6720,6721,6722,6723,6724,6725,6726,6727,6728,6729,6730,6731,6732,6733,6734,6735,6736,6737,6738,6739,6740,6741,6742,6743,6744,6745,6746,6747,6748,6749,6750,6751,6752,6753,6754,6755,6756,6757,6758,6759,6760,6761,6762,6763,6764,6765,6766,6767,6768,6769,6770,6771,6772,6773,6774,6775,6776,6777,6778,6779,6780,6781,6782,6783,6784,6785,6786,6787,6788,6789,6790,6791,6792,6793,6794,6795,6796,6797,6798,6799,6800,6801,6802,6803,6804,6805,6806,6807,6808,6809,6810,6811,6812,6813,6814,6815,6816,6817,6818,6819,6820,6821,6822,6823,6824,6825,6826,6827,6828,6829,6830,6831,6832,6833,6834,6835,6836,6837,6838,6839,6840,6841,6842,6843,6844,6845,6846,6847,6848,6849,6850,6851,6852,6853,6854,6855,6856,6857,6858,6859,6860,6861,6862,6863,6864,6865,6866,6867,6868,6869,6870,6871,6872,6873,6874,6875,6876,6877,6878,6879,6880,6881,6882,6883,6884,6885,6886,6887,6888,6889,6890,6891,6892,6893,6894,6895,6896,6897,6898,6899,6900,6901,6902,6903,6904,6905,6906,6907,6908,6909,6910,6911,6912,6913,6914,6915,6916,6917,6918,6919,6920,6921,6922,6923,6924,6925,6926,6927,6928,6929,6930,6931,6932,6933,6934,6935,6936,6937,6938,6939,6940,6941,6942,6943,6944,6945,6946,6947,6948,6949,6950,6951,6952,6953,6954,6955,6956,6957,6958,6959,6960,6961,6962,6963,6964,6965,6966,6967,6968,6969,6970,6971,6972,6973,6974,6975,6976,6977,6978,6979,6980,6981,6982,6983,6984,6985,6986,6987,6988,6989,6990,6991,6992,6993,6994,6995,6996,6997,6998,6999,7000,7001,7002,7003,7004,7005,7006,7007,7008,7009,7010,7011,7012,7013,7014,7015,7016,7017,7018,7019,7020,7021,7022,7023,7024,7025,7026,7027,7028,7029,7030,7031,7032,7033,7034,7035,7036,7037,7038,7039,7040,7041,7042,7043,7044,7045,7046,7047,7048,7049,7050,7051,7052,7053,7054,7055,7056,7057,7058,7059,7060,7061,7062,7063,7064,7065,7066,7067,7068,7069,7070,7071,7072,7073,7074,7075,7076,7077,7078,7079,7080,7081,7082,7083,7084,7085,7086,7087,7088,7089,7090,7091,7092,7093,7094,7095,7096,7097,7098,7099,7100,7101,7102,7103,7104,7105,7106,7107,7108,7109,7110,7111,7112,7113,7114,7115,7116,7117,7118,7119,7120,7121,7122,7123,7124,7125,7126,7127,7128,7129,7130,7131,7132,7133,7134,7135,7136,7137,7138,7139,7140,7141,7142,7143,7144,7145,7146,7147,7148,7149,7150,7151,7152,7153,7154,7155,7156,7157,7158,7159,7160,7161,7162,7163,7164,7165,7166,7167,7168,7169,7170,7171,7172,7173,7174,7175,7176,7177,7178,7179,7180,7181,7182,7183,7184,7185,7186,7187,7188,7189,7190,7191,7192,7193,7194,7195,7196,7197,7198,7199,7200,7201,7202,7203,7204,7205,7206,7207,7208,7209,7210,7211,7212,7213,7214,7215,7216,7217,7218,7219,7220,7221,7222,7223,7224,7225,7226,7227,7228,7229,7230,7231,7232,7233,7234,7235,7236,7237,7238,7239,7240,7241,7242,7243,7244,7245,7246,7247,7248,7249,7250,7251,7252,7253,7254,7255,7256,7257,7258,7259,7260,7261,7262,7263,7264,7265,7266,7267,7268,7269,7270,7271,7272,7273,7274,7275,7276,7277,7278,7279,7280,7281,7282,7283,7284,7285,7286,7287,7288,7289,7290,7291,7292,7293,7294,7295,7296,7297,7298,7299,7300,7301,7302,7303,7304,7305,7306,7307,7308,7309,7310,7311,7312,7313,7314,7315,7316,7317,7318,7319,7320,7321,7322,7323,7324,7325,7326,7327,7328,7329,7330,7331,7332,7333,7334,7335,7336,7337,7338,7339,7340,7341,7342,7343,7344,7345,7346,7347,7348,7349,7350,7351,7352,7353,7354,7355,7356,7357,7358,7359,7360,7361,7362,7363,7364,7365,7366,7367,7368,7369,7370,7371,7372,7373,7374,7375,7376,7377,7378,7379,7380,7381,7382,7383,7384,7385,7386,7387,7388,7389,7390,7391,7392,7393,7394,7395,7396,7397,7398,7399,7400,7401,7402,7403,7404,7405,7406,7407,7408,7409,7410,7411,7412,7413,7414,7415,7416,7417,7418,7419,7420,7421,7422,7423,7424,7425,7426,7427,7428,7429,7430,7431,7432,7433,7434,7435,7436,7437,7438,7439,7440,7441,7442,7443,7444,7445,7446,7447,7448,7449,7450,7451,7452,7453,7454,7455,7456,7457,7458,7459,7460,7461,7462,7463,7464,7465,7466,7467,7468,7469,7470,7471,7472,7473,7474,7475,7476,7477,7478,7479,7480,7481,7482,7483,7484,7485,7486,7487,7488,7489,7490,7491,7492,7493,7494,7495,7496,7497,7498,7499,7500,7501,7502,7503,7504,7505,7506,7507,7508,7509,7510,7511,7512,7513,7514,7515,7516,7517,7518,7519,7520,7521,7522,7523,7524,7525,7526,7527,7528,7529,7530,7531,7532,7533,7534,7535,7536,7537,7538,7539,7540,7541,7542,7543,7544,7545,7546,7547,7548,7549,7550,7551,7552,7553,7554,7555,7556,7557,7558,7559,7560,7561,7562,7563,7564,7565,7566,7567,7568,7569,7570,7571,7572,7573,7574,7575,7576,7577,7578,7579,7580,7581,7582,7583,7584,7585,7586,7587,7588,7589,7590,7591,7592,7593,7594,7595,7596,7597,7598,7599,7600,7601,7602,7603,7604,7605,7606,7607,7608,7609,7610,7611,7612,7613,7614,7615,7616,7617,7618,7619,7620,7621,7622,7623,7624,7625,7626,7627,7628,7629,7630,7631,7632,7633,7634,7635,7636,7637,7638,7639,7640,7641,7642,7643,7644,7645,7646,7647,7648,7649,7650,7651,7652,7653,7654,7655,7656,7657,7658,7659,7660,7661,7662,7663,7664,7665,7666,7667,7668,7669,7670,7671,7672,7673,7674,7675,7676,7677,7678,7679,7680,7681,7682,7683,7684,7685,7686,7687,7688,7689,7690,7691,7692,7693,7694,7695,7696,7697,7698,7699,7700,7701,7702,7703,7704,7705,7706,7707,7708,7709,7710,7711,7712,7713,7714,7715,7716,7717,7718,7719,7720,7721,7722,7723,7724,7725,7726,7727,7728,7729,7730,7731,7732,7733,7734,7735,7736,7737,7738,7739,7740,7741,7742,7743,7744,7745,7746,7747,7748,7749,7750,7751,7752,7753,7754,7755,7756,7757,7758,7759,7760,7761,7762,7763,7764,7765,7766,7767,7768,7769,7770,7771,7772,7773,7774,7775,7776,7777,7778,7779,7780,7781,7782,7783,7784,7785,7786,7787,7788,7789,7790,7791,7792,7793,7794,7795,7796,7797,7798,7799,7800,7801,7802,7803,7804,7805,7806,7807,7808,7809,7810,7811,7812,7813,7814,7815,7816,7817,7818,7819,7820,7821,7822,7823,7824,7825,7826,7827,7828,7829,7830,7831,7832,7833,7834,7835,7836,7837,7838,7839,7840,7841,7842,7843,7844,7845,7846,7847,7848,7849,7850,7851,7852,7853,7854,7855,7856,7857,7858,7859,7860,7861,7862,7863,7864,7865,7866,7867,7868,7869,7870,7871,7872,7873,7874,7875,7876,7877,7878,7879,7880,7881,7882,7883,7884,7885,7886,7887,7888,7889,7890,7891,7892,7893,7894,7895,7896,7897,7898,7899,7900,7901,7902,7903,7904,7905,7906,7907,7908,7909,7910,7911,7912,7913,7914,7915,7916,7917,7918,7919,7920,7921,7922,7923,7924,7925,7926,7927,7928,7929,7930,7931,7932,7933,7934,7935,7936,7937,7938,7939,7940,7941,7942,7943,7944,7945,7946,7947,7948,7949,7950,7951,7952,7953,7954,7955,7956,7957,7958,7959,7960,7961,7962,7963,7964,7965,7966,7967,7968,7969,7970,7971,7972,7973,7974,7975,7976,7977,7978,7979,7980,7981,7982,7983,7984,7985,7986,7987,7988,7989,7990,7991,7992,7993,7994,7995,7996,7997,7998,7999,8000,8001,8002,8003,8004,8005,8006,8007,8008,8009,8010,8011,8012,8013,8014,8015,8016,8017,8018,8019,8020,8021,8022,8023,8024,8025,8026,8027,8028,8029,8030,8031,8032,8033,8034,8035,8036,8037,8038,8039,8040,8041,8042,8043,8044,8045,8046,8047,8048,8049,8050,8051,8052,8053,8054,8055,8056,8057,8058,8059,8060,8061,8062,8063,8064,8065,8066,8067,8068,8069,8070,8071,8072,8073,8074,8075,8076,8077,8078,8079,8080,8081,8082,8083,8084,8085,8086,8087,8088,8089,8090,8091,8092,8093,8094,8095,8096,8097,8098,8099,8100,8101,8102,8103,8104,8105,8106,8107,8108,8109,8110,8111,8112,8113,8114,8115,8116,8117,8118,8119,8120,8121,8122,8123,8124,8125,8126,8127,8128,8129,8130,8131,8132,8133,8134,8135,8136,8137,8138,8139,8140,8141,8142,8143,8144,8145,8146,8147,8148,8149,8150,8151,8152,8153,8154,8155,8156,8157,8158,8159,8160,8161,8162,8163,8164,8165,8166,8167,8168,8169,8170,8171,8172,8173,8174,8175,8176,8177,8178,8179,8180,8181,8182,8183,8184,8185,8186,8187,8188,8189,8190,8191,8192,8193,8194,8195,8196,8197,8198,8199,8200,8201,8202,8203,8204,8205,8206,8207,8208,8209,8210,8211,8212,8213,8214,8215,8216,8217,8218,8219,8220,8221,8222,8223,8224,8225,8226,8227,8228,8229,8230,8231,8232,8233,8234,8235,8236,8237,8238,8239,8240,8241,8242,8243,8244,8245,8246,8247,8248,8249,8250,8251,8252,8253,8254,8255,8256,8257,8258,8259,8260,8261,8262,8263,8264,8265,8266,8267,8268,8269,8270,8271,8272,8273,8274,8275,8276,8277,8278,8279,8280,8281,8282,8283,8284,8285,8286,8287,8288,8289,8290,8291,8292,8293,8294,8295,8296,8297,8298,8299,8300,8301,8302,8303,8304,8305,8306,8307,8308,8309,8310,8311,8312,8313,8314,8315,8316,8317,8318,8319,8320,8321,8322,8323,8324,8325,8326,8327,8328,8329,8330,8331,8332,8333,8334,8335,8336,8337,8338,8339,8340,8341,8342,8343,8344,8345,8346,8347,8348,8349,8350,8351,8352,8353,8354,8355,8356,8357,8358,8359,8360,8361,8362,8363,8364,8365,8366,8367,8368,8369,8370,8371,8372,8373,8374,8375,8376,8377,8378,8379,8380,8381,8382,8383,8384,8385,8386,8387,8388,8389,8390,8391,8392,8393,8394,8395,8396,8397,8398,8399,8400,8401,8402,8403,8404,8405,8406,8407,8408,8409,8410,8411,8412,8413,8414,8415,8416,8417,8418,8419,8420,8421,8422,8423,8424,8425,8426,8427,8428,8429,8430,8431,8432,8433,8434,8435,8436,8437,8438,8439,8440,8441,8442,8443,8444,8445,8446,8447,8448,8449,8450,8451,8452,8453,8454,8455,8456,8457,8458,8459,8460,8461,8462,8463,8464,8465,8466,8467,8468,8469,8470,8471,8472,8473,8474,8475,8476,8477,8478,8479,8480,8481,8482,8483,8484,8485,8486,8487,8488,8489,8490,8491,8492,8493,8494,8495,8496,8497,8498,8499,8500,8501,8502,8503,8504,8505,8506,8507,8508,8509,8510,8511,8512,8513,8514,8515,8516,8517,8518,8519,8520,8521,8522,8523,8524,8525,8526,8527,8528,8529,8530,8531,8532,8533,8534,8535,8536,8537,8538,8539,8540,8541,8542,8543,8544,8545,8546,8547,8548,8549,8550,8551,8552,8553,8554,8555,8556,8557,8558,8559,8560,8561,8562,8563,8564,8565,8566,8567,8568,8569,8570,8571,8572,8573,8574,8575,8576,8577,8578,8579,8580,8581,8582,8583,8584,8585,8586,8587,8588,8589,8590,8591,8592,8593,8594,8595,8596,8597,8598,8599,8600,8601,8602,8603,8604,8605,8606,8607,8608,8609,8610,8611,8612,8613,8614,8615,8616,8617,8618,8619,8620,8621,8622,8623,8624,8625,8626,8627,8628,8629,8630,8631,8632,8633,8634,8635,8636,8637,8638,8639,8640,8641,8642,8643,8644,8645,8646,8647,8648,8649,8650,8651,8652,8653,8654,8655,8656,8657,8658,8659,8660,8661,8662,8663,8664,8665,8666,8667,8668,8669,8670,8671,8672,8673,8674,8675,8676,8677,8678,8679,8680,8681,8682,8683,8684,8685,8686,8687,8688,8689,8690,8691,8692,8693,8694,8695,8696,8697,8698,8699
0.6599999999999993,0.5299999999999994,0.16999999999999993,1.2800000000000002,1.089999999999999,-1.4300000000000006,-0.8300000000000001,1.4999999999999991,1.88,0.5499999999999998,0.6599999999999993,-0.5,0.33000000000000007,0.35999999999999943,-0.41000000000000014,1.7800000000000002,0.8999999999999995,0.3799999999999999,0.46999999999999975,1.1499999999999995,1.4899999999999993,-0.28000000000000025,0.13999999999999968,-0.3200000000000003,1.4799999999999995,0.2699999999999996,0.04999999999999982,0.71,0.33000000000000007,1.0799999999999992,0.7799999999999994,1.0599999999999996,0.22999999999999954,-0.47000000000000064,2.29,0.3199999999999994,1.4099999999999993,0.8499999999999996,0.919999999999999,-1.3500000000000005,1.1100000000000003,0.8700000000000001,-0.41999999999999993,-0.22000000000000064,0.5199999999999996,0.3199999999999994,0.21999999999999975,1.509999999999999,1.6599999999999993,1.38,0.8499999999999996,0.9999999999999991,0.0699999999999994,1.62,0.7799999999999994,0.5899999999999999,0.0,0.9400000000000004,0.46999999999999975,1.4899999999999993,-0.6500000000000004,0.4399999999999995,0.34999999999999964,-0.5,0.0699999999999994,0.27999999999999936,0.6399999999999997,-1.2600000000000007,1.13,-1.5500000000000007,0.79,0.6099999999999994,0.9099999999999993,1.1900000000000004,0.9299999999999988,1.8099999999999996,0.1200000000000001,0.5499999999999998,-0.54,0.5899999999999999,0.14999999999999947,-0.9000000000000004,2.259999999999999,0.15999999999999925,-0.5900000000000007,-0.8700000000000001,-1.3900000000000006,0.4899999999999993,0.35999999999999943,0.0,1.1100000000000003,0.919999999999999,-1.6000000000000005,-1.0,1.3299999999999992,1.71,0.3799999999999999,0.4899999999999993,-0.6699999999999999,0.16000000000000014,0.1899999999999995,-0.5800000000000001,1.6100000000000003,0.7299999999999995,0.20999999999999996,0.2999999999999998,0.9799999999999995,1.3199999999999994,-0.4500000000000002,-0.03000000000000025,-0.4900000000000002,1.3099999999999996,0.09999999999999964,-0.1200000000000001,0.54,0.16000000000000014,0.9099999999999993,0.6099999999999994,0.8899999999999997,0.05999999999999961,-0.6400000000000006,2.12,0.14999999999999947,1.2399999999999993,0.6799999999999997,0.7499999999999991,-1.5200000000000005,0.9400000000000004,0.7000000000000002,-0.5899999999999999,-0.39000000000000057,0.34999999999999964,0.14999999999999947,0.04999999999999982,1.339999999999999,1.4899999999999993,1.21,0.6799999999999997,0.8299999999999992,-0.10000000000000053,1.4500000000000002,0.6099999999999994,0.41999999999999993,-0.16999999999999993,0.7700000000000005,0.2999999999999998,1.3199999999999994,-0.8200000000000003,0.2699999999999996,0.17999999999999972,-0.6699999999999999,-0.10000000000000053,0.10999999999999943,0.46999999999999975,-1.4300000000000006,0.96,-1.7200000000000006,0.6200000000000001,0.4399999999999995,0.7399999999999993,1.0200000000000005,0.7599999999999989,1.6399999999999997,-0.04999999999999982,0.3799999999999999,-0.71,0.41999999999999993,-0.020000000000000462,-1.0700000000000003,2.089999999999999,-0.010000000000000675,-0.7600000000000007,-1.04,-1.5600000000000005,0.5399999999999991,0.40999999999999925,0.04999999999999982,1.1600000000000001,0.9699999999999989,-1.5500000000000007,-0.9500000000000002,1.379999999999999,1.7599999999999998,0.4299999999999997,0.5399999999999991,-0.6200000000000001,0.20999999999999996,0.23999999999999932,-0.5300000000000002,1.6600000000000001,0.7799999999999994,0.2599999999999998,0.34999999999999964,1.0299999999999994,1.3699999999999992,-0.40000000000000036,0.019999999999999574,-0.4400000000000004,1.3599999999999994,0.14999999999999947,-0.07000000000000028,0.5899999999999999,0.20999999999999996,0.9599999999999991,0.6599999999999993,0.9399999999999995,0.10999999999999943,-0.5900000000000007,2.17,0.1999999999999993,1.2899999999999991,0.7299999999999995,0.7999999999999989,-1.4700000000000006,0.9900000000000002,0.75,-0.54,-0.34000000000000075,0.39999999999999947,0.1999999999999993,0.09999999999999964,1.3899999999999988,1.5399999999999991,1.2599999999999998,0.7299999999999995,0.879999999999999,-0.05000000000000071,1.5,0.6599999999999993,0.46999999999999975,-0.1200000000000001,0.8200000000000003,0.34999999999999964,1.3699999999999992,-0.7700000000000005,0.3199999999999994,0.22999999999999954,-0.6200000000000001,-0.05000000000000071,0.15999999999999925,0.5199999999999996,-1.3800000000000008,1.0099999999999998,-1.6700000000000008,0.6699999999999999,0.4899999999999993,0.7899999999999991,1.0700000000000003,0.8099999999999987,1.6899999999999995,0.0,0.4299999999999997,-0.6600000000000001,0.46999999999999975,0.02999999999999936,-1.0200000000000005,2.139999999999999,0.03999999999999915,-0.7100000000000009,-0.9900000000000002,-1.5100000000000007,-0.010000000000000675,-0.14000000000000057,-0.5,0.6100000000000003,0.41999999999999904,-2.1000000000000005,-1.5,0.8299999999999992,1.21,-0.1200000000000001,-0.010000000000000675,-1.17,-0.33999999999999986,-0.3100000000000005,-1.08,1.1100000000000003,0.22999999999999954,-0.29000000000000004,-0.20000000000000018,0.47999999999999954,0.8199999999999994,-0.9500000000000002,-0.5300000000000002,-0.9900000000000002,0.8099999999999996,-0.40000000000000036,-0.6200000000000001,0.040000000000000036,-0.33999999999999986,0.40999999999999925,0.10999999999999943,0.3899999999999997,-0.4400000000000004,-1.1400000000000006,1.62,-0.35000000000000053,0.7399999999999993,0.17999999999999972,0.2499999999999991,-2.0200000000000005,0.4400000000000004,0.20000000000000018,-1.0899999999999999,-0.8900000000000006,-0.15000000000000036,-0.35000000000000053,-0.4500000000000002,0.839999999999999,0.9899999999999993,0.71,0.17999999999999972,0.3299999999999992,-0.6000000000000005,0.9500000000000002,0.10999999999999943,-0.08000000000000007,-0.6699999999999999,0.27000000000000046,-0.20000000000000018,0.8199999999999994,-1.3200000000000003,-0.23000000000000043,-0.3200000000000003,-1.17,-0.6000000000000005,-0.39000000000000057,-0.03000000000000025,-1.9300000000000006,0.45999999999999996,-2.2200000000000006,0.1200000000000001,-0.0600000000000005,0.23999999999999932,0.5200000000000005,0.2599999999999989,1.1399999999999997,-0.5499999999999998,-0.1200000000000001,-1.21,-0.08000000000000007,-0.5200000000000005,-1.5700000000000003,1.589999999999999,-0.5100000000000007,-1.2600000000000007,-1.54,-2.0600000000000005,0.3099999999999996,0.17999999999999972,-0.17999999999999972,0.9300000000000006,0.7399999999999993,-1.7800000000000002,-1.1799999999999997,1.1499999999999995,1.5300000000000002,0.20000000000000018,0.3099999999999996,-0.8499999999999996,-0.019999999999999574,0.009999999999999787,-0.7599999999999998,1.4300000000000006,0.5499999999999998,0.03000000000000025,0.1200000000000001,0.7999999999999998,1.1399999999999997,-0.6299999999999999,-0.20999999999999996,-0.6699999999999999,1.13,-0.08000000000000007,-0.2999999999999998,0.3600000000000003,-0.019999999999999574,0.7299999999999995,0.4299999999999997,0.71,-0.1200000000000001,-0.8200000000000003,1.9400000000000004,-0.03000000000000025,1.0599999999999996,0.5,0.5699999999999994,-1.7000000000000002,0.7600000000000007,0.5200000000000005,-0.7699999999999996,-0.5700000000000003,0.16999999999999993,-0.03000000000000025,-0.1299999999999999,1.1599999999999993,1.3099999999999996,1.0300000000000002,0.5,0.6499999999999995,-0.28000000000000025,1.2700000000000005,0.4299999999999997,0.2400000000000002,-0.34999999999999964,0.5900000000000007,0.1200000000000001,1.1399999999999997,-1.0,0.08999999999999986,0.0,-0.8499999999999996,-0.28000000000000025,-0.07000000000000028,0.29000000000000004,-1.6100000000000003,0.7800000000000002,-1.9000000000000004,0.4400000000000004,0.2599999999999998,0.5599999999999996,0.8400000000000007,0.5799999999999992,1.46,-0.22999999999999954,0.20000000000000018,-0.8899999999999997,0.2400000000000002,-0.20000000000000018,-1.25,1.9099999999999993,-0.1900000000000004,-0.9400000000000004,-1.2199999999999998,-1.7400000000000002,-0.47000000000000064,-0.6000000000000005,-0.96,0.15000000000000036,-0.040000000000000924,-2.5600000000000005,-1.96,0.3699999999999992,0.75,-0.5800000000000001,-0.47000000000000064,-1.63,-0.7999999999999998,-0.7700000000000005,-1.54,0.6500000000000004,-0.23000000000000043,-0.75,-0.6600000000000001,0.019999999999999574,0.35999999999999943,-1.4100000000000001,-0.9900000000000002,-1.4500000000000002,0.34999999999999964,-0.8600000000000003,-1.08,-0.41999999999999993,-0.7999999999999998,-0.05000000000000071,-0.35000000000000053,-0.07000000000000028,-0.9000000000000004,-1.6000000000000005,1.1600000000000001,-0.8100000000000005,0.27999999999999936,-0.28000000000000025,-0.21000000000000085,-2.4800000000000004,-0.019999999999999574,-0.2599999999999998,-1.5499999999999998,-1.3500000000000005,-0.6100000000000003,-0.8100000000000005,-0.9100000000000001,0.379999999999999,0.5299999999999994,0.25,-0.28000000000000025,-0.13000000000000078,-1.0600000000000005,0.4900000000000002,-0.35000000000000053,-0.54,-1.13,-0.1899999999999995,-0.6600000000000001,0.35999999999999943,-1.7800000000000002,-0.6900000000000004,-0.7800000000000002,-1.63,-1.0600000000000005,-0.8500000000000005,-0.4900000000000002,-2.3900000000000006,0.0,-2.6800000000000006,-0.33999999999999986,-0.5200000000000005,-0.22000000000000064,0.0600000000000005,-0.20000000000000107,0.6799999999999997,-1.0099999999999998,-0.5800000000000001,-1.67,-0.54,-0.9800000000000004,-2.0300000000000002,1.129999999999999,-0.9700000000000006,-1.7200000000000006,-2.0,-2.5200000000000005,1.67,1.54,1.1800000000000006,2.290000000000001,2.0999999999999996,-0.41999999999999993,0.1800000000000006,2.51,2.8900000000000006,1.5600000000000005,1.67,0.5100000000000007,1.3400000000000007,1.37,0.6000000000000005,2.790000000000001,1.9100000000000001,1.3900000000000006,1.4800000000000004,2.16,2.5,0.7300000000000004,1.1500000000000004,0.6900000000000004,2.49,1.2800000000000002,1.0600000000000005,1.7200000000000006,1.3400000000000007,2.09,1.79,2.0700000000000003,1.2400000000000002,0.54,3.3000000000000007,1.33,2.42,1.8600000000000003,1.9299999999999997,-0.33999999999999986,2.120000000000001,1.8800000000000008,0.5900000000000007,0.79,1.5300000000000002,1.33,1.2300000000000004,2.5199999999999996,2.67,2.3900000000000006,1.8600000000000003,2.01,1.08,2.630000000000001,1.79,1.6000000000000005,1.0100000000000007,1.950000000000001,1.4800000000000004,2.5,0.3600000000000003,1.4500000000000002,1.3600000000000003,0.5100000000000007,1.08,1.29,1.6500000000000004,-0.25,2.1400000000000006,-0.54,1.8000000000000007,1.62,1.92,2.200000000000001,1.9399999999999995,2.8200000000000003,1.1300000000000008,1.5600000000000005,0.47000000000000064,1.6000000000000005,1.1600000000000001,0.11000000000000032,3.2699999999999996,1.17,0.41999999999999993,0.14000000000000057,-0.3799999999999999,1.9499999999999993,1.8199999999999994,1.46,2.5700000000000003,2.379999999999999,-0.14000000000000057,0.45999999999999996,2.789999999999999,3.17,1.8399999999999999,1.9499999999999993,0.79,1.62,1.6499999999999995,0.8799999999999999,3.0700000000000003,2.1899999999999995,1.67,1.7599999999999998,2.4399999999999995,2.7799999999999994,1.0099999999999998,1.4299999999999997,0.9699999999999998,2.7699999999999996,1.5599999999999996,1.3399999999999999,2.0,1.62,2.369999999999999,2.0699999999999994,2.3499999999999996,1.5199999999999996,0.8199999999999994,3.58,1.6099999999999994,2.6999999999999993,2.1399999999999997,2.209999999999999,-0.0600000000000005,2.4000000000000004,2.16,0.8700000000000001,1.0699999999999994,1.8099999999999996,1.6099999999999994,1.5099999999999998,2.799999999999999,2.9499999999999993,2.67,2.1399999999999997,2.289999999999999,1.3599999999999994,2.91,2.0699999999999994,1.88,1.29,2.2300000000000004,1.7599999999999998,2.7799999999999994,0.6399999999999997,1.7299999999999995,1.6399999999999997,0.79,1.3599999999999994,1.5699999999999994,1.9299999999999997,0.02999999999999936,2.42,-0.2600000000000007,2.08,1.8999999999999995,2.1999999999999993,2.4800000000000004,2.219999999999999,3.0999999999999996,1.4100000000000001,1.8399999999999999,0.75,1.88,1.4399999999999995,0.3899999999999997,3.549999999999999,1.4499999999999993,0.6999999999999993,0.41999999999999993,-0.10000000000000053,-0.6300000000000008,-0.7600000000000007,-1.12,-0.009999999999999787,-0.20000000000000107,-2.7200000000000006,-2.12,0.20999999999999908,0.5899999999999999,-0.7400000000000002,-0.6300000000000008,-1.79,-0.96,-0.9300000000000006,-1.7000000000000002,0.4900000000000002,-0.39000000000000057,-0.9100000000000001,-0.8200000000000003,-0.14000000000000057,0.1999999999999993,-1.5700000000000003,-1.1500000000000004,-1.6100000000000003,0.1899999999999995,-1.0200000000000005,-1.2400000000000002,-0.5800000000000001,-0.96,-0.21000000000000085,-0.5100000000000007,-0.23000000000000043,-1.0600000000000005,-1.7600000000000007,1.0,-0.9700000000000006,0.11999999999999922,-0.4400000000000004,-0.370000000000001,-2.6400000000000006,-0.17999999999999972,-0.41999999999999993,-1.71,-1.5100000000000007,-0.7700000000000005,-0.9700000000000006,-1.0700000000000003,0.21999999999999886,0.3699999999999992,0.08999999999999986,-0.4400000000000004,-0.2900000000000009,-1.2200000000000006,0.33000000000000007,-0.5100000000000007,-0.7000000000000002,-1.29,-0.34999999999999964,-0.8200000000000003,0.1999999999999993,-1.9400000000000004,-0.8500000000000005,-0.9400000000000004,-1.79,-1.2200000000000006,-1.0100000000000007,-0.6500000000000004,-2.5500000000000007,-0.16000000000000014,-2.8400000000000007,-0.5,-0.6800000000000006,-0.3800000000000008,-0.09999999999999964,-0.3600000000000012,0.5199999999999996,-1.17,-0.7400000000000002,-1.83,-0.7000000000000002,-1.1400000000000006,-2.1900000000000004,0.9699999999999989,-1.1300000000000008,-1.8800000000000008,-2.16,-2.6800000000000006,1.3099999999999996,1.1799999999999997,0.8200000000000003,1.9300000000000006,1.7399999999999993,-0.7800000000000002,-0.17999999999999972,2.1499999999999995,2.5300000000000002,1.2000000000000002,1.3099999999999996,0.15000000000000036,0.9800000000000004,1.0099999999999998,0.2400000000000002,2.4300000000000006,1.5499999999999998,1.0300000000000002,1.12,1.7999999999999998,2.1399999999999997,0.3700000000000001,0.79,0.33000000000000007,2.13,0.9199999999999999,0.7000000000000002,1.3600000000000003,0.9800000000000004,1.7299999999999995,1.4299999999999997,1.71,0.8799999999999999,0.17999999999999972,2.9400000000000004,0.9699999999999998,2.0599999999999996,1.5,1.5699999999999994,-0.7000000000000002,1.7600000000000007,1.5200000000000005,0.23000000000000043,0.4299999999999997,1.17,0.9699999999999998,0.8700000000000001,2.1599999999999993,2.3099999999999996,2.0300000000000002,1.5,1.6499999999999995,0.7199999999999998,2.2700000000000005,1.4299999999999997,1.2400000000000002,0.6500000000000004,1.5900000000000007,1.12,2.1399999999999997,0.0,1.0899999999999999,1.0,0.15000000000000036,0.7199999999999998,0.9299999999999997,1.29,-0.6100000000000003,1.7800000000000002,-0.9000000000000004,1.4400000000000004,1.2599999999999998,1.5599999999999996,1.8400000000000007,1.5799999999999992,2.46,0.7700000000000005,1.2000000000000002,0.11000000000000032,1.2400000000000002,0.7999999999999998,-0.25,2.9099999999999993,0.8099999999999996,0.05999999999999961,-0.21999999999999975,-0.7400000000000002,0.5699999999999994,0.4399999999999995,0.08000000000000007,1.1900000000000004,0.9999999999999991,-1.5200000000000005,-0.9199999999999999,1.4099999999999993,1.79,0.45999999999999996,0.5699999999999994,-0.5899999999999999,0.2400000000000002,0.2699999999999996,-0.5,1.6900000000000004,0.8099999999999996,0.29000000000000004,0.3799999999999999,1.0599999999999996,1.3999999999999995,-0.3700000000000001,0.04999999999999982,-0.41000000000000014,1.3899999999999997,0.17999999999999972,-0.040000000000000036,0.6200000000000001,0.2400000000000002,0.9899999999999993,0.6899999999999995,0.9699999999999998,0.13999999999999968,-0.5600000000000005,2.2,0.22999999999999954,1.3199999999999994,0.7599999999999998,0.8299999999999992,-1.4400000000000004,1.0200000000000005,0.7800000000000002,-0.5099999999999998,-0.3100000000000005,0.4299999999999997,0.22999999999999954,0.1299999999999999,1.419999999999999,1.5699999999999994,1.29,0.7599999999999998,0.9099999999999993,-0.020000000000000462,1.5300000000000002,0.6899999999999995,0.5,-0.08999999999999986,0.8500000000000005,0.3799999999999999,1.3999999999999995,-0.7400000000000002,0.34999999999999964,0.2599999999999998,-0.5899999999999999,-0.020000000000000462,0.1899999999999995,0.5499999999999998,-1.3500000000000005,1.04,-1.6400000000000006,0.7000000000000002,0.5199999999999996,0.8199999999999994,1.1000000000000005,0.839999999999999,1.7199999999999998,0.03000000000000025,0.45999999999999996,-0.6299999999999999,0.5,0.05999999999999961,-0.9900000000000002,2.169999999999999,0.0699999999999994,-0.6800000000000006,-0.96,-1.4800000000000004,-1.0500000000000007,-1.1800000000000006,-1.54,-0.4299999999999997,-0.620000000000001,-3.1400000000000006,-2.54,-0.21000000000000085,0.16999999999999993,-1.1600000000000001,-1.0500000000000007,-2.21,-1.38,-1.3500000000000005,-2.12,0.07000000000000028,-0.8100000000000005,-1.33,-1.2400000000000002,-0.5600000000000005,-0.22000000000000064,-1.9900000000000002,-1.5700000000000003,-2.0300000000000002,-0.23000000000000043,-1.4400000000000004,-1.6600000000000001,-1.0,-1.38,-0.6300000000000008,-0.9300000000000006,-0.6500000000000004,-1.4800000000000004,-2.1800000000000006,0.5800000000000001,-1.3900000000000006,-0.3000000000000007,-0.8600000000000003,-0.7900000000000009,-3.0600000000000005,-0.5999999999999996,-0.8399999999999999,-2.13,-1.9300000000000006,-1.1900000000000004,-1.3900000000000006,-1.4900000000000002,-0.20000000000000107,-0.05000000000000071,-0.33000000000000007,-0.8600000000000003,-0.7100000000000009,-1.6400000000000006,-0.08999999999999986,-0.9300000000000006,-1.12,-1.71,-0.7699999999999996,-1.2400000000000002,-0.22000000000000064,-2.3600000000000003,-1.2700000000000005,-1.3600000000000003,-2.21,-1.6400000000000006,-1.4300000000000006,-1.0700000000000003,-2.9700000000000006,-0.5800000000000001,-3.2600000000000007,-0.9199999999999999,-1.1000000000000005,-0.8000000000000007,-0.5199999999999996,-0.7800000000000011,0.09999999999999964,-1.5899999999999999,-1.1600000000000001,-2.25,-1.12,-1.5600000000000005,-2.6100000000000003,0.5499999999999989,-1.5500000000000007,-2.3000000000000007,-2.58,-3.1000000000000005,0.46999999999999975,0.33999999999999986,-0.019999999999999574,1.0900000000000007,0.8999999999999995,-1.62,-1.0199999999999996,1.3099999999999996,1.6900000000000004,0.3600000000000003,0.46999999999999975,-0.6899999999999995,0.14000000000000057,0.16999999999999993,-0.5999999999999996,1.5900000000000007,0.71,0.1900000000000004,0.28000000000000025,0.96,1.2999999999999998,-0.46999999999999975,-0.04999999999999982,-0.5099999999999998,1.29,0.08000000000000007,-0.13999999999999968,0.5200000000000005,0.14000000000000057,0.8899999999999997,0.5899999999999999,0.8700000000000001,0.040000000000000036,-0.6600000000000001,2.1000000000000005,0.1299999999999999,1.2199999999999998,0.6600000000000001,0.7299999999999995,-1.54,0.9200000000000008,0.6800000000000006,-0.6099999999999994,-0.41000000000000014,0.33000000000000007,0.1299999999999999,0.03000000000000025,1.3199999999999994,1.4699999999999998,1.1900000000000004,0.6600000000000001,0.8099999999999996,-0.1200000000000001,1.4300000000000006,0.5899999999999999,0.40000000000000036,-0.1899999999999995,0.7500000000000009,0.28000000000000025,1.2999999999999998,-0.8399999999999999,0.25,0.16000000000000014,-0.6899999999999995,-0.1200000000000001,0.08999999999999986,0.4500000000000002,-1.4500000000000002,0.9400000000000004,-1.7400000000000002,0.6000000000000005,0.41999999999999993,0.7199999999999998,1.0000000000000009,0.7399999999999993,1.62,-0.0699999999999994,0.3600000000000003,-0.7299999999999995,0.40000000000000036,-0.040000000000000036,-1.0899999999999999,2.0699999999999994,-0.03000000000000025,-0.7800000000000002,-1.0599999999999996,-1.58,-1.1100000000000012,-1.240000000000001,-1.6000000000000005,-0.4900000000000002,-0.6800000000000015,-3.200000000000001,-2.6000000000000005,-0.27000000000000135,0.10999999999999943,-1.2200000000000006,-1.1100000000000012,-2.2700000000000005,-1.4400000000000004,-1.410000000000001,-2.1800000000000006,0.009999999999999787,-0.870000000000001,-1.3900000000000006,-1.3000000000000007,-0.620000000000001,-0.28000000000000114,-2.0500000000000007,-1.6300000000000008,-2.0900000000000007,-0.2900000000000009,-1.5000000000000009,-1.7200000000000006,-1.0600000000000005,-1.4400000000000004,-0.6900000000000013,-0.9900000000000011,-0.7100000000000009,-1.540000000000001,-2.240000000000001,0.5199999999999996,-1.450000000000001,-0.3600000000000012,-0.9200000000000008,-0.8500000000000014,-3.120000000000001,-0.6600000000000001,-0.9000000000000004,-2.1900000000000004,-1.990000000000001,-1.2500000000000009,-1.450000000000001,-1.5500000000000007,-0.26000000000000156,-0.11000000000000121,-0.39000000000000057,-0.9200000000000008,-0.7700000000000014,-1.700000000000001,-0.15000000000000036,-0.9900000000000011,-1.1800000000000006,-1.7700000000000005,-0.8300000000000001,-1.3000000000000007,-0.28000000000000114,-2.420000000000001,-1.330000000000001,-1.4200000000000008,-2.2700000000000005,-1.700000000000001,-1.490000000000001,-1.1300000000000008,-3.030000000000001,-0.6400000000000006,-3.320000000000001,-0.9800000000000004,-1.160000000000001,-0.8600000000000012,-0.5800000000000001,-0.8400000000000016,0.03999999999999915,-1.6500000000000004,-1.2200000000000006,-2.3100000000000005,-1.1800000000000006,-1.620000000000001,-2.670000000000001,0.48999999999999844,-1.6100000000000012,-2.360000000000001,-2.6400000000000006,-3.160000000000001,-0.9299999999999997,-1.0599999999999996,-1.419999999999999,-0.3099999999999987,-0.5,-3.0199999999999996,-2.419999999999999,-0.08999999999999986,0.2900000000000009,-1.0399999999999991,-0.9299999999999997,-2.089999999999999,-1.259999999999999,-1.2299999999999995,-1.9999999999999991,0.19000000000000128,-0.6899999999999995,-1.209999999999999,-1.1199999999999992,-0.4399999999999995,-0.09999999999999964,-1.8699999999999992,-1.4499999999999993,-1.9099999999999993,-0.10999999999999943,-1.3199999999999994,-1.5399999999999991,-0.879999999999999,-1.259999999999999,-0.5099999999999998,-0.8099999999999996,-0.5299999999999994,-1.3599999999999994,-2.0599999999999996,0.7000000000000011,-1.2699999999999996,-0.17999999999999972,-0.7399999999999993,-0.6699999999999999,-2.9399999999999995,-0.47999999999999865,-0.7199999999999989,-2.009999999999999,-1.8099999999999996,-1.0699999999999994,-1.2699999999999996,-1.3699999999999992,-0.08000000000000007,0.07000000000000028,-0.20999999999999908,-0.7399999999999993,-0.5899999999999999,-1.5199999999999996,0.030000000000001137,-0.8099999999999996,-0.9999999999999991,-1.589999999999999,-0.6499999999999986,-1.1199999999999992,-0.09999999999999964,-2.2399999999999993,-1.1499999999999995,-1.2399999999999993,-2.089999999999999,-1.5199999999999996,-1.3099999999999996,-0.9499999999999993,-2.8499999999999996,-0.4599999999999991,-3.1399999999999997,-0.7999999999999989,-0.9799999999999995,-0.6799999999999997,-0.3999999999999986,-0.6600000000000001,0.22000000000000064,-1.4699999999999989,-1.0399999999999991,-2.129999999999999,-0.9999999999999991,-1.4399999999999995,-2.4899999999999993,0.6699999999999999,-1.4299999999999997,-2.1799999999999997,-2.459999999999999,-2.9799999999999995,-1.3200000000000003,-1.4500000000000002,-1.8099999999999996,-0.6999999999999993,-0.8900000000000006,-3.41,-2.8099999999999996,-0.4800000000000004,-0.09999999999999964,-1.4299999999999997,-1.3200000000000003,-2.4799999999999995,-1.6499999999999995,-1.62,-2.3899999999999997,-0.1999999999999993,-1.08,-1.5999999999999996,-1.5099999999999998,-0.8300000000000001,-0.4900000000000002,-2.26,-1.8399999999999999,-2.3,-0.5,-1.71,-1.9299999999999997,-1.2699999999999996,-1.6499999999999995,-0.9000000000000004,-1.2000000000000002,-0.9199999999999999,-1.75,-2.45,0.3100000000000005,-1.6600000000000001,-0.5700000000000003,-1.13,-1.0600000000000005,-3.33,-0.8699999999999992,-1.1099999999999994,-2.3999999999999995,-2.2,-1.46,-1.6600000000000001,-1.7599999999999998,-0.47000000000000064,-0.3200000000000003,-0.5999999999999996,-1.13,-0.9800000000000004,-1.9100000000000001,-0.35999999999999943,-1.2000000000000002,-1.3899999999999997,-1.9799999999999995,-1.0399999999999991,-1.5099999999999998,-0.4900000000000002,-2.63,-1.54,-1.63,-2.4799999999999995,-1.9100000000000001,-1.7000000000000002,-1.3399999999999999,-3.24,-0.8499999999999996,-3.5300000000000002,-1.1899999999999995,-1.37,-1.0700000000000003,-0.7899999999999991,-1.0500000000000007,-0.16999999999999993,-1.8599999999999994,-1.4299999999999997,-2.5199999999999996,-1.3899999999999997,-1.83,-2.88,0.27999999999999936,-1.8200000000000003,-2.5700000000000003,-2.8499999999999996,-3.37,-0.2599999999999998,-0.3899999999999997,-0.7499999999999991,0.3600000000000012,0.16999999999999993,-2.3499999999999996,-1.7499999999999991,0.5800000000000001,0.9600000000000009,-0.3699999999999992,-0.2599999999999998,-1.419999999999999,-0.589999999999999,-0.5599999999999996,-1.3299999999999992,0.8600000000000012,-0.019999999999999574,-0.5399999999999991,-0.4499999999999993,0.23000000000000043,0.5700000000000003,-1.1999999999999993,-0.7799999999999994,-1.2399999999999993,0.5600000000000005,-0.6499999999999995,-0.8699999999999992,-0.20999999999999908,-0.589999999999999,0.16000000000000014,-0.13999999999999968,0.14000000000000057,-0.6899999999999995,-1.3899999999999997,1.370000000000001,-0.5999999999999996,0.4900000000000002,-0.0699999999999994,0.0,-2.2699999999999996,0.19000000000000128,-0.049999999999998934,-1.339999999999999,-1.1399999999999997,-0.39999999999999947,-0.5999999999999996,-0.6999999999999993,0.5899999999999999,0.7400000000000002,0.46000000000000085,-0.0699999999999994,0.08000000000000007,-0.8499999999999996,0.7000000000000011,-0.13999999999999968,-0.3299999999999992,-0.919999999999999,0.02000000000000135,-0.4499999999999993,0.5700000000000003,-1.5699999999999994,-0.47999999999999954,-0.5699999999999994,-1.419999999999999,-0.8499999999999996,-0.6399999999999997,-0.27999999999999936,-2.1799999999999997,0.21000000000000085,-2.4699999999999998,-0.129999999999999,-0.3099999999999996,-0.009999999999999787,0.27000000000000135,0.009999999999999787,0.8900000000000006,-0.7999999999999989,-0.3699999999999992,-1.459999999999999,-0.3299999999999992,-0.7699999999999996,-1.8199999999999994,1.3399999999999999,-0.7599999999999998,-1.5099999999999998,-1.7899999999999991,-2.3099999999999996,0.4899999999999993,0.35999999999999943,0.0,1.1100000000000003,0.919999999999999,-1.6000000000000005,-1.0,1.3299999999999992,1.71,0.3799999999999999,0.4899999999999993,-0.6699999999999999,0.16000000000000014,0.1899999999999995,-0.5800000000000001,1.6100000000000003,0.7299999999999995,0.20999999999999996,0.2999999999999998,0.9799999999999995,1.3199999999999994,-0.4500000000000002,-0.03000000000000025,-0.4900000000000002,1.3099999999999996,0.09999999999999964,-0.1200000000000001,0.54,0.16000000000000014,0.9099999999999993,0.6099999999999994,0.8899999999999997,0.05999999999999961,-0.6400000000000006,2.12,0.14999999999999947,1.2399999999999993,0.6799999999999997,0.7499999999999991,-1.5200000000000005,0.9400000000000004,0.7000000000000002,-0.5899999999999999,-0.39000000000000057,0.34999999999999964,0.14999999999999947,0.04999999999999982,1.339999999999999,1.4899999999999993,1.21,0.6799999999999997,0.8299999999999992,-0.10000000000000053,1.4500000000000002,0.6099999999999994,0.41999999999999993,-0.16999999999999993,0.7700000000000005,0.2999999999999998,1.3199999999999994,-0.8200000000000003,0.2699999999999996,0.17999999999999972,-0.6699999999999999,-0.10000000000000053,0.10999999999999943,0.46999999999999975,-1.4300000000000006,0.96,-1.7200000000000006,0.6200000000000001,0.4399999999999995,0.7399999999999993,1.0200000000000005,0.7599999999999989,1.6399999999999997,-0.04999999999999982,0.3799999999999999,-0.71,0.41999999999999993,-0.020000000000000462,-1.0700000000000003,2.089999999999999,-0.010000000000000675,-0.7600000000000007,-1.04,-1.5600000000000005,-0.39000000000000057,-0.5200000000000005,-0.8799999999999999,0.23000000000000043,0.03999999999999915,-2.4800000000000004,-1.88,0.4499999999999993,0.8300000000000001,-0.5,-0.39000000000000057,-1.5499999999999998,-0.7199999999999998,-0.6900000000000004,-1.46,0.7300000000000004,-0.15000000000000036,-0.6699999999999999,-0.5800000000000001,0.09999999999999964,0.4399999999999995,-1.33,-0.9100000000000001,-1.37,0.4299999999999997,-0.7800000000000002,-1.0,-0.33999999999999986,-0.7199999999999998,0.02999999999999936,-0.27000000000000046,0.009999999999999787,-0.8200000000000003,-1.5200000000000005,1.2400000000000002,-0.7300000000000004,0.35999999999999943,-0.20000000000000018,-0.13000000000000078,-2.4000000000000004,0.0600000000000005,-0.17999999999999972,-1.4699999999999998,-1.2700000000000005,-0.5300000000000002,-0.7300000000000004,-0.8300000000000001,0.4599999999999991,0.6099999999999994,0.33000000000000007,-0.20000000000000018,-0.05000000000000071,-0.9800000000000004,0.5700000000000003,-0.27000000000000046,-0.45999999999999996,-1.0499999999999998,-0.10999999999999943,-0.5800000000000001,0.4399999999999995,-1.7000000000000002,-0.6100000000000003,-0.7000000000000002,-1.5499999999999998,-0.9800000000000004,-0.7700000000000005,-0.41000000000000014,-2.3100000000000005,0.08000000000000007,-2.6000000000000005,-0.2599999999999998,-0.4400000000000004,-0.14000000000000057,0.14000000000000057,-0.120000000000001,0.7599999999999998,-0.9299999999999997,-0.5,-1.5899999999999999,-0.45999999999999996,-0.9000000000000004,-1.9500000000000002,1.209999999999999,-0.8900000000000006,-1.6400000000000006,-1.92,-2.4400000000000004,-0.870000000000001,-1.0000000000000009,-1.3600000000000003,-0.25,-0.4400000000000013,-2.960000000000001,-2.3600000000000003,-0.030000000000001137,0.34999999999999964,-0.9800000000000004,-0.870000000000001,-2.0300000000000002,-1.2000000000000002,-1.1700000000000008,-1.9400000000000004,0.25,-0.6300000000000008,-1.1500000000000004,-1.0600000000000005,-0.3800000000000008,-0.040000000000000924,-1.8100000000000005,-1.3900000000000006,-1.8500000000000005,-0.05000000000000071,-1.2600000000000007,-1.4800000000000004,-0.8200000000000003,-1.2000000000000002,-0.45000000000000107,-0.7500000000000009,-0.47000000000000064,-1.3000000000000007,-2.000000000000001,0.7599999999999998,-1.2100000000000009,-0.120000000000001,-0.6800000000000006,-0.6100000000000012,-2.880000000000001,-0.41999999999999993,-0.6600000000000001,-1.9500000000000002,-1.7500000000000009,-1.0100000000000007,-1.2100000000000009,-1.3100000000000005,-0.02000000000000135,0.129999999999999,-0.15000000000000036,-0.6800000000000006,-0.5300000000000011,-1.4600000000000009,0.08999999999999986,-0.7500000000000009,-0.9400000000000004,-1.5300000000000002,-0.5899999999999999,-1.0600000000000005,-0.040000000000000924,-2.1800000000000006,-1.0900000000000007,-1.1800000000000006,-2.0300000000000002,-1.4600000000000009,-1.2500000000000009,-0.8900000000000006,-2.790000000000001,-0.40000000000000036,-3.080000000000001,-0.7400000000000002,-0.9200000000000008,-0.620000000000001,-0.33999999999999986,-0.6000000000000014,0.27999999999999936,-1.4100000000000001,-0.9800000000000004,-2.0700000000000003,-0.9400000000000004,-1.3800000000000008,-2.4300000000000006,0.7299999999999986,-1.370000000000001,-2.120000000000001,-2.4000000000000004,-2.920000000000001,0.4499999999999993,0.3199999999999994,-0.040000000000000036,1.0700000000000003,0.879999999999999,-1.6400000000000006,-1.04,1.2899999999999991,1.67,0.33999999999999986,0.4499999999999993,-0.71,0.1200000000000001,0.14999999999999947,-0.6200000000000001,1.5700000000000003,0.6899999999999995,0.16999999999999993,0.2599999999999998,0.9399999999999995,1.2799999999999994,-0.4900000000000002,-0.07000000000000028,-0.5300000000000002,1.2699999999999996,0.05999999999999961,-0.16000000000000014,0.5,0.1200000000000001,0.8699999999999992,0.5699999999999994,0.8499999999999996,0.019999999999999574,-0.6800000000000006,2.08,0.10999999999999943,1.1999999999999993,0.6399999999999997,0.7099999999999991,-1.5600000000000005,0.9000000000000004,0.6600000000000001,-0.6299999999999999,-0.4300000000000006,0.3099999999999996,0.10999999999999943,0.009999999999999787,1.299999999999999,1.4499999999999993,1.17,0.6399999999999997,0.7899999999999991,-0.14000000000000057,1.4100000000000001,0.5699999999999994,0.3799999999999999,-0.20999999999999996,0.7300000000000004,0.2599999999999998,1.2799999999999994,-0.8600000000000003,0.22999999999999954,0.13999999999999968,-0.71,-0.14000000000000057,0.0699999999999994,0.4299999999999997,-1.4700000000000006,0.9199999999999999,-1.7600000000000007,0.5800000000000001,0.39999999999999947,0.6999999999999993,0.9800000000000004,0.7199999999999989,1.5999999999999996,-0.08999999999999986,0.33999999999999986,-0.75,0.3799999999999999,-0.0600000000000005,-1.1100000000000003,2.049999999999999,-0.05000000000000071,-0.8000000000000007,-1.08,-1.6000000000000005,-1.1500000000000004,-1.2800000000000002,-1.6399999999999997,-0.5299999999999994,-0.7200000000000006,-3.24,-2.6399999999999997,-0.3100000000000005,0.07000000000000028,-1.2599999999999998,-1.1500000000000004,-2.3099999999999996,-1.4799999999999995,-1.4500000000000002,-2.2199999999999998,-0.02999999999999936,-0.9100000000000001,-1.4299999999999997,-1.3399999999999999,-0.6600000000000001,-0.3200000000000003,-2.09,-1.67,-2.13,-0.33000000000000007,-1.54,-1.7599999999999998,-1.0999999999999996,-1.4799999999999995,-0.7300000000000004,-1.0300000000000002,-0.75,-1.58,-2.2800000000000002,0.4800000000000004,-1.4900000000000002,-0.40000000000000036,-0.96,-0.8900000000000006,-3.16,-0.6999999999999993,-0.9399999999999995,-2.2299999999999995,-2.0300000000000002,-1.29,-1.4900000000000002,-1.5899999999999999,-0.3000000000000007,-0.15000000000000036,-0.4299999999999997,-0.96,-0.8100000000000005,-1.7400000000000002,-0.1899999999999995,-1.0300000000000002,-1.2199999999999998,-1.8099999999999996,-0.8699999999999992,-1.3399999999999999,-0.3200000000000003,-2.46,-1.37,-1.46,-2.3099999999999996,-1.7400000000000002,-1.5300000000000002,-1.17,-3.0700000000000003,-0.6799999999999997,-3.3600000000000003,-1.0199999999999996,-1.2000000000000002,-0.9000000000000004,-0.6199999999999992,-0.8800000000000008,0.0,-1.6899999999999995,-1.2599999999999998,-2.3499999999999996,-1.2199999999999998,-1.6600000000000001,-2.71,0.4499999999999993,-1.6500000000000004,-2.4000000000000004,-2.6799999999999997,-3.2,0.8099999999999996,0.6799999999999997,0.3200000000000003,1.4300000000000006,1.2399999999999993,-1.2800000000000002,-0.6799999999999997,1.6499999999999995,2.0300000000000002,0.7000000000000002,0.8099999999999996,-0.34999999999999964,0.4800000000000004,0.5099999999999998,-0.2599999999999998,1.9300000000000006,1.0499999999999998,0.5300000000000002,0.6200000000000001,1.2999999999999998,1.6399999999999997,-0.1299999999999999,0.29000000000000004,-0.16999999999999993,1.63,0.41999999999999993,0.20000000000000018,0.8600000000000003,0.4800000000000004,1.2299999999999995,0.9299999999999997,1.21,0.3799999999999999,-0.3200000000000003,2.4400000000000004,0.46999999999999975,1.5599999999999996,1.0,1.0699999999999994,-1.2000000000000002,1.2600000000000007,1.0200000000000005,-0.2699999999999996,-0.07000000000000028,0.6699999999999999,0.46999999999999975,0.3700000000000001,1.6599999999999993,1.8099999999999996,1.5300000000000002,1.0,1.1499999999999995,0.21999999999999975,1.7700000000000005,0.9299999999999997,0.7400000000000002,0.15000000000000036,1.0900000000000007,0.6200000000000001,1.6399999999999997,-0.5,0.5899999999999999,0.5,-0.34999999999999964,0.21999999999999975,0.4299999999999997,0.79,-1.1100000000000003,1.2800000000000002,-1.4000000000000004,0.9400000000000004,0.7599999999999998,1.0599999999999996,1.3400000000000007,1.0799999999999992,1.96,0.27000000000000046,0.7000000000000002,-0.3899999999999997,0.7400000000000002,0.2999999999999998,-0.75,2.4099999999999993,0.3099999999999996,-0.4400000000000004,-0.7199999999999998,-1.2400000000000002,-1.17,-1.2999999999999998,-1.6599999999999993,-0.5499999999999989,-0.7400000000000002,-3.26,-2.6599999999999993,-0.33000000000000007,0.05000000000000071,-1.2799999999999994,-1.17,-2.329999999999999,-1.4999999999999991,-1.4699999999999998,-2.2399999999999993,-0.049999999999998934,-0.9299999999999997,-1.4499999999999993,-1.3599999999999994,-0.6799999999999997,-0.33999999999999986,-2.1099999999999994,-1.6899999999999995,-2.1499999999999995,-0.34999999999999964,-1.5599999999999996,-1.7799999999999994,-1.1199999999999992,-1.4999999999999991,-0.75,-1.0499999999999998,-0.7699999999999996,-1.5999999999999996,-2.3,0.46000000000000085,-1.5099999999999998,-0.41999999999999993,-0.9799999999999995,-0.9100000000000001,-3.1799999999999997,-0.7199999999999989,-0.9599999999999991,-2.249999999999999,-2.05,-1.3099999999999996,-1.5099999999999998,-1.6099999999999994,-0.3200000000000003,-0.16999999999999993,-0.4499999999999993,-0.9799999999999995,-0.8300000000000001,-1.7599999999999998,-0.20999999999999908,-1.0499999999999998,-1.2399999999999993,-1.8299999999999992,-0.8899999999999988,-1.3599999999999994,-0.33999999999999986,-2.4799999999999995,-1.3899999999999997,-1.4799999999999995,-2.329999999999999,-1.7599999999999998,-1.5499999999999998,-1.1899999999999995,-3.09,-0.6999999999999993,-3.38,-1.0399999999999991,-1.2199999999999998,-0.9199999999999999,-0.6399999999999988,-0.9000000000000004,-0.019999999999999574,-1.709999999999999,-1.2799999999999994,-2.369999999999999,-1.2399999999999993,-1.6799999999999997,-2.7299999999999995,0.4299999999999997,-1.67,-2.42,-2.6999999999999993,-3.2199999999999998,-1.2800000000000011,-1.410000000000001,-1.7700000000000005,-0.6600000000000001,-0.8500000000000014,-3.370000000000001,-2.7700000000000005,-0.4400000000000013,-0.0600000000000005,-1.3900000000000006,-1.2800000000000011,-2.4400000000000004,-1.6100000000000003,-1.580000000000001,-2.3500000000000005,-0.16000000000000014,-1.040000000000001,-1.5600000000000005,-1.4700000000000006,-0.7900000000000009,-0.45000000000000107,-2.2200000000000006,-1.8000000000000007,-2.2600000000000007,-0.46000000000000085,-1.6700000000000008,-1.8900000000000006,-1.2300000000000004,-1.6100000000000003,-0.8600000000000012,-1.160000000000001,-0.8800000000000008,-1.7100000000000009,-2.410000000000001,0.34999999999999964,-1.620000000000001,-0.5300000000000011,-1.0900000000000007,-1.0200000000000014,-3.290000000000001,-0.8300000000000001,-1.0700000000000003,-2.3600000000000003,-2.160000000000001,-1.4200000000000008,-1.620000000000001,-1.7200000000000006,-0.4300000000000015,-0.28000000000000114,-0.5600000000000005,-1.0900000000000007,-0.9400000000000013,-1.870000000000001,-0.3200000000000003,-1.160000000000001,-1.3500000000000005,-1.9400000000000004,-1.0,-1.4700000000000006,-0.45000000000000107,-2.5900000000000007,-1.5000000000000009,-1.5900000000000007,-2.4400000000000004,-1.870000000000001,-1.660000000000001,-1.3000000000000007,-3.200000000000001,-0.8100000000000005,-3.490000000000001,-1.1500000000000004,-1.330000000000001,-1.0300000000000011,-0.75,-1.0100000000000016,-0.13000000000000078,-1.8200000000000003,-1.3900000000000006,-2.4800000000000004,-1.3500000000000005,-1.790000000000001,-2.8400000000000007,0.3199999999999985,-1.7800000000000011,-2.530000000000001,-2.8100000000000005,-3.330000000000001,0.8999999999999995,0.7699999999999996,0.41000000000000014,1.5200000000000005,1.3299999999999992,-1.1900000000000004,-0.5899999999999999,1.7399999999999993,2.12,0.79,0.8999999999999995,-0.2599999999999998,0.5700000000000003,0.5999999999999996,-0.16999999999999993,2.0200000000000005,1.1399999999999997,0.6200000000000001,0.71,1.3899999999999997,1.7299999999999995,-0.040000000000000036,0.3799999999999999,-0.08000000000000007,1.7199999999999998,0.5099999999999998,0.29000000000000004,0.9500000000000002,0.5700000000000003,1.3199999999999994,1.0199999999999996,1.2999999999999998,0.46999999999999975,-0.23000000000000043,2.5300000000000002,0.5599999999999996,1.6499999999999995,1.0899999999999999,1.1599999999999993,-1.1100000000000003,1.3500000000000005,1.1100000000000003,-0.17999999999999972,0.019999999999999574,0.7599999999999998,0.5599999999999996,0.45999999999999996,1.7499999999999991,1.8999999999999995,1.62,1.0899999999999999,1.2399999999999993,0.3099999999999996,1.8600000000000003,1.0199999999999996,0.8300000000000001,0.2400000000000002,1.1800000000000006,0.71,1.7299999999999995,-0.41000000000000014,0.6799999999999997,0.5899999999999999,-0.2599999999999998,0.3099999999999996,0.5199999999999996,0.8799999999999999,-1.0200000000000005,1.37,-1.3100000000000005,1.0300000000000002,0.8499999999999996,1.1499999999999995,1.4300000000000006,1.169999999999999,2.05,0.3600000000000003,0.79,-0.2999999999999998,0.8300000000000001,0.3899999999999997,-0.6600000000000001,2.499999999999999,0.39999999999999947,-0.35000000000000053,-0.6299999999999999,-1.1500000000000004,-1.6900000000000013,-1.8200000000000012,-2.1800000000000006,-1.0700000000000003,-1.2600000000000016,-3.780000000000001,-3.1800000000000006,-0.8500000000000014,-0.47000000000000064,-1.8000000000000007,-1.6900000000000013,-2.8500000000000005,-2.0200000000000005,-1.990000000000001,-2.7600000000000007,-0.5700000000000003,-1.450000000000001,-1.9700000000000006,-1.8800000000000008,-1.200000000000001,-0.8600000000000012,-2.630000000000001,-2.210000000000001,-2.670000000000001,-0.870000000000001,-2.080000000000001,-2.3000000000000007,-1.6400000000000006,-2.0200000000000005,-1.2700000000000014,-1.5700000000000012,-1.290000000000001,-2.120000000000001,-2.820000000000001,-0.0600000000000005,-2.030000000000001,-0.9400000000000013,-1.5000000000000009,-1.4300000000000015,-3.700000000000001,-1.2400000000000002,-1.4800000000000004,-2.7700000000000005,-2.570000000000001,-1.830000000000001,-2.030000000000001,-2.130000000000001,-0.8400000000000016,-0.6900000000000013,-0.9700000000000006,-1.5000000000000009,-1.3500000000000014,-2.280000000000001,-0.7300000000000004,-1.5700000000000012,-1.7600000000000007,-2.3500000000000005,-1.4100000000000001,-1.8800000000000008,-0.8600000000000012,-3.000000000000001,-1.910000000000001,-2.000000000000001,-2.8500000000000005,-2.280000000000001,-2.070000000000001,-1.7100000000000009,-3.610000000000001,-1.2200000000000006,-3.9000000000000012,-1.5600000000000005,-1.740000000000001,-1.4400000000000013,-1.1600000000000001,-1.4200000000000017,-0.5400000000000009,-2.2300000000000004,-1.8000000000000007,-2.8900000000000006,-1.7600000000000007,-2.200000000000001,-3.250000000000001,-0.09000000000000163,-2.1900000000000013,-2.9400000000000013,-3.2200000000000006,-3.740000000000001,-1.6100000000000012,-1.740000000000001,-2.1000000000000005,-0.9900000000000002,-1.1800000000000015,-3.700000000000001,-3.1000000000000005,-0.7700000000000014,-0.39000000000000057,-1.7200000000000006,-1.6100000000000012,-2.7700000000000005,-1.9400000000000004,-1.910000000000001,-2.6800000000000006,-0.4900000000000002,-1.370000000000001,-1.8900000000000006,-1.8000000000000007,-1.120000000000001,-0.7800000000000011,-2.5500000000000007,-2.130000000000001,-2.5900000000000007,-0.7900000000000009,-2.000000000000001,-2.2200000000000006,-1.5600000000000005,-1.9400000000000004,-1.1900000000000013,-1.490000000000001,-1.2100000000000009,-2.040000000000001,-2.740000000000001,0.019999999999999574,-1.950000000000001,-0.8600000000000012,-1.4200000000000008,-1.3500000000000014,-3.620000000000001,-1.1600000000000001,-1.4000000000000004,-2.6900000000000004,-2.490000000000001,-1.7500000000000009,-1.950000000000001,-2.0500000000000007,-0.7600000000000016,-0.6100000000000012,-0.8900000000000006,-1.4200000000000008,-1.2700000000000014,-2.200000000000001,-0.6500000000000004,-1.490000000000001,-1.6800000000000006,-2.2700000000000005,-1.33,-1.8000000000000007,-0.7800000000000011,-2.920000000000001,-1.830000000000001,-1.9200000000000008,-2.7700000000000005,-2.200000000000001,-1.990000000000001,-1.6300000000000008,-3.530000000000001,-1.1400000000000006,-3.820000000000001,-1.4800000000000004,-1.660000000000001,-1.3600000000000012,-1.08,-1.3400000000000016,-0.46000000000000085,-2.1500000000000004,-1.7200000000000006,-2.8100000000000005,-1.6800000000000006,-2.120000000000001,-3.170000000000001,-0.010000000000001563,-2.110000000000001,-2.860000000000001,-3.1400000000000006,-3.660000000000001,-1.120000000000001,-1.2500000000000009,-1.6100000000000003,-0.5,-0.6900000000000013,-3.210000000000001,-2.6100000000000003,-0.28000000000000114,0.09999999999999964,-1.2300000000000004,-1.120000000000001,-2.2800000000000002,-1.4500000000000002,-1.4200000000000008,-2.1900000000000004,0.0,-0.8800000000000008,-1.4000000000000004,-1.3100000000000005,-0.6300000000000008,-0.2900000000000009,-2.0600000000000005,-1.6400000000000006,-2.1000000000000005,-0.3000000000000007,-1.5100000000000007,-1.7300000000000004,-1.0700000000000003,-1.4500000000000002,-0.7000000000000011,-1.0000000000000009,-0.7200000000000006,-1.5500000000000007,-2.250000000000001,0.5099999999999998,-1.4600000000000009,-0.370000000000001,-0.9300000000000006,-0.8600000000000012,-3.130000000000001,-0.6699999999999999,-0.9100000000000001,-2.2,-2.000000000000001,-1.2600000000000007,-1.4600000000000009,-1.5600000000000005,-0.27000000000000135,-0.120000000000001,-0.40000000000000036,-0.9300000000000006,-0.7800000000000011,-1.7100000000000009,-0.16000000000000014,-1.0000000000000009,-1.1900000000000004,-1.7800000000000002,-0.8399999999999999,-1.3100000000000005,-0.2900000000000009,-2.4300000000000006,-1.3400000000000007,-1.4300000000000006,-2.2800000000000002,-1.7100000000000009,-1.5000000000000009,-1.1400000000000006,-3.040000000000001,-0.6500000000000004,-3.330000000000001,-0.9900000000000002,-1.1700000000000008,-0.870000000000001,-0.5899999999999999,-0.8500000000000014,0.02999999999999936,-1.6600000000000001,-1.2300000000000004,-2.3200000000000003,-1.1900000000000004,-1.6300000000000008,-2.6800000000000006,0.47999999999999865,-1.620000000000001,-2.370000000000001,-2.6500000000000004,-3.170000000000001,-0.7800000000000011,-0.910000000000001,-1.2700000000000005,-0.16000000000000014,-0.3500000000000014,-2.870000000000001,-2.2700000000000005,0.05999999999999872,0.4399999999999995,-0.8900000000000006,-0.7800000000000011,-1.9400000000000004,-1.1100000000000003,-1.080000000000001,-1.8500000000000005,0.33999999999999986,-0.5400000000000009,-1.0600000000000005,-0.9700000000000006,-0.2900000000000009,0.049999999999998934,-1.7200000000000006,-1.3000000000000007,-1.7600000000000007,0.03999999999999915,-1.1700000000000008,-1.3900000000000006,-0.7300000000000004,-1.1100000000000003,-0.3600000000000012,-0.660000000000001,-0.3800000000000008,-1.2100000000000009,-1.910000000000001,0.8499999999999996,-1.120000000000001,-0.030000000000001137,-0.5900000000000007,-0.5200000000000014,-2.790000000000001,-0.33000000000000007,-0.5700000000000003,-1.8600000000000003,-1.660000000000001,-0.9200000000000008,-1.120000000000001,-1.2200000000000006,0.06999999999999851,0.21999999999999886,-0.0600000000000005,-0.5900000000000007,-0.4400000000000013,-1.370000000000001,0.17999999999999972,-0.660000000000001,-0.8500000000000005,-1.4400000000000004,-0.5,-0.9700000000000006,0.049999999999998934,-2.0900000000000007,-1.0000000000000009,-1.0900000000000007,-1.9400000000000004,-1.370000000000001,-1.160000000000001,-0.8000000000000007,-2.700000000000001,-0.3100000000000005,-2.990000000000001,-0.6500000000000004,-0.830000000000001,-0.5300000000000011,-0.25,-0.5100000000000016,0.3699999999999992,-1.3200000000000003,-0.8900000000000006,-1.9800000000000004,-0.8500000000000005,-1.290000000000001,-2.3400000000000007,0.8199999999999985,-1.2800000000000011,-2.030000000000001,-2.3100000000000005,-2.830000000000001,0.5199999999999996,0.3899999999999997,0.03000000000000025,1.1400000000000006,0.9499999999999993,-1.5700000000000003,-0.9699999999999998,1.3599999999999994,1.7400000000000002,0.41000000000000014,0.5199999999999996,-0.6399999999999997,0.1900000000000004,0.21999999999999975,-0.5499999999999998,1.6400000000000006,0.7599999999999998,0.2400000000000002,0.33000000000000007,1.0099999999999998,1.3499999999999996,-0.41999999999999993,0.0,-0.45999999999999996,1.3399999999999999,0.1299999999999999,-0.08999999999999986,0.5700000000000003,0.1900000000000004,0.9399999999999995,0.6399999999999997,0.9199999999999999,0.08999999999999986,-0.6100000000000003,2.1500000000000004,0.17999999999999972,1.2699999999999996,0.71,0.7799999999999994,-1.4900000000000002,0.9700000000000006,0.7300000000000004,-0.5599999999999996,-0.3600000000000003,0.3799999999999999,0.17999999999999972,0.08000000000000007,1.3699999999999992,1.5199999999999996,1.2400000000000002,0.71,0.8599999999999994,-0.07000000000000028,1.4800000000000004,0.6399999999999997,0.4500000000000002,-0.13999999999999968,0.8000000000000007,0.33000000000000007,1.3499999999999996,-0.79,0.2999999999999998,0.20999999999999996,-0.6399999999999997,-0.07000000000000028,0.13999999999999968,0.5,-1.4000000000000004,0.9900000000000002,-1.6900000000000004,0.6500000000000004,0.46999999999999975,0.7699999999999996,1.0500000000000007,0.7899999999999991,1.67,-0.019999999999999574,0.41000000000000014,-0.6799999999999997,0.4500000000000002,0.009999999999999787,-1.04,2.119999999999999,0.019999999999999574,-0.7300000000000004,-1.0099999999999998,-1.5300000000000002,-1.3800000000000008,-1.5100000000000007,-1.87,-0.7599999999999998,-0.9500000000000011,-3.4700000000000006,-2.87,-0.5400000000000009,-0.16000000000000014,-1.4900000000000002,-1.3800000000000008,-2.54,-1.71,-1.6800000000000006,-2.45,-0.2599999999999998,-1.1400000000000006,-1.6600000000000001,-1.5700000000000003,-0.8900000000000006,-0.5500000000000007,-2.3200000000000003,-1.9000000000000004,-2.3600000000000003,-0.5600000000000005,-1.7700000000000005,-1.9900000000000002,-1.33,-1.71,-0.9600000000000009,-1.2600000000000007,-0.9800000000000004,-1.8100000000000005,-2.5100000000000007,0.25,-1.7200000000000006,-0.6300000000000008,-1.1900000000000004,-1.120000000000001,-3.3900000000000006,-0.9299999999999997,-1.17,-2.46,-2.2600000000000007,-1.5200000000000005,-1.7200000000000006,-1.8200000000000003,-0.5300000000000011,-0.3800000000000008,-0.6600000000000001,-1.1900000000000004,-1.040000000000001,-1.9700000000000006,-0.41999999999999993,-1.2600000000000007,-1.4500000000000002,-2.04,-1.0999999999999996,-1.5700000000000003,-0.5500000000000007,-2.6900000000000004,-1.6000000000000005,-1.6900000000000004,-2.54,-1.9700000000000006,-1.7600000000000007,-1.4000000000000004,-3.3000000000000007,-0.9100000000000001,-3.5900000000000007,-1.25,-1.4300000000000006,-1.1300000000000008,-0.8499999999999996,-1.1100000000000012,-0.23000000000000043,-1.92,-1.4900000000000002,-2.58,-1.4500000000000002,-1.8900000000000006,-2.9400000000000004,0.21999999999999886,-1.8800000000000008,-2.630000000000001,-2.91,-3.4300000000000006,-0.9100000000000001,-1.04,-1.3999999999999995,-0.28999999999999915,-0.4800000000000004,-3.0,-2.3999999999999995,-0.07000000000000028,0.3100000000000005,-1.0199999999999996,-0.9100000000000001,-2.0699999999999994,-1.2399999999999993,-1.21,-1.9799999999999995,0.21000000000000085,-0.6699999999999999,-1.1899999999999995,-1.0999999999999996,-0.41999999999999993,-0.08000000000000007,-1.8499999999999996,-1.4299999999999997,-1.8899999999999997,-0.08999999999999986,-1.2999999999999998,-1.5199999999999996,-0.8599999999999994,-1.2399999999999993,-0.4900000000000002,-0.79,-0.5099999999999998,-1.3399999999999999,-2.04,0.7200000000000006,-1.25,-0.16000000000000014,-0.7199999999999998,-0.6500000000000004,-2.92,-0.4599999999999991,-0.6999999999999993,-1.9899999999999993,-1.79,-1.0499999999999998,-1.25,-1.3499999999999996,-0.0600000000000005,0.08999999999999986,-0.1899999999999995,-0.7199999999999998,-0.5700000000000003,-1.5,0.05000000000000071,-0.79,-0.9799999999999995,-1.5699999999999994,-0.629999999999999,-1.0999999999999996,-0.08000000000000007,-2.2199999999999998,-1.13,-1.2199999999999998,-2.0699999999999994,-1.5,-1.29,-0.9299999999999997,-2.83,-0.4399999999999995,-3.12,-0.7799999999999994,-0.96,-0.6600000000000001,-0.379999999999999,-0.6400000000000006,0.2400000000000002,-1.4499999999999993,-1.0199999999999996,-2.1099999999999994,-0.9799999999999995,-1.42,-2.4699999999999998,0.6899999999999995,-1.4100000000000001,-2.16,-2.4399999999999995,-2.96,-0.9700000000000006,-1.1000000000000005,-1.46,-0.34999999999999964,-0.5400000000000009,-3.0600000000000005,-2.46,-0.13000000000000078,0.25,-1.08,-0.9700000000000006,-2.13,-1.2999999999999998,-1.2700000000000005,-2.04,0.15000000000000036,-0.7300000000000004,-1.25,-1.1600000000000001,-0.4800000000000004,-0.14000000000000057,-1.9100000000000001,-1.4900000000000002,-1.9500000000000002,-0.15000000000000036,-1.3600000000000003,-1.58,-0.9199999999999999,-1.2999999999999998,-0.5500000000000007,-0.8500000000000005,-0.5700000000000003,-1.4000000000000004,-2.1000000000000005,0.6600000000000001,-1.3100000000000005,-0.22000000000000064,-0.7800000000000002,-0.7100000000000009,-2.9800000000000004,-0.5199999999999996,-0.7599999999999998,-2.05,-1.8500000000000005,-1.1100000000000003,-1.3100000000000005,-1.4100000000000001,-0.120000000000001,0.02999999999999936,-0.25,-0.7800000000000002,-0.6300000000000008,-1.5600000000000005,-0.009999999999999787,-0.8500000000000005,-1.04,-1.63,-0.6899999999999995,-1.1600000000000001,-0.14000000000000057,-2.2800000000000002,-1.1900000000000004,-1.2800000000000002,-2.13,-1.5600000000000005,-1.3500000000000005,-0.9900000000000002,-2.8900000000000006,-0.5,-3.1800000000000006,-0.8399999999999999,-1.0200000000000005,-0.7200000000000006,-0.4399999999999995,-0.7000000000000011,0.17999999999999972,-1.5099999999999998,-1.08,-2.17,-1.04,-1.4800000000000004,-2.5300000000000002,0.629999999999999,-1.4700000000000006,-2.2200000000000006,-2.5,-3.0200000000000005,0.5599999999999996,0.4299999999999997,0.07000000000000028,1.1800000000000006,0.9899999999999993,-1.5300000000000002,-0.9299999999999997,1.3999999999999995,1.7800000000000002,0.4500000000000002,0.5599999999999996,-0.5999999999999996,0.23000000000000043,0.2599999999999998,-0.5099999999999998,1.6800000000000006,0.7999999999999998,0.28000000000000025,0.3700000000000001,1.0499999999999998,1.3899999999999997,-0.3799999999999999,0.040000000000000036,-0.41999999999999993,1.38,0.16999999999999993,-0.04999999999999982,0.6100000000000003,0.23000000000000043,0.9799999999999995,0.6799999999999997,0.96,0.1299999999999999,-0.5700000000000003,2.1900000000000004,0.21999999999999975,1.3099999999999996,0.75,0.8199999999999994,-1.4500000000000002,1.0100000000000007,0.7700000000000005,-0.5199999999999996,-0.3200000000000003,0.41999999999999993,0.21999999999999975,0.1200000000000001,1.4099999999999993,1.5599999999999996,1.2800000000000002,0.75,0.8999999999999995,-0.03000000000000025,1.5200000000000005,0.6799999999999997,0.4900000000000002,-0.09999999999999964,0.8400000000000007,0.3700000000000001,1.3899999999999997,-0.75,0.33999999999999986,0.25,-0.5999999999999996,-0.03000000000000025,0.17999999999999972,0.54,-1.3600000000000003,1.0300000000000002,-1.6500000000000004,0.6900000000000004,0.5099999999999998,0.8099999999999996,1.0900000000000007,0.8299999999999992,1.71,0.020000000000000462,0.4500000000000002,-0.6399999999999997,0.4900000000000002,0.04999999999999982,-1.0,2.1599999999999993,0.05999999999999961,-0.6900000000000004,-0.9699999999999998,-1.4900000000000002,-0.5999999999999996,-0.7299999999999995,-1.089999999999999,0.02000000000000135,-0.16999999999999993,-2.6899999999999995,-2.089999999999999,0.2400000000000002,0.620000000000001,-0.7099999999999991,-0.5999999999999996,-1.759999999999999,-0.9299999999999988,-0.8999999999999995,-1.669999999999999,0.5200000000000014,-0.35999999999999943,-0.879999999999999,-0.7899999999999991,-0.10999999999999943,0.23000000000000043,-1.5399999999999991,-1.1199999999999992,-1.5799999999999992,0.22000000000000064,-0.9899999999999993,-1.209999999999999,-0.5499999999999989,-0.9299999999999988,-0.17999999999999972,-0.47999999999999954,-0.1999999999999993,-1.0299999999999994,-1.7299999999999995,1.0300000000000011,-0.9399999999999995,0.15000000000000036,-0.40999999999999925,-0.33999999999999986,-2.6099999999999994,-0.14999999999999858,-0.3899999999999988,-1.6799999999999988,-1.4799999999999995,-0.7399999999999993,-0.9399999999999995,-1.0399999999999991,0.25,0.40000000000000036,0.120000000000001,-0.40999999999999925,-0.2599999999999998,-1.1899999999999995,0.3600000000000012,-0.47999999999999954,-0.669999999999999,-1.259999999999999,-0.3199999999999985,-0.7899999999999991,0.23000000000000043,-1.9099999999999993,-0.8199999999999994,-0.9099999999999993,-1.759999999999999,-1.1899999999999995,-0.9799999999999995,-0.6199999999999992,-2.5199999999999996,-0.129999999999999,-2.8099999999999996,-0.46999999999999886,-0.6499999999999995,-0.34999999999999964,-0.06999999999999851,-0.33000000000000007,0.5500000000000007,-1.1399999999999988,-0.7099999999999991,-1.799999999999999,-0.669999999999999,-1.1099999999999994,-2.1599999999999993,1.0,-1.0999999999999996,-1.8499999999999996,-2.129999999999999,-2.6499999999999995,1.5999999999999996,1.4699999999999998,1.1100000000000003,2.2200000000000006,2.0299999999999994,-0.4900000000000002,0.11000000000000032,2.4399999999999995,2.8200000000000003,1.4900000000000002,1.5999999999999996,0.4400000000000004,1.2700000000000005,1.2999999999999998,0.5300000000000002,2.7200000000000006,1.8399999999999999,1.3200000000000003,1.4100000000000001,2.09,2.4299999999999997,0.6600000000000001,1.08,0.6200000000000001,2.42,1.21,0.9900000000000002,1.6500000000000004,1.2700000000000005,2.0199999999999996,1.7199999999999998,2.0,1.17,0.46999999999999975,3.2300000000000004,1.2599999999999998,2.3499999999999996,1.79,1.8599999999999994,-0.41000000000000014,2.0500000000000007,1.8100000000000005,0.5200000000000005,0.7199999999999998,1.46,1.2599999999999998,1.1600000000000001,2.4499999999999993,2.5999999999999996,2.3200000000000003,1.79,1.9399999999999995,1.0099999999999998,2.5600000000000005,1.7199999999999998,1.5300000000000002,0.9400000000000004,1.8800000000000008,1.4100000000000001,2.4299999999999997,0.29000000000000004,1.38,1.29,0.4400000000000004,1.0099999999999998,1.2199999999999998,1.58,-0.3200000000000003,2.0700000000000003,-0.6100000000000003,1.7300000000000004,1.5499999999999998,1.8499999999999996,2.130000000000001,1.8699999999999992,2.75,1.0600000000000005,1.4900000000000002,0.40000000000000036,1.5300000000000002,1.0899999999999999,0.040000000000000036,3.1999999999999993,1.0999999999999996,0.34999999999999964,0.07000000000000028,-0.4500000000000002,-1.120000000000001,-1.2500000000000009,-1.6100000000000003,-0.5,-0.6900000000000013,-3.210000000000001,-2.6100000000000003,-0.28000000000000114,0.09999999999999964,-1.2300000000000004,-1.120000000000001,-2.2800000000000002,-1.4500000000000002,-1.4200000000000008,-2.1900000000000004,0.0,-0.8800000000000008,-1.4000000000000004,-1.3100000000000005,-0.6300000000000008,-0.2900000000000009,-2.0600000000000005,-1.6400000000000006,-2.1000000000000005,-0.3000000000000007,-1.5100000000000007,-1.7300000000000004,-1.0700000000000003,-1.4500000000000002,-0.7000000000000011,-1.0000000000000009,-0.7200000000000006,-1.5500000000000007,-2.250000000000001,0.5099999999999998,-1.4600000000000009,-0.370000000000001,-0.9300000000000006,-0.8600000000000012,-3.130000000000001,-0.6699999999999999,-0.9100000000000001,-2.2,-2.000000000000001,-1.2600000000000007,-1.4600000000000009,-1.5600000000000005,-0.27000000000000135,-0.120000000000001,-0.40000000000000036,-0.9300000000000006,-0.7800000000000011,-1.7100000000000009,-0.16000000000000014,-1.0000000000000009,-1.1900000000000004,-1.7800000000000002,-0.8399999999999999,-1.3100000000000005,-0.2900000000000009,-2.4300000000000006,-1.3400000000000007,-1.4300000000000006,-2.2800000000000002,-1.7100000000000009,-1.5000000000000009,-1.1400000000000006,-3.040000000000001,-0.6500000000000004,-3.330000000000001,-0.9900000000000002,-1.1700000000000008,-0.870000000000001,-0.5899999999999999,-0.8500000000000014,0.02999999999999936,-1.6600000000000001,-1.2300000000000004,-2.3200000000000003,-1.1900000000000004,-1.6300000000000008,-2.6800000000000006,0.47999999999999865,-1.620000000000001,-2.370000000000001,-2.6500000000000004,-3.170000000000001,-0.4900000000000002,-0.6200000000000001,-0.9799999999999995,0.13000000000000078,-0.0600000000000005,-2.58,-1.9799999999999995,0.34999999999999964,0.7300000000000004,-0.5999999999999996,-0.4900000000000002,-1.6499999999999995,-0.8199999999999994,-0.79,-1.5599999999999996,0.6300000000000008,-0.25,-0.7699999999999996,-0.6799999999999997,0.0,0.33999999999999986,-1.4299999999999997,-1.0099999999999998,-1.4699999999999998,0.33000000000000007,-0.8799999999999999,-1.0999999999999996,-0.4399999999999995,-0.8199999999999994,-0.07000000000000028,-0.3700000000000001,-0.08999999999999986,-0.9199999999999999,-1.62,1.1400000000000006,-0.8300000000000001,0.2599999999999998,-0.2999999999999998,-0.23000000000000043,-2.5,-0.03999999999999915,-0.27999999999999936,-1.5699999999999994,-1.37,-0.6299999999999999,-0.8300000000000001,-0.9299999999999997,0.35999999999999943,0.5099999999999998,0.23000000000000043,-0.2999999999999998,-0.15000000000000036,-1.08,0.47000000000000064,-0.3700000000000001,-0.5599999999999996,-1.1499999999999995,-0.20999999999999908,-0.6799999999999997,0.33999999999999986,-1.7999999999999998,-0.71,-0.7999999999999998,-1.6499999999999995,-1.08,-0.8700000000000001,-0.5099999999999998,-2.41,-0.019999999999999574,-2.7,-0.35999999999999943,-0.54,-0.2400000000000002,0.040000000000000924,-0.22000000000000064,0.6600000000000001,-1.0299999999999994,-0.5999999999999996,-1.6899999999999995,-0.5599999999999996,-1.0,-2.05,1.1099999999999994,-0.9900000000000002,-1.7400000000000002,-2.0199999999999996,-2.54,-0.05000000000000071,-0.1800000000000006,-0.54,0.5700000000000003,0.379999999999999,-2.1400000000000006,-1.54,0.7899999999999991,1.17,-0.16000000000000014,-0.05000000000000071,-1.21,-0.3799999999999999,-0.35000000000000053,-1.12,1.0700000000000003,0.1899999999999995,-0.33000000000000007,-0.2400000000000002,0.4399999999999995,0.7799999999999994,-0.9900000000000002,-0.5700000000000003,-1.0300000000000002,0.7699999999999996,-0.4400000000000004,-0.6600000000000001,0.0,-0.3799999999999999,0.3699999999999992,0.0699999999999994,0.34999999999999964,-0.4800000000000004,-1.1800000000000006,1.58,-0.39000000000000057,0.6999999999999993,0.13999999999999968,0.20999999999999908,-2.0600000000000005,0.40000000000000036,0.16000000000000014,-1.13,-0.9300000000000006,-0.1900000000000004,-0.39000000000000057,-0.4900000000000002,0.7999999999999989,0.9499999999999993,0.6699999999999999,0.13999999999999968,0.28999999999999915,-0.6400000000000006,0.9100000000000001,0.0699999999999994,-0.1200000000000001,-0.71,0.23000000000000043,-0.2400000000000002,0.7799999999999994,-1.3600000000000003,-0.27000000000000046,-0.3600000000000003,-1.21,-0.6400000000000006,-0.4300000000000006,-0.07000000000000028,-1.9700000000000006,0.41999999999999993,-2.2600000000000007,0.08000000000000007,-0.10000000000000053,0.1999999999999993,0.4800000000000004,0.21999999999999886,1.0999999999999996,-0.5899999999999999,-0.16000000000000014,-1.25,-0.1200000000000001,-0.5600000000000005,-1.6100000000000003,1.549999999999999,-0.5500000000000007,-1.3000000000000007,-1.58,-2.1000000000000005,1.96,1.83,1.4700000000000006,2.580000000000001,2.3899999999999997,-0.1299999999999999,0.47000000000000064,2.8,3.1800000000000006,1.8500000000000005,1.96,0.8000000000000007,1.6300000000000008,1.6600000000000001,0.8900000000000006,3.080000000000001,2.2,1.6800000000000006,1.7700000000000005,2.45,2.79,1.0200000000000005,1.4400000000000004,0.9800000000000004,2.7800000000000002,1.5700000000000003,1.3500000000000005,2.0100000000000007,1.6300000000000008,2.38,2.08,2.3600000000000003,1.5300000000000002,0.8300000000000001,3.5900000000000007,1.62,2.71,2.1500000000000004,2.2199999999999998,-0.04999999999999982,2.410000000000001,2.170000000000001,0.8800000000000008,1.08,1.8200000000000003,1.62,1.5200000000000005,2.8099999999999996,2.96,2.6800000000000006,2.1500000000000004,2.3,1.37,2.920000000000001,2.08,1.8900000000000006,1.3000000000000007,2.240000000000001,1.7700000000000005,2.79,0.6500000000000004,1.7400000000000002,1.6500000000000004,0.8000000000000007,1.37,1.58,1.9400000000000004,0.040000000000000036,2.4300000000000006,-0.25,2.0900000000000007,1.9100000000000001,2.21,2.490000000000001,2.2299999999999995,3.1100000000000003,1.4200000000000008,1.8500000000000005,0.7600000000000007,1.8900000000000006,1.4500000000000002,0.40000000000000036,3.5599999999999996,1.46,0.71,0.4300000000000006,-0.08999999999999986,0.71,0.5800000000000001,0.22000000000000064,1.330000000000001,1.1399999999999997,-1.38,-0.7799999999999994,1.5499999999999998,1.9300000000000006,0.6000000000000005,0.71,-0.4499999999999993,0.3800000000000008,0.41000000000000014,-0.35999999999999943,1.830000000000001,0.9500000000000002,0.4300000000000006,0.5200000000000005,1.2000000000000002,1.54,-0.22999999999999954,0.1900000000000004,-0.2699999999999996,1.5300000000000002,0.3200000000000003,0.10000000000000053,0.7600000000000007,0.3800000000000008,1.13,0.8300000000000001,1.1100000000000003,0.28000000000000025,-0.41999999999999993,2.3400000000000007,0.3700000000000001,1.46,0.9000000000000004,0.9699999999999998,-1.2999999999999998,1.160000000000001,0.9200000000000008,-0.3699999999999992,-0.16999999999999993,0.5700000000000003,0.3700000000000001,0.27000000000000046,1.5599999999999996,1.71,1.4300000000000006,0.9000000000000004,1.0499999999999998,0.1200000000000001,1.6700000000000008,0.8300000000000001,0.6400000000000006,0.05000000000000071,0.9900000000000011,0.5200000000000005,1.54,-0.5999999999999996,0.4900000000000002,0.40000000000000036,-0.4499999999999993,0.1200000000000001,0.33000000000000007,0.6900000000000004,-1.21,1.1800000000000006,-1.5,0.8400000000000007,0.6600000000000001,0.96,1.240000000000001,0.9799999999999995,1.8600000000000003,0.17000000000000082,0.6000000000000005,-0.4899999999999993,0.6400000000000006,0.20000000000000018,-0.8499999999999996,2.3099999999999996,0.20999999999999996,-0.54,-0.8199999999999994,-1.3399999999999999,-1.0500000000000007,-1.1800000000000006,-1.54,-0.4299999999999997,-0.620000000000001,-3.1400000000000006,-2.54,-0.21000000000000085,0.16999999999999993,-1.1600000000000001,-1.0500000000000007,-2.21,-1.38,-1.3500000000000005,-2.12,0.07000000000000028,-0.8100000000000005,-1.33,-1.2400000000000002,-0.5600000000000005,-0.22000000000000064,-1.9900000000000002,-1.5700000000000003,-2.0300000000000002,-0.23000000000000043,-1.4400000000000004,-1.6600000000000001,-1.0,-1.38,-0.6300000000000008,-0.9300000000000006,-0.6500000000000004,-1.4800000000000004,-2.1800000000000006,0.5800000000000001,-1.3900000000000006,-0.3000000000000007,-0.8600000000000003,-0.7900000000000009,-3.0600000000000005,-0.5999999999999996,-0.8399999999999999,-2.13,-1.9300000000000006,-1.1900000000000004,-1.3900000000000006,-1.4900000000000002,-0.20000000000000107,-0.05000000000000071,-0.33000000000000007,-0.8600000000000003,-0.7100000000000009,-1.6400000000000006,-0.08999999999999986,-0.9300000000000006,-1.12,-1.71,-0.7699999999999996,-1.2400000000000002,-0.22000000000000064,-2.3600000000000003,-1.2700000000000005,-1.3600000000000003,-2.21,-1.6400000000000006,-1.4300000000000006,-1.0700000000000003,-2.9700000000000006,-0.5800000000000001,-3.2600000000000007,-0.9199999999999999,-1.1000000000000005,-0.8000000000000007,-0.5199999999999996,-0.7800000000000011,0.09999999999999964,-1.5899999999999999,-1.1600000000000001,-2.25,-1.12,-1.5600000000000005,-2.6100000000000003,0.5499999999999989,-1.5500000000000007,-2.3000000000000007,-2.58,-3.1000000000000005,-0.4800000000000004,-0.6100000000000003,-0.9699999999999998,0.14000000000000057,-0.05000000000000071,-2.5700000000000003,-1.9699999999999998,0.35999999999999943,0.7400000000000002,-0.5899999999999999,-0.4800000000000004,-1.6399999999999997,-0.8099999999999996,-0.7800000000000002,-1.5499999999999998,0.6400000000000006,-0.2400000000000002,-0.7599999999999998,-0.6699999999999999,0.009999999999999787,0.34999999999999964,-1.42,-1.0,-1.46,0.33999999999999986,-0.8700000000000001,-1.0899999999999999,-0.4299999999999997,-0.8099999999999996,-0.0600000000000005,-0.3600000000000003,-0.08000000000000007,-0.9100000000000001,-1.6100000000000003,1.1500000000000004,-0.8200000000000003,0.2699999999999996,-0.29000000000000004,-0.22000000000000064,-2.49,-0.02999999999999936,-0.2699999999999996,-1.5599999999999996,-1.3600000000000003,-0.6200000000000001,-0.8200000000000003,-0.9199999999999999,0.3699999999999992,0.5199999999999996,0.2400000000000002,-0.29000000000000004,-0.14000000000000057,-1.0700000000000003,0.4800000000000004,-0.3600000000000003,-0.5499999999999998,-1.1399999999999997,-0.1999999999999993,-0.6699999999999999,0.34999999999999964,-1.79,-0.7000000000000002,-0.79,-1.6399999999999997,-1.0700000000000003,-0.8600000000000003,-0.5,-2.4000000000000004,-0.009999999999999787,-2.6900000000000004,-0.34999999999999964,-0.5300000000000002,-0.23000000000000043,0.05000000000000071,-0.21000000000000085,0.6699999999999999,-1.0199999999999996,-0.5899999999999999,-1.6799999999999997,-0.5499999999999998,-0.9900000000000002,-2.04,1.1199999999999992,-0.9800000000000004,-1.7300000000000004,-2.01,-2.5300000000000002,-0.9299999999999997,-1.0599999999999996,-1.419999999999999,-0.3099999999999987,-0.5,-3.0199999999999996,-2.419999999999999,-0.08999999999999986,0.2900000000000009,-1.0399999999999991,-0.9299999999999997,-2.089999999999999,-1.259999999999999,-1.2299999999999995,-1.9999999999999991,0.19000000000000128,-0.6899999999999995,-1.209999999999999,-1.1199999999999992,-0.4399999999999995,-0.09999999999999964,-1.8699999999999992,-1.4499999999999993,-1.9099999999999993,-0.10999999999999943,-1.3199999999999994,-1.5399999999999991,-0.879999999999999,-1.259999999999999,-0.5099999999999998,-0.8099999999999996,-0.5299999999999994,-1.3599999999999994,-2.0599999999999996,0.7000000000000011,-1.2699999999999996,-0.17999999999999972,-0.7399999999999993,-0.6699999999999999,-2.9399999999999995,-0.47999999999999865,-0.7199999999999989,-2.009999999999999,-1.8099999999999996,-1.0699999999999994,-1.2699999999999996,-1.3699999999999992,-0.08000000000000007,0.07000000000000028,-0.20999999999999908,-0.7399999999999993,-0.5899999999999999,-1.5199999999999996,0.030000000000001137,-0.8099999999999996,-0.9999999999999991,-1.589999999999999,-0.6499999999999986,-1.1199999999999992,-0.09999999999999964,-2.2399999999999993,-1.1499999999999995,-1.2399999999999993,-2.089999999999999,-1.5199999999999996,-1.3099999999999996,-0.9499999999999993,-2.8499999999999996,-0.4599999999999991,-3.1399999999999997,-0.7999999999999989,-0.9799999999999995,-0.6799999999999997,-0.3999999999999986,-0.6600000000000001,0.22000000000000064,-1.4699999999999989,-1.0399999999999991,-2.129999999999999,-0.9999999999999991,-1.4399999999999995,-2.4899999999999993,0.6699999999999999,-1.4299999999999997,-2.1799999999999997,-2.459999999999999,-2.9799999999999995,0.25,0.1200000000000001,-0.23999999999999932,0.870000000000001,0.6799999999999997,-1.8399999999999999,-1.2399999999999993,1.0899999999999999,1.4700000000000006,0.14000000000000057,0.25,-0.9099999999999993,-0.07999999999999918,-0.04999999999999982,-0.8199999999999994,1.370000000000001,0.4900000000000002,-0.02999999999999936,0.0600000000000005,0.7400000000000002,1.08,-0.6899999999999995,-0.2699999999999996,-0.7299999999999995,1.0700000000000003,-0.13999999999999968,-0.35999999999999943,0.3000000000000007,-0.07999999999999918,0.6699999999999999,0.3700000000000001,0.6500000000000004,-0.17999999999999972,-0.8799999999999999,1.8800000000000008,-0.08999999999999986,1.0,0.4400000000000004,0.5099999999999998,-1.7599999999999998,0.7000000000000011,0.46000000000000085,-0.8299999999999992,-0.6299999999999999,0.11000000000000032,-0.08999999999999986,-0.1899999999999995,1.0999999999999996,1.25,0.9700000000000006,0.4400000000000004,0.5899999999999999,-0.33999999999999986,1.2100000000000009,0.3700000000000001,0.1800000000000006,-0.40999999999999925,0.5300000000000011,0.0600000000000005,1.08,-1.0599999999999996,0.03000000000000025,-0.05999999999999961,-0.9099999999999993,-0.33999999999999986,-0.1299999999999999,0.23000000000000043,-1.67,0.7200000000000006,-1.96,0.3800000000000008,0.20000000000000018,0.5,0.7800000000000011,0.5199999999999996,1.4000000000000004,-0.28999999999999915,0.14000000000000057,-0.9499999999999993,0.1800000000000006,-0.2599999999999998,-1.3099999999999996,1.8499999999999996,-0.25,-1.0,-1.2799999999999994,-1.7999999999999998,-1.8200000000000003,-1.9500000000000002,-2.3099999999999996,-1.1999999999999993,-1.3900000000000006,-3.91,-3.3099999999999996,-0.9800000000000004,-0.5999999999999996,-1.9299999999999997,-1.8200000000000003,-2.9799999999999995,-2.1499999999999995,-2.12,-2.8899999999999997,-0.6999999999999993,-1.58,-2.0999999999999996,-2.01,-1.33,-0.9900000000000002,-2.76,-2.34,-2.8,-1.0,-2.21,-2.4299999999999997,-1.7699999999999996,-2.1499999999999995,-1.4000000000000004,-1.7000000000000002,-1.42,-2.25,-2.95,-0.1899999999999995,-2.16,-1.0700000000000003,-1.63,-1.5600000000000005,-3.83,-1.3699999999999992,-1.6099999999999994,-2.8999999999999995,-2.7,-1.96,-2.16,-2.26,-0.9700000000000006,-0.8200000000000003,-1.0999999999999996,-1.63,-1.4800000000000004,-2.41,-0.8599999999999994,-1.7000000000000002,-1.8899999999999997,-2.4799999999999995,-1.5399999999999991,-2.01,-0.9900000000000002,-3.13,-2.04,-2.13,-2.9799999999999995,-2.41,-2.2,-1.8399999999999999,-3.74,-1.3499999999999996,-4.03,-1.6899999999999995,-1.87,-1.5700000000000003,-1.2899999999999991,-1.5500000000000007,-0.6699999999999999,-2.3599999999999994,-1.9299999999999997,-3.0199999999999996,-1.8899999999999997,-2.33,-3.38,-0.22000000000000064,-2.3200000000000003,-3.0700000000000003,-3.3499999999999996,-3.87,-2.030000000000001,-2.160000000000001,-2.5200000000000005,-1.4100000000000001,-1.6000000000000014,-4.120000000000001,-3.5200000000000005,-1.1900000000000013,-0.8100000000000005,-2.1400000000000006,-2.030000000000001,-3.1900000000000004,-2.3600000000000003,-2.330000000000001,-3.1000000000000005,-0.9100000000000001,-1.790000000000001,-2.3100000000000005,-2.2200000000000006,-1.540000000000001,-1.200000000000001,-2.9700000000000006,-2.5500000000000007,-3.0100000000000007,-1.2100000000000009,-2.420000000000001,-2.6400000000000006,-1.9800000000000004,-2.3600000000000003,-1.6100000000000012,-1.910000000000001,-1.6300000000000008,-2.460000000000001,-3.160000000000001,-0.40000000000000036,-2.370000000000001,-1.2800000000000011,-1.8400000000000007,-1.7700000000000014,-4.040000000000001,-1.58,-1.8200000000000003,-3.1100000000000003,-2.910000000000001,-2.170000000000001,-2.370000000000001,-2.4700000000000006,-1.1800000000000015,-1.0300000000000011,-1.3100000000000005,-1.8400000000000007,-1.6900000000000013,-2.620000000000001,-1.0700000000000003,-1.910000000000001,-2.1000000000000005,-2.6900000000000004,-1.75,-2.2200000000000006,-1.200000000000001,-3.3400000000000007,-2.250000000000001,-2.3400000000000007,-3.1900000000000004,-2.620000000000001,-2.410000000000001,-2.0500000000000007,-3.950000000000001,-1.5600000000000005,-4.240000000000001,-1.9000000000000004,-2.080000000000001,-1.7800000000000011,-1.5,-1.7600000000000016,-0.8800000000000008,-2.5700000000000003,-2.1400000000000006,-3.2300000000000004,-2.1000000000000005,-2.540000000000001,-3.5900000000000007,-0.4300000000000015,-2.530000000000001,-3.280000000000001,-3.5600000000000005,-4.080000000000001,-0.8399999999999999,-0.9699999999999998,-1.3299999999999992,-0.21999999999999886,-0.41000000000000014,-2.9299999999999997,-2.329999999999999,0.0,0.3800000000000008,-0.9499999999999993,-0.8399999999999999,-1.9999999999999991,-1.169999999999999,-1.1399999999999997,-1.9099999999999993,0.28000000000000114,-0.5999999999999996,-1.1199999999999992,-1.0299999999999994,-0.34999999999999964,-0.009999999999999787,-1.7799999999999994,-1.3599999999999994,-1.8199999999999994,-0.019999999999999574,-1.2299999999999995,-1.4499999999999993,-0.7899999999999991,-1.169999999999999,-0.41999999999999993,-0.7199999999999998,-0.4399999999999995,-1.2699999999999996,-1.9699999999999998,0.7900000000000009,-1.1799999999999997,-0.08999999999999986,-0.6499999999999995,-0.5800000000000001,-2.8499999999999996,-0.3899999999999988,-0.629999999999999,-1.919999999999999,-1.7199999999999998,-0.9799999999999995,-1.1799999999999997,-1.2799999999999994,0.009999999999999787,0.16000000000000014,-0.11999999999999922,-0.6499999999999995,-0.5,-1.4299999999999997,0.120000000000001,-0.7199999999999998,-0.9099999999999993,-1.4999999999999991,-0.5599999999999987,-1.0299999999999994,-0.009999999999999787,-2.1499999999999995,-1.0599999999999996,-1.1499999999999995,-1.9999999999999991,-1.4299999999999997,-1.2199999999999998,-0.8599999999999994,-2.76,-0.3699999999999992,-3.05,-0.7099999999999991,-0.8899999999999997,-0.5899999999999999,-0.3099999999999987,-0.5700000000000003,0.3100000000000005,-1.379999999999999,-0.9499999999999993,-2.039999999999999,-0.9099999999999993,-1.3499999999999996,-2.3999999999999995,0.7599999999999998,-1.3399999999999999,-2.09,-2.369999999999999,-2.8899999999999997,-1.08,-1.21,-1.5699999999999994,-0.4599999999999991,-0.6500000000000004,-3.17,-2.5699999999999994,-0.2400000000000002,0.14000000000000057,-1.1899999999999995,-1.08,-2.2399999999999993,-1.4099999999999993,-1.38,-2.1499999999999995,0.040000000000000924,-0.8399999999999999,-1.3599999999999994,-1.2699999999999996,-0.5899999999999999,-0.25,-2.0199999999999996,-1.5999999999999996,-2.0599999999999996,-0.2599999999999998,-1.4699999999999998,-1.6899999999999995,-1.0299999999999994,-1.4099999999999993,-0.6600000000000001,-0.96,-0.6799999999999997,-1.5099999999999998,-2.21,0.5500000000000007,-1.42,-0.33000000000000007,-0.8899999999999997,-0.8200000000000003,-3.09,-0.629999999999999,-0.8699999999999992,-2.1599999999999993,-1.96,-1.2199999999999998,-1.42,-1.5199999999999996,-0.23000000000000043,-0.08000000000000007,-0.35999999999999943,-0.8899999999999997,-0.7400000000000002,-1.67,-0.11999999999999922,-0.96,-1.1499999999999995,-1.7399999999999993,-0.7999999999999989,-1.2699999999999996,-0.25,-2.3899999999999997,-1.2999999999999998,-1.3899999999999997,-2.2399999999999993,-1.67,-1.46,-1.0999999999999996,-3.0,-0.6099999999999994,-3.29,-0.9499999999999993,-1.13,-0.8300000000000001,-0.5499999999999989,-0.8100000000000005,0.07000000000000028,-1.6199999999999992,-1.1899999999999995,-2.2799999999999994,-1.1499999999999995,-1.5899999999999999,-2.6399999999999997,0.5199999999999996,-1.58,-2.33,-2.6099999999999994,-3.13,-0.6600000000000001,-0.79,-1.1499999999999995,-0.03999999999999915,-0.23000000000000043,-2.75,-2.1499999999999995,0.17999999999999972,0.5600000000000005,-0.7699999999999996,-0.6600000000000001,-1.8199999999999994,-0.9899999999999993,-0.96,-1.7299999999999995,0.46000000000000085,-0.41999999999999993,-0.9399999999999995,-0.8499999999999996,-0.16999999999999993,0.16999999999999993,-1.5999999999999996,-1.1799999999999997,-1.6399999999999997,0.16000000000000014,-1.0499999999999998,-1.2699999999999996,-0.6099999999999994,-0.9899999999999993,-0.2400000000000002,-0.54,-0.2599999999999998,-1.0899999999999999,-1.79,0.9700000000000006,-1.0,0.08999999999999986,-0.46999999999999975,-0.40000000000000036,-2.67,-0.20999999999999908,-0.4499999999999993,-1.7399999999999993,-1.54,-0.7999999999999998,-1.0,-1.0999999999999996,0.1899999999999995,0.33999999999999986,0.0600000000000005,-0.46999999999999975,-0.3200000000000003,-1.25,0.3000000000000007,-0.54,-0.7299999999999995,-1.3199999999999994,-0.379999999999999,-0.8499999999999996,0.16999999999999993,-1.9699999999999998,-0.8799999999999999,-0.9699999999999998,-1.8199999999999994,-1.25,-1.04,-0.6799999999999997,-2.58,-0.1899999999999995,-2.87,-0.5299999999999994,-0.71,-0.41000000000000014,-0.129999999999999,-0.39000000000000057,0.4900000000000002,-1.1999999999999993,-0.7699999999999996,-1.8599999999999994,-0.7299999999999995,-1.17,-2.2199999999999998,0.9399999999999995,-1.1600000000000001,-1.9100000000000001,-2.1899999999999995,-2.71,-1.950000000000001,-2.080000000000001,-2.4400000000000004,-1.33,-1.5200000000000014,-4.040000000000001,-3.4400000000000004,-1.1100000000000012,-0.7300000000000004,-2.0600000000000005,-1.950000000000001,-3.1100000000000003,-2.2800000000000002,-2.250000000000001,-3.0200000000000005,-0.8300000000000001,-1.7100000000000009,-2.2300000000000004,-2.1400000000000006,-1.4600000000000009,-1.120000000000001,-2.8900000000000006,-2.4700000000000006,-2.9300000000000006,-1.1300000000000008,-2.3400000000000007,-2.5600000000000005,-1.9000000000000004,-2.2800000000000002,-1.5300000000000011,-1.830000000000001,-1.5500000000000007,-2.380000000000001,-3.080000000000001,-0.3200000000000003,-2.290000000000001,-1.200000000000001,-1.7600000000000007,-1.6900000000000013,-3.960000000000001,-1.5,-1.7400000000000002,-3.0300000000000002,-2.830000000000001,-2.0900000000000007,-2.290000000000001,-2.3900000000000006,-1.1000000000000014,-0.9500000000000011,-1.2300000000000004,-1.7600000000000007,-1.6100000000000012,-2.540000000000001,-0.9900000000000002,-1.830000000000001,-2.0200000000000005,-2.6100000000000003,-1.67,-2.1400000000000006,-1.120000000000001,-3.2600000000000007,-2.170000000000001,-2.2600000000000007,-3.1100000000000003,-2.540000000000001,-2.330000000000001,-1.9700000000000006,-3.870000000000001,-1.4800000000000004,-4.160000000000001,-1.8200000000000003,-2.000000000000001,-1.700000000000001,-1.42,-1.6800000000000015,-0.8000000000000007,-2.49,-2.0600000000000005,-3.1500000000000004,-2.0200000000000005,-2.460000000000001,-3.5100000000000007,-0.3500000000000014,-2.450000000000001,-3.200000000000001,-3.4800000000000004,-4.000000000000001,-1.42,-1.5499999999999998,-1.9099999999999993,-0.7999999999999989,-0.9900000000000002,-3.51,-2.9099999999999993,-0.5800000000000001,-0.1999999999999993,-1.5299999999999994,-1.42,-2.579999999999999,-1.7499999999999991,-1.7199999999999998,-2.4899999999999993,-0.29999999999999893,-1.1799999999999997,-1.6999999999999993,-1.6099999999999994,-0.9299999999999997,-0.5899999999999999,-2.3599999999999994,-1.9399999999999995,-2.3999999999999995,-0.5999999999999996,-1.8099999999999996,-2.0299999999999994,-1.3699999999999992,-1.7499999999999991,-1.0,-1.2999999999999998,-1.0199999999999996,-1.8499999999999996,-2.55,0.21000000000000085,-1.7599999999999998,-0.6699999999999999,-1.2299999999999995,-1.1600000000000001,-3.4299999999999997,-0.9699999999999989,-1.209999999999999,-2.499999999999999,-2.3,-1.5599999999999996,-1.7599999999999998,-1.8599999999999994,-0.5700000000000003,-0.41999999999999993,-0.6999999999999993,-1.2299999999999995,-1.08,-2.01,-0.4599999999999991,-1.2999999999999998,-1.4899999999999993,-2.079999999999999,-1.1399999999999988,-1.6099999999999994,-0.5899999999999999,-2.7299999999999995,-1.6399999999999997,-1.7299999999999995,-2.579999999999999,-2.01,-1.7999999999999998,-1.4399999999999995,-3.34,-0.9499999999999993,-3.63,-1.2899999999999991,-1.4699999999999998,-1.17,-0.8899999999999988,-1.1500000000000004,-0.2699999999999996,-1.959999999999999,-1.5299999999999994,-2.619999999999999,-1.4899999999999993,-1.9299999999999997,-2.9799999999999995,0.17999999999999972,-1.92,-2.67,-2.9499999999999993,-3.4699999999999998,0.8599999999999994,0.7299999999999995,0.3700000000000001,1.4800000000000004,1.2899999999999991,-1.2300000000000004,-0.6299999999999999,1.6999999999999993,2.08,0.75,0.8599999999999994,-0.2999999999999998,0.5300000000000002,0.5599999999999996,-0.20999999999999996,1.9800000000000004,1.0999999999999996,0.5800000000000001,0.6699999999999999,1.3499999999999996,1.6899999999999995,-0.08000000000000007,0.33999999999999986,-0.1200000000000001,1.6799999999999997,0.46999999999999975,0.25,0.9100000000000001,0.5300000000000002,1.2799999999999994,0.9799999999999995,1.2599999999999998,0.4299999999999997,-0.27000000000000046,2.49,0.5199999999999996,1.6099999999999994,1.0499999999999998,1.1199999999999992,-1.1500000000000004,1.3100000000000005,1.0700000000000003,-0.21999999999999975,-0.020000000000000462,0.7199999999999998,0.5199999999999996,0.41999999999999993,1.709999999999999,1.8599999999999994,1.58,1.0499999999999998,1.1999999999999993,0.2699999999999996,1.8200000000000003,0.9799999999999995,0.79,0.20000000000000018,1.1400000000000006,0.6699999999999999,1.6899999999999995,-0.4500000000000002,0.6399999999999997,0.5499999999999998,-0.2999999999999998,0.2699999999999996,0.47999999999999954,0.8399999999999999,-1.0600000000000005,1.33,-1.3500000000000005,0.9900000000000002,0.8099999999999996,1.1099999999999994,1.3900000000000006,1.129999999999999,2.01,0.3200000000000003,0.75,-0.33999999999999986,0.79,0.34999999999999964,-0.7000000000000002,2.459999999999999,0.35999999999999943,-0.39000000000000057,-0.6699999999999999,-1.1900000000000004,-1.0700000000000003,-1.2000000000000002,-1.5599999999999996,-0.4499999999999993,-0.6400000000000006,-3.16,-2.5599999999999996,-0.23000000000000043,0.15000000000000036,-1.1799999999999997,-1.0700000000000003,-2.2299999999999995,-1.3999999999999995,-1.37,-2.1399999999999997,0.05000000000000071,-0.8300000000000001,-1.3499999999999996,-1.2599999999999998,-0.5800000000000001,-0.2400000000000002,-2.01,-1.5899999999999999,-2.05,-0.25,-1.46,-1.6799999999999997,-1.0199999999999996,-1.3999999999999995,-0.6500000000000004,-0.9500000000000002,-0.6699999999999999,-1.5,-2.2,0.5600000000000005,-1.4100000000000001,-0.3200000000000003,-0.8799999999999999,-0.8100000000000005,-3.08,-0.6199999999999992,-0.8599999999999994,-2.1499999999999995,-1.9500000000000002,-1.21,-1.4100000000000001,-1.5099999999999998,-0.22000000000000064,-0.07000000000000028,-0.34999999999999964,-0.8799999999999999,-0.7300000000000004,-1.6600000000000001,-0.10999999999999943,-0.9500000000000002,-1.1399999999999997,-1.7299999999999995,-0.7899999999999991,-1.2599999999999998,-0.2400000000000002,-2.38,-1.29,-1.38,-2.2299999999999995,-1.6600000000000001,-1.4500000000000002,-1.0899999999999999,-2.99,-0.5999999999999996,-3.2800000000000002,-0.9399999999999995,-1.12,-0.8200000000000003,-0.5399999999999991,-0.8000000000000007,0.08000000000000007,-1.6099999999999994,-1.1799999999999997,-2.2699999999999996,-1.1399999999999997,-1.58,-2.63,0.5299999999999994,-1.5700000000000003,-2.3200000000000003,-2.5999999999999996,-3.12,-0.2400000000000002,-0.3700000000000001,-0.7299999999999995,0.3800000000000008,0.1899999999999995,-2.33,-1.7299999999999995,0.5999999999999996,0.9800000000000004,-0.34999999999999964,-0.2400000000000002,-1.3999999999999995,-0.5699999999999994,-0.54,-1.3099999999999996,0.8800000000000008,0.0,-0.5199999999999996,-0.4299999999999997,0.25,0.5899999999999999,-1.1799999999999997,-0.7599999999999998,-1.2199999999999998,0.5800000000000001,-0.6299999999999999,-0.8499999999999996,-0.1899999999999995,-0.5699999999999994,0.17999999999999972,-0.1200000000000001,0.16000000000000014,-0.6699999999999999,-1.37,1.3900000000000006,-0.5800000000000001,0.5099999999999998,-0.04999999999999982,0.019999999999999574,-2.25,0.21000000000000085,-0.02999999999999936,-1.3199999999999994,-1.12,-0.3799999999999999,-0.5800000000000001,-0.6799999999999997,0.6099999999999994,0.7599999999999998,0.4800000000000004,-0.04999999999999982,0.09999999999999964,-0.8300000000000001,0.7200000000000006,-0.1200000000000001,-0.3099999999999996,-0.8999999999999995,0.040000000000000924,-0.4299999999999997,0.5899999999999999,-1.5499999999999998,-0.45999999999999996,-0.5499999999999998,-1.3999999999999995,-0.8300000000000001,-0.6200000000000001,-0.2599999999999998,-2.16,0.23000000000000043,-2.45,-0.10999999999999943,-0.29000000000000004,0.009999999999999787,0.2900000000000009,0.02999999999999936,0.9100000000000001,-0.7799999999999994,-0.34999999999999964,-1.4399999999999995,-0.3099999999999996,-0.75,-1.7999999999999998,1.3599999999999994,-0.7400000000000002,-1.4900000000000002,-1.7699999999999996,-2.29,0.2999999999999998,0.16999999999999993,-0.1899999999999995,0.9200000000000008,0.7299999999999995,-1.79,-1.1899999999999995,1.1399999999999997,1.5200000000000005,0.1900000000000004,0.2999999999999998,-0.8599999999999994,-0.02999999999999936,0.0,-0.7699999999999996,1.4200000000000008,0.54,0.020000000000000462,0.11000000000000032,0.79,1.13,-0.6399999999999997,-0.21999999999999975,-0.6799999999999997,1.12,-0.08999999999999986,-0.3099999999999996,0.35000000000000053,-0.02999999999999936,0.7199999999999998,0.41999999999999993,0.7000000000000002,-0.1299999999999999,-0.8300000000000001,1.9300000000000006,-0.040000000000000036,1.0499999999999998,0.4900000000000002,0.5599999999999996,-1.71,0.7500000000000009,0.5100000000000007,-0.7799999999999994,-0.5800000000000001,0.16000000000000014,-0.040000000000000036,-0.13999999999999968,1.1499999999999995,1.2999999999999998,1.0200000000000005,0.4900000000000002,0.6399999999999997,-0.29000000000000004,1.2600000000000007,0.41999999999999993,0.23000000000000043,-0.35999999999999943,0.580000000000001,0.11000000000000032,1.13,-1.0099999999999998,0.08000000000000007,-0.009999999999999787,-0.8599999999999994,-0.29000000000000004,-0.08000000000000007,0.28000000000000025,-1.62,0.7700000000000005,-1.9100000000000001,0.4300000000000006,0.25,0.5499999999999998,0.830000000000001,0.5699999999999994,1.4500000000000002,-0.23999999999999932,0.1900000000000004,-0.8999999999999995,0.23000000000000043,-0.20999999999999996,-1.2599999999999998,1.8999999999999995,-0.20000000000000018,-0.9500000000000002,-1.2299999999999995,-1.75,-1.870000000000001,-2.000000000000001,-2.3600000000000003,-1.25,-1.4400000000000013,-3.960000000000001,-3.3600000000000003,-1.0300000000000011,-0.6500000000000004,-1.9800000000000004,-1.870000000000001,-3.0300000000000002,-2.2,-2.170000000000001,-2.9400000000000004,-0.75,-1.6300000000000008,-2.1500000000000004,-2.0600000000000005,-1.3800000000000008,-1.040000000000001,-2.8100000000000005,-2.3900000000000006,-2.8500000000000005,-1.0500000000000007,-2.2600000000000007,-2.4800000000000004,-1.8200000000000003,-2.2,-1.450000000000001,-1.7500000000000009,-1.4700000000000006,-2.3000000000000007,-3.000000000000001,-0.2400000000000002,-2.210000000000001,-1.120000000000001,-1.6800000000000006,-1.6100000000000012,-3.880000000000001,-1.42,-1.6600000000000001,-2.95,-2.750000000000001,-2.0100000000000007,-2.210000000000001,-2.3100000000000005,-1.0200000000000014,-0.870000000000001,-1.1500000000000004,-1.6800000000000006,-1.5300000000000011,-2.460000000000001,-0.9100000000000001,-1.7500000000000009,-1.9400000000000004,-2.5300000000000002,-1.5899999999999999,-2.0600000000000005,-1.040000000000001,-3.1800000000000006,-2.0900000000000007,-2.1800000000000006,-3.0300000000000002,-2.460000000000001,-2.250000000000001,-1.8900000000000006,-3.790000000000001,-1.4000000000000004,-4.080000000000001,-1.7400000000000002,-1.9200000000000008,-1.620000000000001,-1.3399999999999999,-1.6000000000000014,-0.7200000000000006,-2.41,-1.9800000000000004,-3.0700000000000003,-1.9400000000000004,-2.380000000000001,-3.4300000000000006,-0.27000000000000135,-2.370000000000001,-3.120000000000001,-3.4000000000000004,-3.920000000000001,0.2699999999999996,0.13999999999999968,-0.21999999999999975,0.8900000000000006,0.6999999999999993,-1.8200000000000003,-1.2199999999999998,1.1099999999999994,1.4900000000000002,0.16000000000000014,0.2699999999999996,-0.8899999999999997,-0.05999999999999961,-0.03000000000000025,-0.7999999999999998,1.3900000000000006,0.5099999999999998,-0.009999999999999787,0.08000000000000007,0.7599999999999998,1.0999999999999996,-0.6699999999999999,-0.25,-0.71,1.0899999999999999,-0.1200000000000001,-0.33999999999999986,0.3200000000000003,-0.05999999999999961,0.6899999999999995,0.3899999999999997,0.6699999999999999,-0.16000000000000014,-0.8600000000000003,1.9000000000000004,-0.07000000000000028,1.0199999999999996,0.45999999999999996,0.5299999999999994,-1.7400000000000002,0.7200000000000006,0.4800000000000004,-0.8099999999999996,-0.6100000000000003,0.1299999999999999,-0.07000000000000028,-0.16999999999999993,1.1199999999999992,1.2699999999999996,0.9900000000000002,0.45999999999999996,0.6099999999999994,-0.3200000000000003,1.2300000000000004,0.3899999999999997,0.20000000000000018,-0.3899999999999997,0.5500000000000007,0.08000000000000007,1.0999999999999996,-1.04,0.04999999999999982,-0.040000000000000036,-0.8899999999999997,-0.3200000000000003,-0.11000000000000032,0.25,-1.6500000000000004,0.7400000000000002,-1.9400000000000004,0.40000000000000036,0.21999999999999975,0.5199999999999996,0.8000000000000007,0.5399999999999991,1.42,-0.2699999999999996,0.16000000000000014,-0.9299999999999997,0.20000000000000018,-0.2400000000000002,-1.29,1.8699999999999992,-0.23000000000000043,-0.9800000000000004,-1.2599999999999998,-1.7800000000000002,-1.7699999999999996,-1.8999999999999995,-2.259999999999999,-1.1499999999999986,-1.3399999999999999,-3.8599999999999994,-3.259999999999999,-0.9299999999999997,-0.5499999999999989,-1.879999999999999,-1.7699999999999996,-2.929999999999999,-2.0999999999999988,-2.0699999999999994,-2.839999999999999,-0.6499999999999986,-1.5299999999999994,-2.049999999999999,-1.959999999999999,-1.2799999999999994,-0.9399999999999995,-2.709999999999999,-2.289999999999999,-2.749999999999999,-0.9499999999999993,-2.1599999999999993,-2.379999999999999,-1.7199999999999989,-2.0999999999999988,-1.3499999999999996,-1.6499999999999995,-1.3699999999999992,-2.1999999999999993,-2.8999999999999995,-0.1399999999999988,-2.1099999999999994,-1.0199999999999996,-1.5799999999999992,-1.5099999999999998,-3.7799999999999994,-1.3199999999999985,-1.5599999999999987,-2.8499999999999988,-2.6499999999999995,-1.9099999999999993,-2.1099999999999994,-2.209999999999999,-0.9199999999999999,-0.7699999999999996,-1.049999999999999,-1.5799999999999992,-1.4299999999999997,-2.3599999999999994,-0.8099999999999987,-1.6499999999999995,-1.839999999999999,-2.429999999999999,-1.4899999999999984,-1.959999999999999,-0.9399999999999995,-3.079999999999999,-1.9899999999999993,-2.079999999999999,-2.929999999999999,-2.3599999999999994,-2.1499999999999995,-1.7899999999999991,-3.6899999999999995,-1.299999999999999,-3.9799999999999995,-1.6399999999999988,-1.8199999999999994,-1.5199999999999996,-1.2399999999999984,-1.5,-0.6199999999999992,-2.3099999999999987,-1.879999999999999,-2.969999999999999,-1.839999999999999,-2.2799999999999994,-3.329999999999999,-0.16999999999999993,-2.2699999999999996,-3.0199999999999996,-3.299999999999999,-3.8199999999999994,-1.1400000000000006,-1.2700000000000005,-1.63,-0.5199999999999996,-0.7100000000000009,-3.2300000000000004,-2.63,-0.3000000000000007,0.08000000000000007,-1.25,-1.1400000000000006,-2.3,-1.4699999999999998,-1.4400000000000004,-2.21,-0.019999999999999574,-0.9000000000000004,-1.42,-1.33,-0.6500000000000004,-0.3100000000000005,-2.08,-1.6600000000000001,-2.12,-0.3200000000000003,-1.5300000000000002,-1.75,-1.0899999999999999,-1.4699999999999998,-0.7200000000000006,-1.0200000000000005,-0.7400000000000002,-1.5700000000000003,-2.2700000000000005,0.4900000000000002,-1.4800000000000004,-0.39000000000000057,-0.9500000000000002,-0.8800000000000008,-3.1500000000000004,-0.6899999999999995,-0.9299999999999997,-2.2199999999999998,-2.0200000000000005,-1.2800000000000002,-1.4800000000000004,-1.58,-0.2900000000000009,-0.14000000000000057,-0.41999999999999993,-0.9500000000000002,-0.8000000000000007,-1.7300000000000004,-0.17999999999999972,-1.0200000000000005,-1.21,-1.7999999999999998,-0.8599999999999994,-1.33,-0.3100000000000005,-2.45,-1.3600000000000003,-1.4500000000000002,-2.3,-1.7300000000000004,-1.5200000000000005,-1.1600000000000001,-3.0600000000000005,-0.6699999999999999,-3.3500000000000005,-1.0099999999999998,-1.1900000000000004,-0.8900000000000006,-0.6099999999999994,-0.870000000000001,0.009999999999999787,-1.6799999999999997,-1.25,-2.34,-1.21,-1.6500000000000004,-2.7,0.4599999999999991,-1.6400000000000006,-2.3900000000000006,-2.67,-3.1900000000000004,-1.3800000000000008,-1.5100000000000007,-1.87,-0.7599999999999998,-0.9500000000000011,-3.4700000000000006,-2.87,-0.5400000000000009,-0.16000000000000014,-1.4900000000000002,-1.3800000000000008,-2.54,-1.71,-1.6800000000000006,-2.45,-0.2599999999999998,-1.1400000000000006,-1.6600000000000001,-1.5700000000000003,-0.8900000000000006,-0.5500000000000007,-2.3200000000000003,-1.9000000000000004,-2.3600000000000003,-0.5600000000000005,-1.7700000000000005,-1.9900000000000002,-1.33,-1.71,-0.9600000000000009,-1.2600000000000007,-0.9800000000000004,-1.8100000000000005,-2.5100000000000007,0.25,-1.7200000000000006,-0.6300000000000008,-1.1900000000000004,-1.120000000000001,-3.3900000000000006,-0.9299999999999997,-1.17,-2.46,-2.2600000000000007,-1.5200000000000005,-1.7200000000000006,-1.8200000000000003,-0.5300000000000011,-0.3800000000000008,-0.6600000000000001,-1.1900000000000004,-1.040000000000001,-1.9700000000000006,-0.41999999999999993,-1.2600000000000007,-1.4500000000000002,-2.04,-1.0999999999999996,-1.5700000000000003,-0.5500000000000007,-2.6900000000000004,-1.6000000000000005,-1.6900000000000004,-2.54,-1.9700000000000006,-1.7600000000000007,-1.4000000000000004,-3.3000000000000007,-0.9100000000000001,-3.5900000000000007,-1.25,-1.4300000000000006,-1.1300000000000008,-0.8499999999999996,-1.1100000000000012,-0.23000000000000043,-1.92,-1.4900000000000002,-2.58,-1.4500000000000002,-1.8900000000000006,-2.9400000000000004,0.21999999999999886,-1.8800000000000008,-2.630000000000001,-2.91,-3.4300000000000006,0.6099999999999994,0.47999999999999954,0.1200000000000001,1.2300000000000004,1.0399999999999991,-1.4800000000000004,-0.8799999999999999,1.4499999999999993,1.83,0.5,0.6099999999999994,-0.5499999999999998,0.28000000000000025,0.3099999999999996,-0.45999999999999996,1.7300000000000004,0.8499999999999996,0.33000000000000007,0.41999999999999993,1.0999999999999996,1.4399999999999995,-0.33000000000000007,0.08999999999999986,-0.3700000000000001,1.4299999999999997,0.21999999999999975,0.0,0.6600000000000001,0.28000000000000025,1.0299999999999994,0.7299999999999995,1.0099999999999998,0.17999999999999972,-0.5200000000000005,2.24,0.2699999999999996,1.3599999999999994,0.7999999999999998,0.8699999999999992,-1.4000000000000004,1.0600000000000005,0.8200000000000003,-0.46999999999999975,-0.27000000000000046,0.46999999999999975,0.2699999999999996,0.16999999999999993,1.459999999999999,1.6099999999999994,1.33,0.7999999999999998,0.9499999999999993,0.019999999999999574,1.5700000000000003,0.7299999999999995,0.54,-0.04999999999999982,0.8900000000000006,0.41999999999999993,1.4399999999999995,-0.7000000000000002,0.3899999999999997,0.2999999999999998,-0.5499999999999998,0.019999999999999574,0.22999999999999954,0.5899999999999999,-1.3100000000000005,1.08,-1.6000000000000005,0.7400000000000002,0.5599999999999996,0.8599999999999994,1.1400000000000006,0.879999999999999,1.7599999999999998,0.07000000000000028,0.5,-0.5899999999999999,0.54,0.09999999999999964,-0.9500000000000002,2.209999999999999,0.10999999999999943,-0.6400000000000006,-0.9199999999999999,-1.4400000000000004,2.2699999999999996,2.1399999999999997,1.7800000000000002,2.8900000000000006,2.6999999999999993,0.17999999999999972,0.7800000000000002,3.1099999999999994,3.49,2.16,2.2699999999999996,1.1100000000000003,1.9400000000000004,1.9699999999999998,1.2000000000000002,3.3900000000000006,2.51,1.9900000000000002,2.08,2.76,3.0999999999999996,1.33,1.75,1.29,3.09,1.88,1.6600000000000001,2.3200000000000003,1.9400000000000004,2.6899999999999995,2.3899999999999997,2.67,1.8399999999999999,1.1399999999999997,3.9000000000000004,1.9299999999999997,3.0199999999999996,2.46,2.5299999999999994,0.2599999999999998,2.7200000000000006,2.4800000000000004,1.1900000000000004,1.3899999999999997,2.13,1.9299999999999997,1.83,3.119999999999999,3.2699999999999996,2.99,2.46,2.6099999999999994,1.6799999999999997,3.2300000000000004,2.3899999999999997,2.2,1.6100000000000003,2.5500000000000007,2.08,3.0999999999999996,0.96,2.05,1.96,1.1100000000000003,1.6799999999999997,1.8899999999999997,2.25,0.34999999999999964,2.74,0.05999999999999961,2.4000000000000004,2.2199999999999998,2.5199999999999996,2.8000000000000007,2.539999999999999,3.42,1.7300000000000004,2.16,1.0700000000000003,2.2,1.7599999999999998,0.71,3.869999999999999,1.7699999999999996,1.0199999999999996,0.7400000000000002,0.21999999999999975,-0.45000000000000107,-0.580000000000001,-0.9400000000000004,0.16999999999999993,-0.02000000000000135,-2.540000000000001,-1.9400000000000004,0.3899999999999988,0.7699999999999996,-0.5600000000000005,-0.45000000000000107,-1.6100000000000003,-0.7800000000000002,-0.7500000000000009,-1.5200000000000005,0.6699999999999999,-0.21000000000000085,-0.7300000000000004,-0.6400000000000006,0.03999999999999915,0.379999999999999,-1.3900000000000006,-0.9700000000000006,-1.4300000000000006,0.3699999999999992,-0.8400000000000007,-1.0600000000000005,-0.40000000000000036,-0.7800000000000002,-0.030000000000001137,-0.33000000000000096,-0.05000000000000071,-0.8800000000000008,-1.580000000000001,1.1799999999999997,-0.7900000000000009,0.29999999999999893,-0.2600000000000007,-0.19000000000000128,-2.460000000000001,0.0,-0.2400000000000002,-1.5300000000000002,-1.330000000000001,-0.5900000000000007,-0.7900000000000009,-0.8900000000000006,0.3999999999999986,0.5499999999999989,0.2699999999999996,-0.2600000000000007,-0.11000000000000121,-1.040000000000001,0.5099999999999998,-0.33000000000000096,-0.5200000000000005,-1.1100000000000003,-0.16999999999999993,-0.6400000000000006,0.379999999999999,-1.7600000000000007,-0.6700000000000008,-0.7600000000000007,-1.6100000000000003,-1.040000000000001,-0.830000000000001,-0.47000000000000064,-2.370000000000001,0.019999999999999574,-2.660000000000001,-0.3200000000000003,-0.5000000000000009,-0.20000000000000107,0.08000000000000007,-0.1800000000000015,0.6999999999999993,-0.9900000000000002,-0.5600000000000005,-1.6500000000000004,-0.5200000000000005,-0.9600000000000009,-2.0100000000000007,1.1499999999999986,-0.9500000000000011,-1.700000000000001,-1.9800000000000004,-2.500000000000001,-1.7200000000000006,-1.8500000000000005,-2.21,-1.0999999999999996,-1.290000000000001,-3.8100000000000005,-3.21,-0.8800000000000008,-0.5,-1.83,-1.7200000000000006,-2.88,-2.05,-2.0200000000000005,-2.79,-0.5999999999999996,-1.4800000000000004,-2.0,-1.9100000000000001,-1.2300000000000004,-0.8900000000000006,-2.66,-2.24,-2.7,-0.9000000000000004,-2.1100000000000003,-2.33,-1.67,-2.05,-1.3000000000000007,-1.6000000000000005,-1.3200000000000003,-2.1500000000000004,-2.8500000000000005,-0.08999999999999986,-2.0600000000000005,-0.9700000000000006,-1.5300000000000002,-1.4600000000000009,-3.7300000000000004,-1.2699999999999996,-1.5099999999999998,-2.8,-2.6000000000000005,-1.8600000000000003,-2.0600000000000005,-2.16,-0.870000000000001,-0.7200000000000006,-1.0,-1.5300000000000002,-1.3800000000000008,-2.3100000000000005,-0.7599999999999998,-1.6000000000000005,-1.79,-2.38,-1.4399999999999995,-1.9100000000000001,-0.8900000000000006,-3.0300000000000002,-1.9400000000000004,-2.0300000000000002,-2.88,-2.3100000000000005,-2.1000000000000005,-1.7400000000000002,-3.6400000000000006,-1.25,-3.9300000000000006,-1.5899999999999999,-1.7700000000000005,-1.4700000000000006,-1.1899999999999995,-1.450000000000001,-0.5700000000000003,-2.26,-1.83,-2.92,-1.79,-2.2300000000000004,-3.2800000000000002,-0.120000000000001,-2.2200000000000006,-2.9700000000000006,-3.25,-3.7700000000000005,-1.4000000000000004,-1.5300000000000002,-1.8899999999999997,-0.7799999999999994,-0.9700000000000006,-3.49,-2.8899999999999997,-0.5600000000000005,-0.17999999999999972,-1.5099999999999998,-1.4000000000000004,-2.5599999999999996,-1.7299999999999995,-1.7000000000000002,-2.4699999999999998,-0.27999999999999936,-1.1600000000000001,-1.6799999999999997,-1.5899999999999999,-0.9100000000000001,-0.5700000000000003,-2.34,-1.92,-2.38,-0.5800000000000001,-1.79,-2.01,-1.3499999999999996,-1.7299999999999995,-0.9800000000000004,-1.2800000000000002,-1.0,-1.83,-2.5300000000000002,0.23000000000000043,-1.7400000000000002,-0.6500000000000004,-1.21,-1.1400000000000006,-3.41,-0.9499999999999993,-1.1899999999999995,-2.4799999999999995,-2.2800000000000002,-1.54,-1.7400000000000002,-1.8399999999999999,-0.5500000000000007,-0.40000000000000036,-0.6799999999999997,-1.21,-1.0600000000000005,-1.9900000000000002,-0.4399999999999995,-1.2800000000000002,-1.4699999999999998,-2.0599999999999996,-1.1199999999999992,-1.5899999999999999,-0.5700000000000003,-2.71,-1.62,-1.71,-2.5599999999999996,-1.9900000000000002,-1.7800000000000002,-1.42,-3.3200000000000003,-0.9299999999999997,-3.6100000000000003,-1.2699999999999996,-1.4500000000000002,-1.1500000000000004,-0.8699999999999992,-1.1300000000000008,-0.25,-1.9399999999999995,-1.5099999999999998,-2.5999999999999996,-1.4699999999999998,-1.9100000000000001,-2.96,0.1999999999999993,-1.9000000000000004,-2.6500000000000004,-2.9299999999999997,-3.45,-1.0999999999999996,-1.2299999999999995,-1.589999999999999,-0.47999999999999865,-0.6699999999999999,-3.1899999999999995,-2.589999999999999,-0.2599999999999998,0.120000000000001,-1.209999999999999,-1.0999999999999996,-2.259999999999999,-1.4299999999999988,-1.3999999999999995,-2.169999999999999,0.02000000000000135,-0.8599999999999994,-1.379999999999999,-1.2899999999999991,-0.6099999999999994,-0.2699999999999996,-2.039999999999999,-1.6199999999999992,-2.079999999999999,-0.27999999999999936,-1.4899999999999993,-1.709999999999999,-1.049999999999999,-1.4299999999999988,-0.6799999999999997,-0.9799999999999995,-0.6999999999999993,-1.5299999999999994,-2.2299999999999995,0.5300000000000011,-1.4399999999999995,-0.34999999999999964,-0.9099999999999993,-0.8399999999999999,-3.1099999999999994,-0.6499999999999986,-0.8899999999999988,-2.179999999999999,-1.9799999999999995,-1.2399999999999993,-1.4399999999999995,-1.5399999999999991,-0.25,-0.09999999999999964,-0.379999999999999,-0.9099999999999993,-0.7599999999999998,-1.6899999999999995,-0.1399999999999988,-0.9799999999999995,-1.169999999999999,-1.759999999999999,-0.8199999999999985,-1.2899999999999991,-0.2699999999999996,-2.4099999999999993,-1.3199999999999994,-1.4099999999999993,-2.259999999999999,-1.6899999999999995,-1.4799999999999995,-1.1199999999999992,-3.0199999999999996,-0.629999999999999,-3.3099999999999996,-0.9699999999999989,-1.1499999999999995,-0.8499999999999996,-0.5699999999999985,-0.8300000000000001,0.05000000000000071,-1.6399999999999988,-1.209999999999999,-2.299999999999999,-1.169999999999999,-1.6099999999999994,-2.6599999999999993,0.5,-1.5999999999999996,-2.3499999999999996,-2.629999999999999,-3.1499999999999995,-1.2100000000000009,-1.3400000000000007,-1.7000000000000002,-0.5899999999999999,-0.7800000000000011,-3.3000000000000007,-2.7,-0.370000000000001,0.009999999999999787,-1.3200000000000003,-1.2100000000000009,-2.37,-1.54,-1.5100000000000007,-2.2800000000000002,-0.08999999999999986,-0.9700000000000006,-1.4900000000000002,-1.4000000000000004,-0.7200000000000006,-0.3800000000000008,-2.1500000000000004,-1.7300000000000004,-2.1900000000000004,-0.39000000000000057,-1.6000000000000005,-1.8200000000000003,-1.1600000000000001,-1.54,-0.7900000000000009,-1.0900000000000007,-0.8100000000000005,-1.6400000000000006,-2.3400000000000007,0.41999999999999993,-1.5500000000000007,-0.46000000000000085,-1.0200000000000005,-0.9500000000000011,-3.2200000000000006,-0.7599999999999998,-1.0,-2.29,-2.0900000000000007,-1.3500000000000005,-1.5500000000000007,-1.6500000000000004,-0.3600000000000012,-0.21000000000000085,-0.4900000000000002,-1.0200000000000005,-0.870000000000001,-1.8000000000000007,-0.25,-1.0900000000000007,-1.2800000000000002,-1.87,-0.9299999999999997,-1.4000000000000004,-0.3800000000000008,-2.5200000000000005,-1.4300000000000006,-1.5200000000000005,-2.37,-1.8000000000000007,-1.5900000000000007,-1.2300000000000004,-3.130000000000001,-0.7400000000000002,-3.420000000000001,-1.08,-1.2600000000000007,-0.9600000000000009,-0.6799999999999997,-0.9400000000000013,-0.0600000000000005,-1.75,-1.3200000000000003,-2.41,-1.2800000000000002,-1.7200000000000006,-2.7700000000000005,0.3899999999999988,-1.7100000000000009,-2.460000000000001,-2.74,-3.2600000000000007,-1.7599999999999998,-1.8899999999999997,-2.249999999999999,-1.1399999999999988,-1.33,-3.8499999999999996,-3.249999999999999,-0.9199999999999999,-0.5399999999999991,-1.8699999999999992,-1.7599999999999998,-2.919999999999999,-2.089999999999999,-2.0599999999999996,-2.829999999999999,-0.6399999999999988,-1.5199999999999996,-2.039999999999999,-1.9499999999999993,-1.2699999999999996,-0.9299999999999997,-2.6999999999999993,-2.2799999999999994,-2.7399999999999993,-0.9399999999999995,-2.1499999999999995,-2.369999999999999,-1.709999999999999,-2.089999999999999,-1.3399999999999999,-1.6399999999999997,-1.3599999999999994,-2.1899999999999995,-2.8899999999999997,-0.129999999999999,-2.0999999999999996,-1.0099999999999998,-1.5699999999999994,-1.5,-3.7699999999999996,-1.3099999999999987,-1.549999999999999,-2.839999999999999,-2.6399999999999997,-1.8999999999999995,-2.0999999999999996,-2.1999999999999993,-0.9100000000000001,-0.7599999999999998,-1.0399999999999991,-1.5699999999999994,-1.42,-2.3499999999999996,-0.7999999999999989,-1.6399999999999997,-1.8299999999999992,-2.419999999999999,-1.4799999999999986,-1.9499999999999993,-0.9299999999999997,-3.0699999999999994,-1.9799999999999995,-2.0699999999999994,-2.919999999999999,-2.3499999999999996,-2.1399999999999997,-1.7799999999999994,-3.6799999999999997,-1.2899999999999991,-3.9699999999999998,-1.629999999999999,-1.8099999999999996,-1.5099999999999998,-1.2299999999999986,-1.4900000000000002,-0.6099999999999994,-2.299999999999999,-1.8699999999999992,-2.959999999999999,-1.8299999999999992,-2.2699999999999996,-3.3199999999999994,-0.16000000000000014,-2.26,-3.01,-3.289999999999999,-3.8099999999999996,-0.33000000000000007,-0.45999999999999996,-0.8199999999999994,0.2900000000000009,0.09999999999999964,-2.42,-1.8199999999999994,0.5099999999999998,0.8900000000000006,-0.4399999999999995,-0.33000000000000007,-1.4899999999999993,-0.6599999999999993,-0.6299999999999999,-1.3999999999999995,0.7900000000000009,-0.08999999999999986,-0.6099999999999994,-0.5199999999999996,0.16000000000000014,0.5,-1.2699999999999996,-0.8499999999999996,-1.3099999999999996,0.4900000000000002,-0.7199999999999998,-0.9399999999999995,-0.27999999999999936,-0.6599999999999993,0.08999999999999986,-0.20999999999999996,0.07000000000000028,-0.7599999999999998,-1.46,1.3000000000000007,-0.6699999999999999,0.41999999999999993,-0.13999999999999968,-0.07000000000000028,-2.34,0.120000000000001,-0.11999999999999922,-1.4099999999999993,-1.21,-0.46999999999999975,-0.6699999999999999,-0.7699999999999996,0.5199999999999996,0.6699999999999999,0.39000000000000057,-0.13999999999999968,0.009999999999999787,-0.9199999999999999,0.6300000000000008,-0.20999999999999996,-0.39999999999999947,-0.9899999999999993,-0.049999999999998934,-0.5199999999999996,0.5,-1.6399999999999997,-0.5499999999999998,-0.6399999999999997,-1.4899999999999993,-0.9199999999999999,-0.71,-0.34999999999999964,-2.25,0.14000000000000057,-2.54,-0.1999999999999993,-0.3799999999999999,-0.08000000000000007,0.20000000000000107,-0.0600000000000005,0.8200000000000003,-0.8699999999999992,-0.4399999999999995,-1.5299999999999994,-0.39999999999999947,-0.8399999999999999,-1.8899999999999997,1.2699999999999996,-0.8300000000000001,-1.58,-1.8599999999999994,-2.38,0.0699999999999994,-0.0600000000000005,-0.41999999999999993,0.6900000000000004,0.4999999999999991,-2.0200000000000005,-1.42,0.9099999999999993,1.29,-0.040000000000000036,0.0699999999999994,-1.0899999999999999,-0.2599999999999998,-0.23000000000000043,-1.0,1.1900000000000004,0.3099999999999996,-0.20999999999999996,-0.1200000000000001,0.5599999999999996,0.8999999999999995,-0.8700000000000001,-0.4500000000000002,-0.9100000000000001,0.8899999999999997,-0.3200000000000003,-0.54,0.1200000000000001,-0.2599999999999998,0.4899999999999993,0.1899999999999995,0.46999999999999975,-0.3600000000000003,-1.0600000000000005,1.7000000000000002,-0.27000000000000046,0.8199999999999994,0.2599999999999998,0.3299999999999992,-1.9400000000000004,0.5200000000000005,0.28000000000000025,-1.0099999999999998,-0.8100000000000005,-0.07000000000000028,-0.27000000000000046,-0.3700000000000001,0.919999999999999,1.0699999999999994,0.79,0.2599999999999998,0.40999999999999925,-0.5200000000000005,1.0300000000000002,0.1899999999999995,0.0,-0.5899999999999999,0.35000000000000053,-0.1200000000000001,0.8999999999999995,-1.2400000000000002,-0.15000000000000036,-0.2400000000000002,-1.0899999999999999,-0.5200000000000005,-0.3100000000000005,0.04999999999999982,-1.8500000000000005,0.54,-2.1400000000000006,0.20000000000000018,0.019999999999999574,0.3199999999999994,0.6000000000000005,0.33999999999999897,1.2199999999999998,-0.46999999999999975,-0.040000000000000036,-1.13,0.0,-0.4400000000000004,-1.4900000000000002,1.669999999999999,-0.4300000000000006,-1.1800000000000006,-1.46,-1.9800000000000004,0.0699999999999994,-0.0600000000000005,-0.41999999999999993,0.6900000000000004,0.4999999999999991,-2.0200000000000005,-1.42,0.9099999999999993,1.29,-0.040000000000000036,0.0699999999999994,-1.0899999999999999,-0.2599999999999998,-0.23000000000000043,-1.0,1.1900000000000004,0.3099999999999996,-0.20999999999999996,-0.1200000000000001,0.5599999999999996,0.8999999999999995,-0.8700000000000001,-0.4500000000000002,-0.9100000000000001,0.8899999999999997,-0.3200000000000003,-0.54,0.1200000000000001,-0.2599999999999998,0.4899999999999993,0.1899999999999995,0.46999999999999975,-0.3600000000000003,-1.0600000000000005,1.7000000000000002,-0.27000000000000046,0.8199999999999994,0.2599999999999998,0.3299999999999992,-1.9400000000000004,0.5200000000000005,0.28000000000000025,-1.0099999999999998,-0.8100000000000005,-0.07000000000000028,-0.27000000000000046,-0.3700000000000001,0.919999999999999,1.0699999999999994,0.79,0.2599999999999998,0.40999999999999925,-0.5200000000000005,1.0300000000000002,0.1899999999999995,0.0,-0.5899999999999999,0.35000000000000053,-0.1200000000000001,0.8999999999999995,-1.2400000000000002,-0.15000000000000036,-0.2400000000000002,-1.0899999999999999,-0.5200000000000005,-0.3100000000000005,0.04999999999999982,-1.8500000000000005,0.54,-2.1400000000000006,0.20000000000000018,0.019999999999999574,0.3199999999999994,0.6000000000000005,0.33999999999999897,1.2199999999999998,-0.46999999999999975,-0.040000000000000036,-1.13,0.0,-0.4400000000000004,-1.4900000000000002,1.669999999999999,-0.4300000000000006,-1.1800000000000006,-1.46,-1.9800000000000004,-0.9500000000000011,-1.080000000000001,-1.4400000000000004,-0.33000000000000007,-0.5200000000000014,-3.040000000000001,-2.4400000000000004,-0.11000000000000121,0.2699999999999996,-1.0600000000000005,-0.9500000000000011,-2.1100000000000003,-1.2800000000000002,-1.2500000000000009,-2.0200000000000005,0.16999999999999993,-0.7100000000000009,-1.2300000000000004,-1.1400000000000006,-0.46000000000000085,-0.120000000000001,-1.8900000000000006,-1.4700000000000006,-1.9300000000000006,-0.13000000000000078,-1.3400000000000007,-1.5600000000000005,-0.9000000000000004,-1.2800000000000002,-0.5300000000000011,-0.830000000000001,-0.5500000000000007,-1.3800000000000008,-2.080000000000001,0.6799999999999997,-1.290000000000001,-0.20000000000000107,-0.7600000000000007,-0.6900000000000013,-2.960000000000001,-0.5,-0.7400000000000002,-2.0300000000000002,-1.830000000000001,-1.0900000000000007,-1.290000000000001,-1.3900000000000006,-0.10000000000000142,0.049999999999998934,-0.23000000000000043,-0.7600000000000007,-0.6100000000000012,-1.540000000000001,0.009999999999999787,-0.830000000000001,-1.0200000000000005,-1.6100000000000003,-0.6699999999999999,-1.1400000000000006,-0.120000000000001,-2.2600000000000007,-1.1700000000000008,-1.2600000000000007,-2.1100000000000003,-1.540000000000001,-1.330000000000001,-0.9700000000000006,-2.870000000000001,-0.4800000000000004,-3.160000000000001,-0.8200000000000003,-1.0000000000000009,-0.7000000000000011,-0.41999999999999993,-0.6800000000000015,0.1999999999999993,-1.4900000000000002,-1.0600000000000005,-2.1500000000000004,-1.0200000000000005,-1.4600000000000009,-2.5100000000000007,0.6499999999999986,-1.450000000000001,-2.200000000000001,-2.4800000000000004,-3.000000000000001,0.14999999999999947,0.019999999999999574,-0.33999999999999986,0.7700000000000005,0.5799999999999992,-1.9400000000000004,-1.3399999999999999,0.9899999999999993,1.37,0.040000000000000036,0.14999999999999947,-1.0099999999999998,-0.17999999999999972,-0.15000000000000036,-0.9199999999999999,1.2700000000000005,0.3899999999999997,-0.1299999999999999,-0.040000000000000036,0.6399999999999997,0.9799999999999995,-0.79,-0.3700000000000001,-0.8300000000000001,0.9699999999999998,-0.2400000000000002,-0.45999999999999996,0.20000000000000018,-0.17999999999999972,0.5699999999999994,0.2699999999999996,0.5499999999999998,-0.28000000000000025,-0.9800000000000004,1.7800000000000002,-0.1900000000000004,0.8999999999999995,0.33999999999999986,0.40999999999999925,-1.8600000000000003,0.6000000000000005,0.3600000000000003,-0.9299999999999997,-0.7300000000000004,0.009999999999999787,-0.1900000000000004,-0.29000000000000004,0.9999999999999991,1.1499999999999995,0.8700000000000001,0.33999999999999986,0.4899999999999993,-0.4400000000000004,1.1100000000000003,0.2699999999999996,0.08000000000000007,-0.5099999999999998,0.4300000000000006,-0.040000000000000036,0.9799999999999995,-1.1600000000000001,-0.07000000000000028,-0.16000000000000014,-1.0099999999999998,-0.4400000000000004,-0.23000000000000043,0.1299999999999999,-1.7700000000000005,0.6200000000000001,-2.0600000000000005,0.28000000000000025,0.09999999999999964,0.39999999999999947,0.6800000000000006,0.41999999999999904,1.2999999999999998,-0.3899999999999997,0.040000000000000036,-1.0499999999999998,0.08000000000000007,-0.3600000000000003,-1.4100000000000001,1.7499999999999991,-0.35000000000000053,-1.1000000000000005,-1.38,-1.9000000000000004,-0.75,-0.8799999999999999,-1.2399999999999993,-0.129999999999999,-0.3200000000000003,-2.84,-2.2399999999999993,0.08999999999999986,0.47000000000000064,-0.8599999999999994,-0.75,-1.9099999999999993,-1.0799999999999992,-1.0499999999999998,-1.8199999999999994,0.370000000000001,-0.5099999999999998,-1.0299999999999994,-0.9399999999999995,-0.2599999999999998,0.08000000000000007,-1.6899999999999995,-1.2699999999999996,-1.7299999999999995,0.07000000000000028,-1.1399999999999997,-1.3599999999999994,-0.6999999999999993,-1.0799999999999992,-0.33000000000000007,-0.6299999999999999,-0.34999999999999964,-1.1799999999999997,-1.88,0.8800000000000008,-1.0899999999999999,0.0,-0.5599999999999996,-0.4900000000000002,-2.76,-0.29999999999999893,-0.5399999999999991,-1.8299999999999992,-1.63,-0.8899999999999997,-1.0899999999999999,-1.1899999999999995,0.09999999999999964,0.25,-0.02999999999999936,-0.5599999999999996,-0.41000000000000014,-1.3399999999999999,0.21000000000000085,-0.6299999999999999,-0.8199999999999994,-1.4099999999999993,-0.46999999999999886,-0.9399999999999995,0.08000000000000007,-2.0599999999999996,-0.9699999999999998,-1.0599999999999996,-1.9099999999999993,-1.3399999999999999,-1.13,-0.7699999999999996,-2.67,-0.27999999999999936,-2.96,-0.6199999999999992,-0.7999999999999998,-0.5,-0.21999999999999886,-0.4800000000000004,0.40000000000000036,-1.2899999999999991,-0.8599999999999994,-1.9499999999999993,-0.8199999999999994,-1.2599999999999998,-2.3099999999999996,0.8499999999999996,-1.25,-2.0,-2.2799999999999994,-2.8,-1.6300000000000008,-1.7600000000000007,-2.12,-1.0099999999999998,-1.200000000000001,-3.7200000000000006,-3.12,-0.7900000000000009,-0.41000000000000014,-1.7400000000000002,-1.6300000000000008,-2.79,-1.96,-1.9300000000000006,-2.7,-0.5099999999999998,-1.3900000000000006,-1.9100000000000001,-1.8200000000000003,-1.1400000000000006,-0.8000000000000007,-2.5700000000000003,-2.1500000000000004,-2.6100000000000003,-0.8100000000000005,-2.0200000000000005,-2.24,-1.58,-1.96,-1.2100000000000009,-1.5100000000000007,-1.2300000000000004,-2.0600000000000005,-2.7600000000000007,0.0,-1.9700000000000006,-0.8800000000000008,-1.4400000000000004,-1.370000000000001,-3.6400000000000006,-1.1799999999999997,-1.42,-2.71,-2.5100000000000007,-1.7700000000000005,-1.9700000000000006,-2.0700000000000003,-0.7800000000000011,-0.6300000000000008,-0.9100000000000001,-1.4400000000000004,-1.290000000000001,-2.2200000000000006,-0.6699999999999999,-1.5100000000000007,-1.7000000000000002,-2.29,-1.3499999999999996,-1.8200000000000003,-0.8000000000000007,-2.9400000000000004,-1.8500000000000005,-1.9400000000000004,-2.79,-2.2200000000000006,-2.0100000000000007,-1.6500000000000004,-3.5500000000000007,-1.1600000000000001,-3.8400000000000007,-1.5,-1.6800000000000006,-1.3800000000000008,-1.0999999999999996,-1.3600000000000012,-0.4800000000000004,-2.17,-1.7400000000000002,-2.83,-1.7000000000000002,-2.1400000000000006,-3.1900000000000004,-0.030000000000001137,-2.130000000000001,-2.880000000000001,-3.16,-3.6800000000000006,-1.0500000000000007,-1.1800000000000006,-1.54,-0.4299999999999997,-0.620000000000001,-3.1400000000000006,-2.54,-0.21000000000000085,0.16999999999999993,-1.1600000000000001,-1.0500000000000007,-2.21,-1.38,-1.3500000000000005,-2.12,0.07000000000000028,-0.8100000000000005,-1.33,-1.2400000000000002,-0.5600000000000005,-0.22000000000000064,-1.9900000000000002,-1.5700000000000003,-2.0300000000000002,-0.23000000000000043,-1.4400000000000004,-1.6600000000000001,-1.0,-1.38,-0.6300000000000008,-0.9300000000000006,-0.6500000000000004,-1.4800000000000004,-2.1800000000000006,0.5800000000000001,-1.3900000000000006,-0.3000000000000007,-0.8600000000000003,-0.7900000000000009,-3.0600000000000005,-0.5999999999999996,-0.8399999999999999,-2.13,-1.9300000000000006,-1.1900000000000004,-1.3900000000000006,-1.4900000000000002,-0.20000000000000107,-0.05000000000000071,-0.33000000000000007,-0.8600000000000003,-0.7100000000000009,-1.6400000000000006,-0.08999999999999986,-0.9300000000000006,-1.12,-1.71,-0.7699999999999996,-1.2400000000000002,-0.22000000000000064,-2.3600000000000003,-1.2700000000000005,-1.3600000000000003,-2.21,-1.6400000000000006,-1.4300000000000006,-1.0700000000000003,-2.9700000000000006,-0.5800000000000001,-3.2600000000000007,-0.9199999999999999,-1.1000000000000005,-0.8000000000000007,-0.5199999999999996,-0.7800000000000011,0.09999999999999964,-1.5899999999999999,-1.1600000000000001,-2.25,-1.12,-1.5600000000000005,-2.6100000000000003,0.5499999999999989,-1.5500000000000007,-2.3000000000000007,-2.58,-3.1000000000000005,-0.23000000000000043,-0.3600000000000003,-0.7199999999999998,0.39000000000000057,0.1999999999999993,-2.3200000000000003,-1.7199999999999998,0.6099999999999994,0.9900000000000002,-0.33999999999999986,-0.23000000000000043,-1.3899999999999997,-0.5599999999999996,-0.5300000000000002,-1.2999999999999998,0.8900000000000006,0.009999999999999787,-0.5099999999999998,-0.41999999999999993,0.2599999999999998,0.5999999999999996,-1.17,-0.75,-1.21,0.5899999999999999,-0.6200000000000001,-0.8399999999999999,-0.17999999999999972,-0.5599999999999996,0.1899999999999995,-0.11000000000000032,0.16999999999999993,-0.6600000000000001,-1.3600000000000003,1.4000000000000004,-0.5700000000000003,0.5199999999999996,-0.040000000000000036,0.02999999999999936,-2.24,0.22000000000000064,-0.019999999999999574,-1.3099999999999996,-1.1100000000000003,-0.3700000000000001,-0.5700000000000003,-0.6699999999999999,0.6199999999999992,0.7699999999999996,0.4900000000000002,-0.040000000000000036,0.10999999999999943,-0.8200000000000003,0.7300000000000004,-0.11000000000000032,-0.2999999999999998,-0.8899999999999997,0.05000000000000071,-0.41999999999999993,0.5999999999999996,-1.54,-0.4500000000000002,-0.54,-1.3899999999999997,-0.8200000000000003,-0.6100000000000003,-0.25,-2.1500000000000004,0.2400000000000002,-2.4400000000000004,-0.09999999999999964,-0.28000000000000025,0.019999999999999574,0.3000000000000007,0.03999999999999915,0.9199999999999999,-0.7699999999999996,-0.33999999999999986,-1.4299999999999997,-0.2999999999999998,-0.7400000000000002,-1.79,1.3699999999999992,-0.7300000000000004,-1.4800000000000004,-1.7599999999999998,-2.2800000000000002,0.9499999999999993,0.8199999999999994,0.45999999999999996,1.5700000000000003,1.379999999999999,-1.1400000000000006,-0.54,1.7899999999999991,2.17,0.8399999999999999,0.9499999999999993,-0.20999999999999996,0.6200000000000001,0.6499999999999995,-0.1200000000000001,2.0700000000000003,1.1899999999999995,0.6699999999999999,0.7599999999999998,1.4399999999999995,1.7799999999999994,0.009999999999999787,0.4299999999999997,-0.03000000000000025,1.7699999999999996,0.5599999999999996,0.33999999999999986,1.0,0.6200000000000001,1.3699999999999992,1.0699999999999994,1.3499999999999996,0.5199999999999996,-0.1800000000000006,2.58,0.6099999999999994,1.6999999999999993,1.1399999999999997,1.209999999999999,-1.0600000000000005,1.4000000000000004,1.1600000000000001,-0.1299999999999999,0.0699999999999994,0.8099999999999996,0.6099999999999994,0.5099999999999998,1.799999999999999,1.9499999999999993,1.67,1.1399999999999997,1.2899999999999991,0.35999999999999943,1.9100000000000001,1.0699999999999994,0.8799999999999999,0.29000000000000004,1.2300000000000004,0.7599999999999998,1.7799999999999994,-0.3600000000000003,0.7299999999999995,0.6399999999999997,-0.20999999999999996,0.35999999999999943,0.5699999999999994,0.9299999999999997,-0.9700000000000006,1.42,-1.2600000000000007,1.08,0.8999999999999995,1.1999999999999993,1.4800000000000004,1.2199999999999989,2.0999999999999996,0.41000000000000014,0.8399999999999999,-0.25,0.8799999999999999,0.4399999999999995,-0.6100000000000003,2.549999999999999,0.4499999999999993,-0.3000000000000007,-0.5800000000000001,-1.1000000000000005,0.21999999999999975,0.08999999999999986,-0.2699999999999996,0.8400000000000007,0.6499999999999995,-1.87,-1.2699999999999996,1.0599999999999996,1.4400000000000004,0.11000000000000032,0.21999999999999975,-0.9399999999999995,-0.10999999999999943,-0.08000000000000007,-0.8499999999999996,1.3400000000000007,0.45999999999999996,-0.05999999999999961,0.03000000000000025,0.71,1.0499999999999998,-0.7199999999999998,-0.2999999999999998,-0.7599999999999998,1.04,-0.16999999999999993,-0.3899999999999997,0.27000000000000046,-0.10999999999999943,0.6399999999999997,0.33999999999999986,0.6200000000000001,-0.20999999999999996,-0.9100000000000001,1.8500000000000005,-0.1200000000000001,0.9699999999999998,0.41000000000000014,0.47999999999999954,-1.79,0.6700000000000008,0.4300000000000006,-0.8599999999999994,-0.6600000000000001,0.08000000000000007,-0.1200000000000001,-0.21999999999999975,1.0699999999999994,1.2199999999999998,0.9400000000000004,0.41000000000000014,0.5599999999999996,-0.3700000000000001,1.1800000000000006,0.33999999999999986,0.15000000000000036,-0.4399999999999995,0.5000000000000009,0.03000000000000025,1.0499999999999998,-1.0899999999999999,0.0,-0.08999999999999986,-0.9399999999999995,-0.3700000000000001,-0.16000000000000014,0.20000000000000018,-1.7000000000000002,0.6900000000000004,-1.9900000000000002,0.35000000000000053,0.16999999999999993,0.46999999999999975,0.7500000000000009,0.4899999999999993,1.37,-0.3199999999999994,0.11000000000000032,-0.9799999999999995,0.15000000000000036,-0.29000000000000004,-1.3399999999999999,1.8199999999999994,-0.28000000000000025,-1.0300000000000002,-1.3099999999999996,-1.83,-0.5400000000000009,-0.6700000000000008,-1.0300000000000002,0.08000000000000007,-0.11000000000000121,-2.630000000000001,-2.0300000000000002,0.29999999999999893,0.6799999999999997,-0.6500000000000004,-0.5400000000000009,-1.7000000000000002,-0.8700000000000001,-0.8400000000000007,-1.6100000000000003,0.5800000000000001,-0.3000000000000007,-0.8200000000000003,-0.7300000000000004,-0.05000000000000071,0.28999999999999915,-1.4800000000000004,-1.0600000000000005,-1.5200000000000005,0.27999999999999936,-0.9300000000000006,-1.1500000000000004,-0.4900000000000002,-0.8700000000000001,-0.120000000000001,-0.4200000000000008,-0.14000000000000057,-0.9700000000000006,-1.6700000000000008,1.0899999999999999,-0.8800000000000008,0.20999999999999908,-0.35000000000000053,-0.28000000000000114,-2.5500000000000007,-0.08999999999999986,-0.33000000000000007,-1.62,-1.4200000000000008,-0.6800000000000006,-0.8800000000000008,-0.9800000000000004,0.3099999999999987,0.4599999999999991,0.17999999999999972,-0.35000000000000053,-0.20000000000000107,-1.1300000000000008,0.41999999999999993,-0.4200000000000008,-0.6100000000000003,-1.2000000000000002,-0.2599999999999998,-0.7300000000000004,0.28999999999999915,-1.8500000000000005,-0.7600000000000007,-0.8500000000000005,-1.7000000000000002,-1.1300000000000008,-0.9200000000000008,-0.5600000000000005,-2.460000000000001,-0.07000000000000028,-2.750000000000001,-0.41000000000000014,-0.5900000000000007,-0.2900000000000009,-0.009999999999999787,-0.27000000000000135,0.6099999999999994,-1.08,-0.6500000000000004,-1.7400000000000002,-0.6100000000000003,-1.0500000000000007,-2.1000000000000005,1.0599999999999987,-1.040000000000001,-1.790000000000001,-2.0700000000000003,-2.5900000000000007,1.1799999999999997,1.0499999999999998,0.6900000000000004,1.8000000000000007,1.6099999999999994,-0.9100000000000001,-0.3099999999999996,2.0199999999999996,2.4000000000000004,1.0700000000000003,1.1799999999999997,0.020000000000000462,0.8500000000000005,0.8799999999999999,0.11000000000000032,2.3000000000000007,1.42,0.9000000000000004,0.9900000000000002,1.67,2.01,0.2400000000000002,0.6600000000000001,0.20000000000000018,2.0,0.79,0.5700000000000003,1.2300000000000004,0.8500000000000005,1.5999999999999996,1.2999999999999998,1.58,0.75,0.04999999999999982,2.8100000000000005,0.8399999999999999,1.9299999999999997,1.37,1.4399999999999995,-0.8300000000000001,1.6300000000000008,1.3900000000000006,0.10000000000000053,0.2999999999999998,1.04,0.8399999999999999,0.7400000000000002,2.0299999999999994,2.1799999999999997,1.9000000000000004,1.37,1.5199999999999996,0.5899999999999999,2.1400000000000006,1.2999999999999998,1.1100000000000003,0.5200000000000005,1.4600000000000009,0.9900000000000002,2.01,-0.1299999999999999,0.96,0.8700000000000001,0.020000000000000462,0.5899999999999999,0.7999999999999998,1.1600000000000001,-0.7400000000000002,1.6500000000000004,-1.0300000000000002,1.3100000000000005,1.13,1.4299999999999997,1.7100000000000009,1.4499999999999993,2.33,0.6400000000000006,1.0700000000000003,-0.019999999999999574,1.1100000000000003,0.6699999999999999,-0.3799999999999999,2.7799999999999994,0.6799999999999997,-0.07000000000000028,-0.34999999999999964,-0.8700000000000001,-0.5500000000000007,-0.6800000000000006,-1.04,0.07000000000000028,-0.120000000000001,-2.6400000000000006,-2.04,0.28999999999999915,0.6699999999999999,-0.6600000000000001,-0.5500000000000007,-1.71,-0.8799999999999999,-0.8500000000000005,-1.62,0.5700000000000003,-0.3100000000000005,-0.8300000000000001,-0.7400000000000002,-0.0600000000000005,0.27999999999999936,-1.4900000000000002,-1.0700000000000003,-1.5300000000000002,0.2699999999999996,-0.9400000000000004,-1.1600000000000001,-0.5,-0.8799999999999999,-0.13000000000000078,-0.4300000000000006,-0.15000000000000036,-0.9800000000000004,-1.6800000000000006,1.08,-0.8900000000000006,0.1999999999999993,-0.3600000000000003,-0.2900000000000009,-2.5600000000000005,-0.09999999999999964,-0.33999999999999986,-1.63,-1.4300000000000006,-0.6900000000000004,-0.8900000000000006,-0.9900000000000002,0.29999999999999893,0.4499999999999993,0.16999999999999993,-0.3600000000000003,-0.21000000000000085,-1.1400000000000006,0.41000000000000014,-0.4300000000000006,-0.6200000000000001,-1.21,-0.2699999999999996,-0.7400000000000002,0.27999999999999936,-1.8600000000000003,-0.7700000000000005,-0.8600000000000003,-1.71,-1.1400000000000006,-0.9300000000000006,-0.5700000000000003,-2.4700000000000006,-0.08000000000000007,-2.7600000000000007,-0.41999999999999993,-0.6000000000000005,-0.3000000000000007,-0.019999999999999574,-0.28000000000000114,0.5999999999999996,-1.0899999999999999,-0.6600000000000001,-1.75,-0.6200000000000001,-1.0600000000000005,-2.1100000000000003,1.049999999999999,-1.0500000000000007,-1.8000000000000007,-2.08,-2.6000000000000005,-0.46000000000000085,-0.5900000000000007,-0.9500000000000002,0.16000000000000014,-0.030000000000001137,-2.5500000000000007,-1.9500000000000002,0.379999999999999,0.7599999999999998,-0.5700000000000003,-0.46000000000000085,-1.62,-0.79,-0.7600000000000007,-1.5300000000000002,0.6600000000000001,-0.22000000000000064,-0.7400000000000002,-0.6500000000000004,0.02999999999999936,0.3699999999999992,-1.4000000000000004,-0.9800000000000004,-1.4400000000000004,0.35999999999999943,-0.8500000000000005,-1.0700000000000003,-0.41000000000000014,-0.79,-0.040000000000000924,-0.34000000000000075,-0.0600000000000005,-0.8900000000000006,-1.5900000000000007,1.17,-0.8000000000000007,0.28999999999999915,-0.27000000000000046,-0.20000000000000107,-2.4700000000000006,-0.009999999999999787,-0.25,-1.54,-1.3400000000000007,-0.6000000000000005,-0.8000000000000007,-0.9000000000000004,0.3899999999999988,0.5399999999999991,0.2599999999999998,-0.27000000000000046,-0.120000000000001,-1.0500000000000007,0.5,-0.34000000000000075,-0.5300000000000002,-1.12,-0.17999999999999972,-0.6500000000000004,0.3699999999999992,-1.7700000000000005,-0.6800000000000006,-0.7700000000000005,-1.62,-1.0500000000000007,-0.8400000000000007,-0.4800000000000004,-2.380000000000001,0.009999999999999787,-2.670000000000001,-0.33000000000000007,-0.5100000000000007,-0.21000000000000085,0.07000000000000028,-0.19000000000000128,0.6899999999999995,-1.0,-0.5700000000000003,-1.6600000000000001,-0.5300000000000002,-0.9700000000000006,-2.0200000000000005,1.1399999999999988,-0.9600000000000009,-1.7100000000000009,-1.9900000000000002,-2.5100000000000007,0.5699999999999994,0.4399999999999995,0.08000000000000007,1.1900000000000004,0.9999999999999991,-1.5200000000000005,-0.9199999999999999,1.4099999999999993,1.79,0.45999999999999996,0.5699999999999994,-0.5899999999999999,0.2400000000000002,0.2699999999999996,-0.5,1.6900000000000004,0.8099999999999996,0.29000000000000004,0.3799999999999999,1.0599999999999996,1.3999999999999995,-0.3700000000000001,0.04999999999999982,-0.41000000000000014,1.3899999999999997,0.17999999999999972,-0.040000000000000036,0.6200000000000001,0.2400000000000002,0.9899999999999993,0.6899999999999995,0.9699999999999998,0.13999999999999968,-0.5600000000000005,2.2,0.22999999999999954,1.3199999999999994,0.7599999999999998,0.8299999999999992,-1.4400000000000004,1.0200000000000005,0.7800000000000002,-0.5099999999999998,-0.3100000000000005,0.4299999999999997,0.22999999999999954,0.1299999999999999,1.419999999999999,1.5699999999999994,1.29,0.7599999999999998,0.9099999999999993,-0.020000000000000462,1.5300000000000002,0.6899999999999995,0.5,-0.08999999999999986,0.8500000000000005,0.3799999999999999,1.3999999999999995,-0.7400000000000002,0.34999999999999964,0.2599999999999998,-0.5899999999999999,-0.020000000000000462,0.1899999999999995,0.5499999999999998,-1.3500000000000005,1.04,-1.6400000000000006,0.7000000000000002,0.5199999999999996,0.8199999999999994,1.1000000000000005,0.839999999999999,1.7199999999999998,0.03000000000000025,0.45999999999999996,-0.6299999999999999,0.5,0.05999999999999961,-0.9900000000000002,2.169999999999999,0.0699999999999994,-0.6800000000000006,-0.96,-1.4800000000000004,0.04999999999999982,-0.08000000000000007,-0.4399999999999995,0.6700000000000008,0.47999999999999954,-2.04,-1.4399999999999995,0.8899999999999997,1.2700000000000005,-0.05999999999999961,0.04999999999999982,-1.1099999999999994,-0.27999999999999936,-0.25,-1.0199999999999996,1.1700000000000008,0.29000000000000004,-0.22999999999999954,-0.13999999999999968,0.54,0.8799999999999999,-0.8899999999999997,-0.46999999999999975,-0.9299999999999997,0.8700000000000001,-0.33999999999999986,-0.5599999999999996,0.10000000000000053,-0.27999999999999936,0.46999999999999975,0.16999999999999993,0.4500000000000002,-0.3799999999999999,-1.08,1.6800000000000006,-0.29000000000000004,0.7999999999999998,0.2400000000000002,0.3099999999999996,-1.96,0.5000000000000009,0.2600000000000007,-1.0299999999999994,-0.8300000000000001,-0.08999999999999986,-0.29000000000000004,-0.3899999999999997,0.8999999999999995,1.0499999999999998,0.7700000000000005,0.2400000000000002,0.3899999999999997,-0.54,1.0100000000000007,0.16999999999999993,-0.019999999999999574,-0.6099999999999994,0.33000000000000096,-0.13999999999999968,0.8799999999999999,-1.2599999999999998,-0.16999999999999993,-0.2599999999999998,-1.1099999999999994,-0.54,-0.33000000000000007,0.03000000000000025,-1.87,0.5200000000000005,-2.16,0.1800000000000006,0.0,0.2999999999999998,0.580000000000001,0.3199999999999994,1.2000000000000002,-0.4899999999999993,-0.05999999999999961,-1.1499999999999995,-0.019999999999999574,-0.45999999999999996,-1.5099999999999998,1.6499999999999995,-0.4500000000000002,-1.2000000000000002,-1.4799999999999995,-2.0,-0.6500000000000004,-0.7800000000000002,-1.1399999999999997,-0.02999999999999936,-0.22000000000000064,-2.74,-2.1399999999999997,0.1899999999999995,0.5700000000000003,-0.7599999999999998,-0.6500000000000004,-1.8099999999999996,-0.9799999999999995,-0.9500000000000002,-1.7199999999999998,0.47000000000000064,-0.41000000000000014,-0.9299999999999997,-0.8399999999999999,-0.16000000000000014,0.17999999999999972,-1.5899999999999999,-1.17,-1.63,0.16999999999999993,-1.04,-1.2599999999999998,-0.5999999999999996,-0.9799999999999995,-0.23000000000000043,-0.5300000000000002,-0.25,-1.08,-1.7800000000000002,0.9800000000000004,-0.9900000000000002,0.09999999999999964,-0.45999999999999996,-0.39000000000000057,-2.66,-0.1999999999999993,-0.4399999999999995,-1.7299999999999995,-1.5300000000000002,-0.79,-0.9900000000000002,-1.0899999999999999,0.1999999999999993,0.34999999999999964,0.07000000000000028,-0.45999999999999996,-0.3100000000000005,-1.2400000000000002,0.3100000000000005,-0.5300000000000002,-0.7199999999999998,-1.3099999999999996,-0.3699999999999992,-0.8399999999999999,0.17999999999999972,-1.96,-0.8700000000000001,-0.96,-1.8099999999999996,-1.2400000000000002,-1.0300000000000002,-0.6699999999999999,-2.5700000000000003,-0.17999999999999972,-2.8600000000000003,-0.5199999999999996,-0.7000000000000002,-0.40000000000000036,-0.11999999999999922,-0.3800000000000008,0.5,-1.1899999999999995,-0.7599999999999998,-1.8499999999999996,-0.7199999999999998,-1.1600000000000001,-2.21,0.9499999999999993,-1.1500000000000004,-1.9000000000000004,-2.1799999999999997,-2.7,-0.75,-0.8799999999999999,-1.2399999999999993,-0.129999999999999,-0.3200000000000003,-2.84,-2.2399999999999993,0.08999999999999986,0.47000000000000064,-0.8599999999999994,-0.75,-1.9099999999999993,-1.0799999999999992,-1.0499999999999998,-1.8199999999999994,0.370000000000001,-0.5099999999999998,-1.0299999999999994,-0.9399999999999995,-0.2599999999999998,0.08000000000000007,-1.6899999999999995,-1.2699999999999996,-1.7299999999999995,0.07000000000000028,-1.1399999999999997,-1.3599999999999994,-0.6999999999999993,-1.0799999999999992,-0.33000000000000007,-0.6299999999999999,-0.34999999999999964,-1.1799999999999997,-1.88,0.8800000000000008,-1.0899999999999999,0.0,-0.5599999999999996,-0.4900000000000002,-2.76,-0.29999999999999893,-0.5399999999999991,-1.8299999999999992,-1.63,-0.8899999999999997,-1.0899999999999999,-1.1899999999999995,0.09999999999999964,0.25,-0.02999999999999936,-0.5599999999999996,-0.41000000000000014,-1.3399999999999999,0.21000000000000085,-0.6299999999999999,-0.8199999999999994,-1.4099999999999993,-0.46999999999999886,-0.9399999999999995,0.08000000000000007,-2.0599999999999996,-0.9699999999999998,-1.0599999999999996,-1.9099999999999993,-1.3399999999999999,-1.13,-0.7699999999999996,-2.67,-0.27999999999999936,-2.96,-0.6199999999999992,-0.7999999999999998,-0.5,-0.21999999999999886,-0.4800000000000004,0.40000000000000036,-1.2899999999999991,-0.8599999999999994,-1.9499999999999993,-0.8199999999999994,-1.2599999999999998,-2.3099999999999996,0.8499999999999996,-1.25,-2.0,-2.2799999999999994,-2.8,1.46,1.33,0.9700000000000006,2.080000000000001,1.8899999999999997,-0.6299999999999999,-0.02999999999999936,2.3,2.6800000000000006,1.3500000000000005,1.46,0.3000000000000007,1.1300000000000008,1.1600000000000001,0.39000000000000057,2.580000000000001,1.7000000000000002,1.1800000000000006,1.2700000000000005,1.9500000000000002,2.29,0.5200000000000005,0.9400000000000004,0.4800000000000004,2.2800000000000002,1.0700000000000003,0.8500000000000005,1.5100000000000007,1.1300000000000008,1.88,1.58,1.8600000000000003,1.0300000000000002,0.33000000000000007,3.0900000000000007,1.12,2.21,1.6500000000000004,1.7199999999999998,-0.5499999999999998,1.910000000000001,1.6700000000000008,0.3800000000000008,0.5800000000000001,1.3200000000000003,1.12,1.0200000000000005,2.3099999999999996,2.46,2.1800000000000006,1.6500000000000004,1.7999999999999998,0.8700000000000001,2.420000000000001,1.58,1.3900000000000006,0.8000000000000007,1.740000000000001,1.2700000000000005,2.29,0.15000000000000036,1.2400000000000002,1.1500000000000004,0.3000000000000007,0.8700000000000001,1.08,1.4400000000000004,-0.45999999999999996,1.9300000000000006,-0.75,1.5900000000000007,1.4100000000000001,1.71,1.990000000000001,1.7299999999999995,2.6100000000000003,0.9200000000000008,1.3500000000000005,0.2600000000000007,1.3900000000000006,0.9500000000000002,-0.09999999999999964,3.0599999999999996,0.96,0.20999999999999996,-0.0699999999999994,-0.5899999999999999,0.14999999999999947,0.019999999999999574,-0.33999999999999986,0.7700000000000005,0.5799999999999992,-1.9400000000000004,-1.3399999999999999,0.9899999999999993,1.37,0.040000000000000036,0.14999999999999947,-1.0099999999999998,-0.17999999999999972,-0.15000000000000036,-0.9199999999999999,1.2700000000000005,0.3899999999999997,-0.1299999999999999,-0.040000000000000036,0.6399999999999997,0.9799999999999995,-0.79,-0.3700000000000001,-0.8300000000000001,0.9699999999999998,-0.2400000000000002,-0.45999999999999996,0.20000000000000018,-0.17999999999999972,0.5699999999999994,0.2699999999999996,0.5499999999999998,-0.28000000000000025,-0.9800000000000004,1.7800000000000002,-0.1900000000000004,0.8999999999999995,0.33999999999999986,0.40999999999999925,-1.8600000000000003,0.6000000000000005,0.3600000000000003,-0.9299999999999997,-0.7300000000000004,0.009999999999999787,-0.1900000000000004,-0.29000000000000004,0.9999999999999991,1.1499999999999995,0.8700000000000001,0.33999999999999986,0.4899999999999993,-0.4400000000000004,1.1100000000000003,0.2699999999999996,0.08000000000000007,-0.5099999999999998,0.4300000000000006,-0.040000000000000036,0.9799999999999995,-1.1600000000000001,-0.07000000000000028,-0.16000000000000014,-1.0099999999999998,-0.4400000000000004,-0.23000000000000043,0.1299999999999999,-1.7700000000000005,0.6200000000000001,-2.0600000000000005,0.28000000000000025,0.09999999999999964,0.39999999999999947,0.6800000000000006,0.41999999999999904,1.2999999999999998,-0.3899999999999997,0.040000000000000036,-1.0499999999999998,0.08000000000000007,-0.3600000000000003,-1.4100000000000001,1.7499999999999991,-0.35000000000000053,-1.1000000000000005,-1.38,-1.9000000000000004,-0.8900000000000006,-1.0200000000000005,-1.38,-0.2699999999999996,-0.46000000000000085,-2.9800000000000004,-2.38,-0.05000000000000071,0.33000000000000007,-1.0,-0.8900000000000006,-2.05,-1.2199999999999998,-1.1900000000000004,-1.96,0.23000000000000043,-0.6500000000000004,-1.17,-1.08,-0.40000000000000036,-0.0600000000000005,-1.83,-1.4100000000000001,-1.87,-0.07000000000000028,-1.2800000000000002,-1.5,-0.8399999999999999,-1.2199999999999998,-0.47000000000000064,-0.7700000000000005,-0.4900000000000002,-1.3200000000000003,-2.0200000000000005,0.7400000000000002,-1.2300000000000004,-0.14000000000000057,-0.7000000000000002,-0.6300000000000008,-2.9000000000000004,-0.4399999999999995,-0.6799999999999997,-1.9699999999999998,-1.7700000000000005,-1.0300000000000002,-1.2300000000000004,-1.33,-0.040000000000000924,0.10999999999999943,-0.16999999999999993,-0.7000000000000002,-0.5500000000000007,-1.4800000000000004,0.07000000000000028,-0.7700000000000005,-0.96,-1.5499999999999998,-0.6099999999999994,-1.08,-0.0600000000000005,-2.2,-1.1100000000000003,-1.2000000000000002,-2.05,-1.4800000000000004,-1.2700000000000005,-0.9100000000000001,-2.8100000000000005,-0.41999999999999993,-3.1000000000000005,-0.7599999999999998,-0.9400000000000004,-0.6400000000000006,-0.35999999999999943,-0.620000000000001,0.2599999999999998,-1.4299999999999997,-1.0,-2.09,-0.96,-1.4000000000000004,-2.45,0.7099999999999991,-1.3900000000000006,-2.1400000000000006,-2.42,-2.9400000000000004,0.8699999999999992,0.7399999999999993,0.3799999999999999,1.4900000000000002,1.299999999999999,-1.2200000000000006,-0.6200000000000001,1.709999999999999,2.09,0.7599999999999998,0.8699999999999992,-0.29000000000000004,0.54,0.5699999999999994,-0.20000000000000018,1.9900000000000002,1.1099999999999994,0.5899999999999999,0.6799999999999997,1.3599999999999994,1.6999999999999993,-0.07000000000000028,0.34999999999999964,-0.11000000000000032,1.6899999999999995,0.47999999999999954,0.2599999999999998,0.9199999999999999,0.54,1.2899999999999991,0.9899999999999993,1.2699999999999996,0.4399999999999995,-0.2600000000000007,2.5,0.5299999999999994,1.6199999999999992,1.0599999999999996,1.129999999999999,-1.1400000000000006,1.3200000000000003,1.08,-0.20999999999999996,-0.010000000000000675,0.7299999999999995,0.5299999999999994,0.4299999999999997,1.7199999999999989,1.8699999999999992,1.5899999999999999,1.0599999999999996,1.209999999999999,0.27999999999999936,1.83,0.9899999999999993,0.7999999999999998,0.20999999999999996,1.1500000000000004,0.6799999999999997,1.6999999999999993,-0.4400000000000004,0.6499999999999995,0.5599999999999996,-0.29000000000000004,0.27999999999999936,0.4899999999999993,0.8499999999999996,-1.0500000000000007,1.3399999999999999,-1.3400000000000007,1.0,0.8199999999999994,1.1199999999999992,1.4000000000000004,1.1399999999999988,2.0199999999999996,0.33000000000000007,0.7599999999999998,-0.33000000000000007,0.7999999999999998,0.35999999999999943,-0.6900000000000004,2.469999999999999,0.3699999999999992,-0.3800000000000008,-0.6600000000000001,-1.1800000000000006,-0.8900000000000006,-1.0200000000000005,-1.38,-0.2699999999999996,-0.46000000000000085,-2.9800000000000004,-2.38,-0.05000000000000071,0.33000000000000007,-1.0,-0.8900000000000006,-2.05,-1.2199999999999998,-1.1900000000000004,-1.96,0.23000000000000043,-0.6500000000000004,-1.17,-1.08,-0.40000000000000036,-0.0600000000000005,-1.83,-1.4100000000000001,-1.87,-0.07000000000000028,-1.2800000000000002,-1.5,-0.8399999999999999,-1.2199999999999998,-0.47000000000000064,-0.7700000000000005,-0.4900000000000002,-1.3200000000000003,-2.0200000000000005,0.7400000000000002,-1.2300000000000004,-0.14000000000000057,-0.7000000000000002,-0.6300000000000008,-2.9000000000000004,-0.4399999999999995,-0.6799999999999997,-1.9699999999999998,-1.7700000000000005,-1.0300000000000002,-1.2300000000000004,-1.33,-0.040000000000000924,0.10999999999999943,-0.16999999999999993,-0.7000000000000002,-0.5500000000000007,-1.4800000000000004,0.07000000000000028,-0.7700000000000005,-0.96,-1.5499999999999998,-0.6099999999999994,-1.08,-0.0600000000000005,-2.2,-1.1100000000000003,-1.2000000000000002,-2.05,-1.4800000000000004,-1.2700000000000005,-0.9100000000000001,-2.8100000000000005,-0.41999999999999993,-3.1000000000000005,-0.7599999999999998,-0.9400000000000004,-0.6400000000000006,-0.35999999999999943,-0.620000000000001,0.2599999999999998,-1.4299999999999997,-1.0,-2.09,-0.96,-1.4000000000000004,-2.45,0.7099999999999991,-1.3900000000000006,-2.1400000000000006,-2.42,-2.9400000000000004,-0.75,-0.8799999999999999,-1.2399999999999993,-0.129999999999999,-0.3200000000000003,-2.84,-2.2399999999999993,0.08999999999999986,0.47000000000000064,-0.8599999999999994,-0.75,-1.9099999999999993,-1.0799999999999992,-1.0499999999999998,-1.8199999999999994,0.370000000000001,-0.5099999999999998,-1.0299999999999994,-0.9399999999999995,-0.2599999999999998,0.08000000000000007,-1.6899999999999995,-1.2699999999999996,-1.7299999999999995,0.07000000000000028,-1.1399999999999997,-1.3599999999999994,-0.6999999999999993,-1.0799999999999992,-0.33000000000000007,-0.6299999999999999,-0.34999999999999964,-1.1799999999999997,-1.88,0.8800000000000008,-1.0899999999999999,0.0,-0.5599999999999996,-0.4900000000000002,-2.76,-0.29999999999999893,-0.5399999999999991,-1.8299999999999992,-1.63,-0.8899999999999997,-1.0899999999999999,-1.1899999999999995,0.09999999999999964,0.25,-0.02999999999999936,-0.5599999999999996,-0.41000000000000014,-1.3399999999999999,0.21000000000000085,-0.6299999999999999,-0.8199999999999994,-1.4099999999999993,-0.46999999999999886,-0.9399999999999995,0.08000000000000007,-2.0599999999999996,-0.9699999999999998,-1.0599999999999996,-1.9099999999999993,-1.3399999999999999,-1.13,-0.7699999999999996,-2.67,-0.27999999999999936,-2.96,-0.6199999999999992,-0.7999999999999998,-0.5,-0.21999999999999886,-0.4800000000000004,0.40000000000000036,-1.2899999999999991,-0.8599999999999994,-1.9499999999999993,-0.8199999999999994,-1.2599999999999998,-2.3099999999999996,0.8499999999999996,-1.25,-2.0,-2.2799999999999994,-2.8,0.3899999999999997,0.2599999999999998,-0.09999999999999964,1.0100000000000007,0.8199999999999994,-1.7000000000000002,-1.0999999999999996,1.2299999999999995,1.6100000000000003,0.28000000000000025,0.3899999999999997,-0.7699999999999996,0.0600000000000005,0.08999999999999986,-0.6799999999999997,1.5100000000000007,0.6299999999999999,0.11000000000000032,0.20000000000000018,0.8799999999999999,1.2199999999999998,-0.5499999999999998,-0.1299999999999999,-0.5899999999999999,1.21,0.0,-0.21999999999999975,0.4400000000000004,0.0600000000000005,0.8099999999999996,0.5099999999999998,0.79,-0.040000000000000036,-0.7400000000000002,2.0200000000000005,0.04999999999999982,1.1399999999999997,0.5800000000000001,0.6499999999999995,-1.62,0.8400000000000007,0.6000000000000005,-0.6899999999999995,-0.4900000000000002,0.25,0.04999999999999982,-0.04999999999999982,1.2399999999999993,1.3899999999999997,1.1100000000000003,0.5800000000000001,0.7299999999999995,-0.20000000000000018,1.3500000000000005,0.5099999999999998,0.3200000000000003,-0.2699999999999996,0.6700000000000008,0.20000000000000018,1.2199999999999998,-0.9199999999999999,0.16999999999999993,0.08000000000000007,-0.7699999999999996,-0.20000000000000018,0.009999999999999787,0.3700000000000001,-1.5300000000000002,0.8600000000000003,-1.8200000000000003,0.5200000000000005,0.33999999999999986,0.6399999999999997,0.9200000000000008,0.6599999999999993,1.54,-0.14999999999999947,0.28000000000000025,-0.8099999999999996,0.3200000000000003,-0.1200000000000001,-1.17,1.9899999999999993,-0.11000000000000032,-0.8600000000000003,-1.1399999999999997,-1.6600000000000001,-0.1200000000000001,-0.25,-0.6099999999999994,0.5000000000000009,0.3099999999999996,-2.21,-1.6099999999999994,0.7199999999999998,1.1000000000000005,-0.22999999999999954,-0.1200000000000001,-1.2799999999999994,-0.4499999999999993,-0.41999999999999993,-1.1899999999999995,1.0000000000000009,0.1200000000000001,-0.39999999999999947,-0.3099999999999996,0.3700000000000001,0.71,-1.0599999999999996,-0.6399999999999997,-1.0999999999999996,0.7000000000000002,-0.5099999999999998,-0.7299999999999995,-0.0699999999999994,-0.4499999999999993,0.2999999999999998,0.0,0.28000000000000025,-0.5499999999999998,-1.25,1.5100000000000007,-0.45999999999999996,0.6299999999999999,0.07000000000000028,0.13999999999999968,-2.13,0.33000000000000096,0.09000000000000075,-1.1999999999999993,-1.0,-0.2599999999999998,-0.45999999999999996,-0.5599999999999996,0.7299999999999995,0.8799999999999999,0.6000000000000005,0.07000000000000028,0.21999999999999975,-0.71,0.8400000000000007,0.0,-0.1899999999999995,-0.7799999999999994,0.16000000000000103,-0.3099999999999996,0.71,-1.4299999999999997,-0.33999999999999986,-0.4299999999999997,-1.2799999999999994,-0.71,-0.5,-0.13999999999999968,-2.04,0.35000000000000053,-2.33,0.010000000000000675,-0.16999999999999993,0.1299999999999999,0.41000000000000103,0.14999999999999947,1.0300000000000002,-0.6599999999999993,-0.22999999999999954,-1.3199999999999994,-0.1899999999999995,-0.6299999999999999,-1.6799999999999997,1.4799999999999995,-0.6200000000000001,-1.37,-1.6499999999999995,-2.17,2.6499999999999995,2.5199999999999996,2.16,3.2700000000000005,3.079999999999999,0.5599999999999996,1.1600000000000001,3.4899999999999993,3.87,2.54,2.6499999999999995,1.4900000000000002,2.3200000000000003,2.3499999999999996,1.58,3.7700000000000005,2.8899999999999997,2.37,2.46,3.1399999999999997,3.4799999999999995,1.71,2.13,1.67,3.4699999999999998,2.26,2.04,2.7,2.3200000000000003,3.0699999999999994,2.7699999999999996,3.05,2.2199999999999998,1.5199999999999996,4.28,2.3099999999999996,3.3999999999999995,2.84,2.9099999999999993,0.6399999999999997,3.1000000000000005,2.8600000000000003,1.5700000000000003,1.7699999999999996,2.51,2.3099999999999996,2.21,3.499999999999999,3.6499999999999995,3.37,2.84,2.9899999999999993,2.0599999999999996,3.6100000000000003,2.7699999999999996,2.58,1.9900000000000002,2.9300000000000006,2.46,3.4799999999999995,1.3399999999999999,2.4299999999999997,2.34,1.4900000000000002,2.0599999999999996,2.2699999999999996,2.63,0.7299999999999995,3.12,0.4399999999999995,2.7800000000000002,2.5999999999999996,2.8999999999999995,3.1800000000000006,2.919999999999999,3.8,2.1100000000000003,2.54,1.4500000000000002,2.58,2.1399999999999997,1.0899999999999999,4.249999999999999,2.1499999999999995,1.3999999999999995,1.12,0.5999999999999996,1.17,1.04,0.6800000000000006,1.790000000000001,1.5999999999999996,-0.9199999999999999,-0.3199999999999994,2.01,2.3900000000000006,1.0600000000000005,1.17,0.010000000000000675,0.8400000000000007,0.8700000000000001,0.10000000000000053,2.290000000000001,1.4100000000000001,0.8900000000000006,0.9800000000000004,1.6600000000000001,2.0,0.23000000000000043,0.6500000000000004,0.1900000000000004,1.9900000000000002,0.7800000000000002,0.5600000000000005,1.2200000000000006,0.8400000000000007,1.5899999999999999,1.29,1.5700000000000003,0.7400000000000002,0.040000000000000036,2.8000000000000007,0.8300000000000001,1.92,1.3600000000000003,1.4299999999999997,-0.8399999999999999,1.620000000000001,1.3800000000000008,0.09000000000000075,0.29000000000000004,1.0300000000000002,0.8300000000000001,0.7300000000000004,2.0199999999999996,2.17,1.8900000000000006,1.3600000000000003,1.5099999999999998,0.5800000000000001,2.130000000000001,1.29,1.1000000000000005,0.5100000000000007,1.450000000000001,0.9800000000000004,2.0,-0.13999999999999968,0.9500000000000002,0.8600000000000003,0.010000000000000675,0.5800000000000001,0.79,1.1500000000000004,-0.75,1.6400000000000006,-1.04,1.3000000000000007,1.12,1.42,1.700000000000001,1.4399999999999995,2.3200000000000003,0.6300000000000008,1.0600000000000005,-0.02999999999999936,1.1000000000000005,0.6600000000000001,-0.3899999999999997,2.7699999999999996,0.6699999999999999,-0.08000000000000007,-0.35999999999999943,-0.8799999999999999,-0.5099999999999998,-0.6399999999999997,-0.9999999999999991,0.11000000000000121,-0.08000000000000007,-2.5999999999999996,-1.9999999999999991,0.33000000000000007,0.7100000000000009,-0.6199999999999992,-0.5099999999999998,-1.669999999999999,-0.839999999999999,-0.8099999999999996,-1.5799999999999992,0.6100000000000012,-0.2699999999999996,-0.7899999999999991,-0.6999999999999993,-0.019999999999999574,0.3200000000000003,-1.4499999999999993,-1.0299999999999994,-1.4899999999999993,0.3100000000000005,-0.8999999999999995,-1.1199999999999992,-0.4599999999999991,-0.839999999999999,-0.08999999999999986,-0.3899999999999997,-0.10999999999999943,-0.9399999999999995,-1.6399999999999997,1.120000000000001,-0.8499999999999996,0.2400000000000002,-0.3199999999999994,-0.25,-2.5199999999999996,-0.05999999999999872,-0.29999999999999893,-1.589999999999999,-1.3899999999999997,-0.6499999999999995,-0.8499999999999996,-0.9499999999999993,0.33999999999999986,0.4900000000000002,0.21000000000000085,-0.3199999999999994,-0.16999999999999993,-1.0999999999999996,0.45000000000000107,-0.3899999999999997,-0.5799999999999992,-1.169999999999999,-0.22999999999999865,-0.6999999999999993,0.3200000000000003,-1.8199999999999994,-0.7299999999999995,-0.8199999999999994,-1.669999999999999,-1.0999999999999996,-0.8899999999999997,-0.5299999999999994,-2.4299999999999997,-0.03999999999999915,-2.7199999999999998,-0.379999999999999,-0.5599999999999996,-0.2599999999999998,0.02000000000000135,-0.2400000000000002,0.6400000000000006,-1.049999999999999,-0.6199999999999992,-1.709999999999999,-0.5799999999999992,-1.0199999999999996,-2.0699999999999994,1.0899999999999999,-1.0099999999999998,-1.7599999999999998,-2.039999999999999,-2.5599999999999996
0.4570873565732915,-0.3158162076935603,0.3974070548070688,-1.7889430179615355,-2.5078334091888856,0.6534354667130164,-0.8941552918395351,0.6926560371931275,1.1610721828678816,0.6931534419338028,1.6436753434137277,-0.1416969914078889,0.1384052588057525,-0.361426590519462,-0.8653574863478941,0.2987073705498974,0.9875771337498718,-1.1426406504135536,-1.0540812498601224,0.6535498284677977,1.502395173906125,-1.3698209652128055,-0.5035479389583174,-1.2654321065894376,1.065790240126765,0.498723302428482,-0.8517842616930699,-1.2094706286323074,0.5589816133047139,-0.8852667655733417,-0.3794137655531037,-1.4433948423324872,-0.5244065585336963,0.0243886533763961,1.2769723099288428,-1.1914786311150305,-0.3665005322300894,0.7102202115193252,-0.1086595338745369,-1.817114589506814,0.6922578378300939,-1.516572586867836,-0.936833583086196,-0.1354442969115339,0.060974772630254,-1.2571525911137662,0.0547358566585715,0.8600892674393853,1.1798316442094137,-1.1660324517499612,0.8941821599626464,0.4638980813188805,-0.5824740839870096,-0.6746668814965642,0.0435917832123809,0.0616340750358305,-0.8227081300030454,-0.5039371822803139,-0.1592184523076019,1.5410108671531155,-1.240663141712019,-1.2238616087264411,-0.5478369397391869,-0.0456255392030413,-0.5126383206109622,-0.2967894429733828,-0.9470544926882148,-0.0298580871852484,0.7505975322035775,-0.151849697312779,1.580859049432057,-0.0454498630134677,0.1608132734805477,0.8909249167300807,0.7016961272307178,-0.8565233852541568,-1.178824434055858,-0.8563373751710789,-1.5195990398121382,0.5366149342039359,0.1430410434317962,-0.8818627810530145,-0.871234716046925,0.1464278047962828,-0.2934116376499332,-1.0107670796998285,-1.4708175510618184,0.18398530734843,-0.6904212466070364,0.0798237943821571,-2.0484091717732578,-2.775730642247676,0.2479348849844094,-1.3169851455776194,0.3385507303452029,0.8151072068674918,0.3727531406106651,1.2559538594672637,-0.4472351086220398,-0.208728825013094,-0.772138877676476,-1.2017973682422234,-0.1336027970890618,0.6574918643765839,-1.414427560987375,-1.4174443689644067,0.3519827251221347,1.107869854476408,-1.636858418332036,-0.815632168657512,-1.559144783474519,0.7918931484993587,0.2282949759163081,-1.2543865522857731,-1.4664015339043002,0.2919731166162405,-1.1820616984276486,-0.7367749162521819,-1.757069845763005,-0.8459504343467571,-0.3351647009648394,0.931680414858702,-1.5139243544257923,-0.6980407707508978,0.3649255607442499,-0.4135955295605021,-2.0919176191314337,0.4126309467176518,-1.8352188820001716,-1.3820680068679074,-0.4698236219700441,-0.2484530005699829,-1.6016026183264207,-0.2594317290289861,0.5640211087036601,0.7824837940005468,-1.453732180467988,0.6224076070031405,0.0756358118079678,-0.8705905700184883,-0.9316976380145426,-0.280346840555522,-0.2608116482749313,-1.1232907792898073,-0.8369633916291557,-0.4807741044534687,1.2120885483200716,-1.6776125386081902,-1.5514136532808107,-0.8791270549793008,-0.3553963976676222,-0.8908036657129632,-0.5696386993283946,-1.222228164626523,-0.364564649513611,0.3388566135929312,-0.5964213955866907,1.2242418960074006,-0.3755165098495029,-0.2016115280935432,0.5778802377454376,0.4687619005282531,-1.101190714641441,-1.4576976398687174,-1.1348929859902384,-1.8431952699330487,0.1971127967301007,-0.168939201464011,-1.314103367142378,-1.2111164734044308,-0.1204112375676642,-0.7003273169202898,-1.394227554891339,-1.8628165779928425,0.2490392337369058,-0.5794552092312771,0.1505406944110073,-1.992330576356412,-2.751576199570649,0.4197764896127811,-1.220023600678932,0.4165964061183811,0.8867079992540793,0.4254339518432865,1.3581560662251149,-0.3868514131712888,-0.1117018321222125,-0.6300561521645931,-1.1297963097139014,-0.0082967621787953,0.7358235091235498,-1.3725208671223712,-1.3568946422913528,0.4572513210168936,1.2567075447668463,-1.6051912350773587,-0.7527662719870202,-1.5023662390043129,0.8295677685112215,0.2781387889188733,-1.1061750959416976,-1.4407383427756402,0.3216961500396361,-1.0973740633071742,-0.5830706941053264,-1.7037255985674056,-0.7812974630262494,-0.2699447433540606,1.005705538661406,-1.3942861136211968,-0.6325734886222486,0.4358574057579902,-0.3619329513011743,-2.046994806215632,0.4512686856041185,-1.7703440764324374,-1.2424109475667189,-0.3993278672621866,-0.1971397079111016,-1.5324268462821833,-0.1904123432397809,0.6604762928206352,0.9192239396285792,-1.3954352425788787,0.6724181401542422,0.2208428608472169,-0.7828144785926855,-0.8775259904123628,-0.1772593635874662,-0.1411727185441024,-1.0755833265377044,-0.8028408752778489,-0.4264502041536585,1.2723392810077336,-1.5462742635779891,-1.4776296536598743,-0.8143314759284332,-0.2490985244508869,-0.7971992583507167,-0.5173795109507501,-1.1790063105815345,-0.2995761495883845,0.4399737400038828,-0.464176493633043,1.3532047533840723,-0.3020280380538459,-0.0844940683777715,0.6942591685387663,0.479930772627736,-1.081078891103309,-1.4109911969340676,-1.1125021944712838,-1.775798305424024,0.2762097954647312,-0.110667064919312,-1.1913835592947906,-1.1272665725840407,-0.0431054497315694,-0.6087180399306131,-1.2316471640926057,-1.7332839786209655,0.1114179514560705,-0.7765858965145073,-0.016622436384899,-2.159564663863263,-2.897995758781073,0.2747478939969849,-1.3541658054799752,0.254591290253667,0.7293627589046409,0.2988699571410322,1.1918086267809354,-0.5591869994381125,-0.2547773433946346,-0.8007444727489365,-1.2915871910489038,-0.1569994209091049,0.5563161577068295,-1.54570383265655,-1.516254991874136,0.2945097430084374,1.0859034415173647,-1.7751011120755986,-0.930885393985102,-1.672061859943896,0.6589682332952362,0.1452118499939396,-1.2685233185997002,-1.6142705939102655,0.1609214348992264,-1.2673273426581322,-0.7704055392726826,-1.866167515193181,-0.9595157904019728,-0.4376225208843095,0.8433118468719841,-1.57291710781086,-0.7759279719613981,0.2765611478438785,-0.5225244120634405,-2.220175016044876,0.2908391440356984,-1.921908536755552,-1.3876737996308912,-0.5801854710389167,-0.3611792444726469,-1.679048260879059,-0.3558786460311577,0.474628107407546,0.7831368960700207,-1.569093567214257,0.5461792971053128,0.0314749486154339,-0.9636369471315008,-1.0162281979537513,-0.367239750078766,-0.3198071573649337,-1.2610098890958168,-0.9443697471557893,-0.5734388164330546,1.1081530031584268,-1.694873585391594,-1.658244066476136,-0.9691896925744956,-0.4069735706029256,-0.9571789526175264,-0.6483733228641398,-1.3524186885515097,-0.4555263358436828,0.2902783580815299,-0.6020003202265632,1.1903171014851432,-0.4842111574330098,-0.2226664916455045,0.5196218797254111,0.3648084432845341,-1.2432128577026549,-1.584401508125342,-1.2628389882460838,-1.9381727072789048,0.1115157789812449,-0.2763386677283082,-1.327436156541668,-1.308003614269887,-0.202487153336477,-0.754535434554962,-1.4059592797236913,-1.937662901866024,0.2310279462850873,-0.6550152606824914,0.0932247874785758,-2.025726964457481,-2.7616090323108886,0.3911240475564344,-1.2038613912381555,0.3963295741776836,0.8678314204528315,0.4287339085023368,1.320266501228362,-0.42549190776269,-0.1108034723135691,-0.6636385503487402,-1.1462471792465656,-0.0112598339096043,0.6783918195259802,-1.4155518886006466,-1.3687441735096544,0.4134032330255423,1.2081795808704994,-1.641527960343527,-0.791458436045943,-1.5454757980732212,0.7981575547416851,0.2558740709006715,-1.142448439994373,-1.4725453780557427,0.2983546403182828,-1.1425944923559008,-0.637590938381719,-1.7420615877635457,-0.8170334446166995,-0.2859216316379928,0.98373292536626,-1.443907403450302,-0.6404513601037183,0.4169794491042751,-0.377400034172226,-2.0900272055463742,0.4276516053893163,-1.8039595430757984,-1.2427340539702874,-0.4488458181562485,-0.2280697400958033,-1.534266968252188,-0.2460307359325673,0.5907528244206682,0.8928993793156419,-1.438446285196379,0.6365443733170677,0.1652430691627384,-0.8371748919828778,-0.8799489439760121,-0.2456649161025139,-0.1907953862256749,-1.121150974408177,-0.8034188843878578,-0.433695641352663,1.248682243071381,-1.543732814702157,-1.5320066012796738,-0.8255079262164859,-0.2813843634633571,-0.8308119692891432,-0.5375347368416007,-1.2228192633349708,-0.3155799059954279,0.4338112948441323,-0.4614159662149189,1.3168570052981656,-0.3553206157819237,-0.0987589749711525,0.6348137906182088,0.465040321014226,-1.1030439262098848,-1.454802771835037,-1.1239514595478508,-1.8194645168896992,0.2204467282628842,-0.1389957116458563,-1.1813341923249436,-1.1879644183973237,-0.0960514948730173,-0.6064411387284918,-1.2798816454134294,-1.8078216635414843,-0.0764432764116626,-1.0002802445716312,-0.2434562185975212,-2.342104625502498,-3.059343660547856,-0.0392729530939292,-1.6249827079168568,0.0421801733596891,0.5187310981053376,0.0760615682203463,0.9517633034950224,-0.7518251987518922,-0.5225223452847396,-1.102851715790704,-1.5027671940722809,-0.4590481267499595,0.3676764431951033,-1.7089145909590475,-1.7284876741824875,0.025453733333576,0.811950546865035,-1.921940916288532,-1.107727935672282,-1.857331347320743,0.5122310790911122,-0.0405474666261303,-1.531883972410089,-1.740427454737394,0.0055292984037682,-1.4960928767209491,-1.0793173067239366,-2.036649200965327,-1.1380455124352935,-0.6223429340529592,0.6362274672496014,-1.7784100247756858,-0.9938008933444146,0.067489948021619,-0.6995212732269518,-2.39116788508237,0.1212482398836255,-2.129183016960525,-1.6980729588205354,-0.7648025022146334,-0.5338551818278247,-1.9006641184893447,-0.5776819131059336,0.285469652970847,0.4648074639472617,-1.74587961695028,0.3381222182278899,-0.1947835801921137,-1.1422693191736313,-1.243024780840876,-0.5730943533162435,-0.5664503487191911,-1.4020482454954182,-1.1371326851757442,-0.7796254390572483,0.936095054163753,-2.0085906133223626,-1.8536738379464424,-1.1702603920457006,-0.6922813474378163,-1.2197893657595005,-0.8411210614490656,-1.5181908745906143,-0.6777016015556699,0.0393541979493708,-0.9241848974368928,0.9445936481817164,-0.6686401548048373,-0.5028438563475555,0.3023345671699182,0.1988571579536321,-1.3825709230184515,-1.7589829939137738,-1.427113448653294,-2.144374529338128,-0.1291447554312926,-0.4552411203829632,-1.6263488486381297,-1.5115179350917498,-0.4577515675782825,-1.01527885760382,-1.6883391200656876,-2.170825163151818,1.6462781067243522,0.8836229875799192,1.8274223038142687,-0.4231516253470754,-1.1451772768057504,1.6288758300630557,0.3035725676117372,1.8987289246991,2.326697479213772,1.8848883966656305,2.6715470836419275,1.012164222101614,1.2237768707997057,0.3589071226962713,0.3519407006218837,1.409440423982184,2.1634956769523117,0.0481876128079926,-0.0701430460051877,1.8073201252434072,2.542093710786917,-0.1358989882257245,0.4871231625067516,0.2460217368336406,2.254296843469949,1.7628974727732152,0.2601288793195221,0.0013254705262057,1.8105284547133855,-0.0449317931769019,0.4005120453420039,-0.2038023135164617,0.4432364946463175,1.2020068018172445,2.404404224808953,-0.2454616828635954,0.969245495599419,1.8056384563071357,1.157367826509695,-0.3675504558101296,1.874108767888144,-0.2491743063365853,0.2085338158310893,0.8024364755787126,1.0750294298458722,0.0183577931272675,1.5167076164096258,2.0159910589239325,2.12911550218963,0.1049510009010591,2.253688521605661,1.7203562778470451,0.4423594915509164,0.3566074869284404,0.9450290495613656,0.9153618191628932,0.3036311263415951,0.6821733356223324,1.0834646426503425,2.831455818506674,-0.0507594174959938,-0.2472143112019302,0.6765379190313029,1.146000543654929,0.520356964016686,0.963069271914996,0.3315574401477041,1.2413314001586326,1.8650921013424968,1.042185560584168,2.291111683542252,1.0866020127182576,1.4317581893203748,2.043809900237596,2.011870591120638,0.4197282647764276,0.1120703645993107,0.3686354285123053,0.0483550218827628,1.8875214727305345,1.1489698157218406,0.3485828741592092,-0.0331800894837746,1.3836263580083608,0.8033809934450086,-0.0305793929518508,-0.7605979854108372,2.071110669023576,1.285022412968718,2.041975978603694,-0.0643229971835475,-0.7657573539744338,2.018017879903249,0.6107971331879057,2.1967088106752373,2.648604462209841,2.150218690577945,2.9216273064467813,1.2520834718867742,1.6193652034079016,0.7129345808797967,0.6034008211437379,1.7095621816186526,2.455011368078372,0.2263694270933341,0.2802868609153073,2.2324861278397043,2.8189132274973487,-0.0098874928522289,0.6996141921527116,0.4170021836699846,2.536255060956969,1.96464331995337,0.6061627264143292,0.3352197720056396,2.05793082124815,0.2952716954228235,0.7622279848795873,0.1277014119139645,0.6215939851212327,1.5246895157523723,2.7428957290270093,0.1067277416575707,1.2123827198218284,2.121208695806348,1.5030510316805332,-0.1637274745066592,2.124084273905487,0.0963594018415568,0.5444948724641064,1.0813730626050653,1.382052161564534,0.2563129169114889,1.7225635974995706,2.2812510823604173,2.47528784498634,0.3431203780528188,2.459417740268619,2.074413381387561,0.7454794992139984,0.8577737863681811,1.229467401489425,1.2182427263650186,0.6494417613367086,0.9909914521637032,1.3956922120640198,3.1651275947943094,0.2982389007110342,0.0564795289558693,0.9069148946124516,1.443841955458108,0.8108572209322765,1.158379859146886,0.5715682955929912,1.52017567106968,2.2494585145312205,1.3852942484199602,2.582924301875003,1.3664975850618124,1.6656686244958825,2.43731905347272,2.1961335572701626,0.763362646386363,0.3499138796425672,0.6063652707270142,0.2843790827430231,2.112441420557272,1.462075077157153,0.6773267395688003,0.2503971073433751,1.6449264334539857,1.1288703928559132,0.3792738274118992,-0.4258563497402761,-0.1367601460177523,-1.2090324715477236,-0.1750658224596131,-2.3767817274718714,-3.0394460930683804,-0.2126102354133214,-1.711033039127436,-0.0689766938916653,0.4036404593688823,-0.0109002144156536,0.8015250261716305,-0.8119739703569782,-0.7050774633011148,-1.5488170903062888,-1.623775020229317,-0.4876909238390355,0.2254848458093632,-1.841625207046624,-2.070859210948304,0.0014370765760525,0.7799030763293981,-2.0448019540140123,-1.3461480819730802,-1.7113051649897169,0.2354005610898873,-0.1896641693500672,-1.6460624728132285,-1.9717971299633024,-0.1103894276471622,-1.7634858157767284,-1.4904161245559024,-2.1429312288786893,-1.3864957357713972,-0.8049724130446758,0.5131563070228669,-2.1211019122401367,-1.0247522822423587,-0.0789592350168508,-0.8611040557815107,-2.314617157707207,-0.0374059630008131,-2.129836119029999,-1.7487469279346153,-1.063791665123027,-0.95492960846475,-2.0198566240207865,-0.4638802553525855,0.2180168854368987,0.3829981626308607,-1.8009992270499238,0.3532661946953728,0.0216260591795711,-1.2685171182635977,-1.5081731982275142,-0.807127374303446,-0.9068074221200066,-1.6403912320580507,-1.3240927975298995,-0.9537136536624068,0.848131574802405,-2.023233051491769,-2.1566449944851724,-1.2919323430919487,-0.7313640896133133,-1.322581982299566,-1.0165092798570692,-1.5735584981343622,-0.7524962129034403,-0.1246433114208053,-0.9749339595104374,0.5357475760758056,-0.7893365432463867,-0.5005779779651721,0.1864950656175156,0.0729806901035879,-1.5819792434879263,-1.8040429031500669,-1.5705251559277238,-1.820858214660317,-0.1100738994321633,-0.8870097489444059,-1.6556702380673234,-1.8299547966490644,-0.4969280467794418,-1.170088160487295,-1.8425104772568288,-2.5652912349254438,1.2685267632308683,0.3147283501127813,1.2736689086386244,-0.8293989815839841,-1.4850342328188455,1.2962429545357226,-0.1498042753251548,1.5542382508386616,1.9723930511553855,1.5131906479869843,2.282540752269758,0.6812694644038201,0.8728454255811336,-0.0570575811237679,-0.0888480821742637,1.0240089308362803,1.768909732014036,-0.4295276376392488,-0.4944396452235984,1.4650774176832784,2.240005068753457,-0.6241492986375166,0.1810063903142476,-0.3332102172400533,1.8254299291466336,1.2643711601896594,-0.1349675599578673,-0.385499739900922,1.4522068977867486,-0.3361037074212665,-0.0075458325841471,-0.6130486302351622,0.1434233974914565,0.7597113373481654,2.0740696071969835,-0.6428446898393217,0.5439113519442285,1.460752338788598,0.731931764829818,-0.912807969614856,1.5313121636361826,-0.638774513651082,-0.2126371035364327,0.4259678696743437,0.6508947067634179,-0.4474472979019955,0.9824625453914608,1.657300926462307,1.8203539206573052,-0.3875982092085352,1.759615428196239,1.448074029311249,0.1269277477536068,-0.1783878247581393,0.5996923312281497,0.5714484224283409,-0.0752672793308695,0.2439666698787456,0.6230104174575598,2.447203767072732,-0.4690065554569682,-0.6639017201699839,0.2736876365234404,0.7493374861222826,0.164220702632043,0.4697139965831189,-0.1785807241035535,0.8133821355785019,1.4562619175978488,0.5884290762346606,1.9938028117176625,0.7193973978774063,1.007253555908355,1.5969000078557156,1.5101221705424313,0.0095622725753925,-0.3933286976198046,-0.0390325178383951,-0.3637041806478169,1.3300850779099451,0.7303989039600086,-0.1187426582298312,-0.3700285234724686,0.9479569860542598,0.3974931705862715,-0.3642753004954898,-1.0643310943639532,0.1880134590364189,-0.8824111663349777,0.1483809106686017,-2.064581026181305,-2.6986494416726243,0.1237924444643922,-1.4065848247438202,0.2316031996901619,0.6923322418633251,0.2972172231065725,1.126573512793017,-0.5059309348004165,-0.3844746176652923,-1.2371558182566489,-1.2991467786104405,-0.1826026754554398,0.5443557093649148,-1.517259446322757,-1.748591230605817,0.3174482308831217,1.1111904789224671,-1.7570884467713128,-1.0380706041907426,-1.3889262675236165,0.5635932855125807,0.1549298434454142,-1.335913393846389,-1.647233647410386,0.2016218189291579,-1.4463517137271935,-1.180267045589063,-1.815397096406394,-1.0773194206464325,-0.4850537142167297,0.7958861649494329,-1.8109528332732967,-0.7044236723054074,0.2075927425959614,-0.5463226798776853,-1.9946674141408585,0.2860759080564345,-1.7959108178883902,-1.4424475687612568,-0.7365765054968988,-0.6421137391054487,-1.6898595802632916,-0.1313610311248552,0.5561701053453016,0.7152982867873543,-1.4835599306788942,0.7373660149606298,0.3420601205792743,-0.9513892165501656,-1.2088815967025603,-0.5064283395410918,-0.5938117430137299,-1.3185035389965227,-1.005911527605259,-0.6179338061577772,1.148712157310466,-1.716937136949578,-1.8331693264551452,-0.9638946055428756,-0.3955663300266094,-0.9857941926572577,-0.6747343962674592,-1.2491941152629626,-0.4299403044531885,0.1894581373483246,-0.6453200017967263,0.8378383279458559,-0.482881529802119,-0.1576917917738952,0.4996223511633589,0.4141865421531707,-1.2634776228646514,-1.4796785202786669,-1.2566765430863331,-1.5018033862714435,0.2124241822723538,-0.5648589291195238,-1.3502775058174117,-1.5213213553961935,-0.1572102323365933,-0.8513895069612043,-1.5323586425850546,-2.24989391591087,-0.977671752362852,-1.7116813187132744,-1.0435909701007573,-3.120014638238028,-3.692369730647705,-0.7695712496037662,-2.25873421734071,-0.6762996366702488,-0.2182242952911086,-0.6224173380861904,0.2371001421082333,-1.5164878489411004,-1.2747443224893087,-1.693159536922342,-2.18829702136271,-0.8370660416379654,-0.138297829371197,-2.5079202138943217,-2.4532187820184865,-0.8410563023831051,0.1939499363915413,-2.761644856475037,-1.9023058297040665,-2.565977405454131,-0.3556216765460167,-1.1488148073192757,-2.245769314550174,-2.491748359486275,-0.6531661826714494,-2.4171328259013567,-1.7450377490927935,-2.7062193631276648,-1.958445050629471,-1.204327105372084,-0.1120841861818728,-2.504720151539147,-1.6673957625635731,-0.7068080459999737,-1.382898162979422,-3.171628991661002,-0.6650604940949364,-2.746061345070504,-2.3522270186531093,-1.4078896510303005,-1.2821757697713911,-2.579957096586792,-1.4012249786462396,-0.5157343551048602,-0.1304674937998472,-2.596241934897153,-0.6811207424531368,-0.8914271439543913,-2.046346526629793,-2.4828088526787933,-1.4258575361294008,-1.230473922716747,-2.219719635804452,-1.727300654281957,-1.4843549515524943,0.232478136006862,-2.567331834429432,-2.542704099429906,-1.8579810047590484,-1.4376891552656283,-1.9349127083414044,-2.0213026801851592,-2.3688893885394955,-1.430771646953828,-0.6242788167694375,-1.576651776923326,0.2023004112692758,-1.2699108160342154,-1.0279130758022172,-0.6568856954067755,-0.8878343936460515,-2.2000776599576497,-2.606223098169872,-2.175323851457371,-2.576876218470034,-0.937420548237242,-1.2522612148550487,-2.178421263803736,-2.274915716716028,-1.2642065068198238,-1.556947108789264,-2.4003609167438245,-2.9893115531952263,-0.3563478047962544,-0.9834435763481386,-0.335440960384522,-2.3709596118715304,-2.987613350029348,-0.0732418362040203,-1.5335387732232495,0.0963642243251921,0.5544257441217703,0.1323537307696152,0.9233878097845918,-0.7863748493680449,-0.5343126288469497,-0.9878506374646198,-1.467754585027134,-0.1343805948068212,0.551054828060657,-1.7710295580348914,-1.7347686146544212,-0.0897726211797847,0.8555451100024133,-2.020269290834726,-1.1577102228478051,-1.8475251713113643,0.4092744981074445,-0.4471489928428371,-1.5485208520258311,-1.7327721064293842,0.070985559731018,-1.7147869981744432,-1.0482570674810805,-1.974632061414658,-1.2206643020762007,-0.4819941928132136,0.6605796317556786,-1.8079849390588527,-0.9270528973474618,0.0658558149954672,-0.6178242668866312,-2.441772272646854,0.0962291947834022,-2.0051997184004744,-1.62721620676626,-0.7577031173771568,-0.5821413326161701,-1.8520603727072995,-0.6821114183770856,0.1966539718585084,0.5110654159038235,-1.8333884049974367,0.0205437560665507,-0.2574558885909577,-1.336544450276387,-1.7888844592316775,-0.7084387343949574,-0.5262108563395529,-1.4970311942511425,-1.0246344758564092,-0.7524789897475997,1.0051461305597047,-1.841271787888776,-1.8275890239628056,-1.1085691146035346,-0.7087232609294434,-1.200329266438375,-1.2892524200431583,-1.6134955518974403,-0.6953016000460159,0.1100690338906383,-0.8539488679191107,0.8945224895220558,-0.612396217091922,-0.3552145211419459,0.088932088116876,-0.1861685576406682,-1.4724206824074573,-1.8477180706567784,-1.4335046173226071,-1.8741907501099448,-0.2027689241660285,-0.5646005817819155,-1.453026720004759,-1.5874334724795132,-0.5490191371560825,-0.838636793450624,-1.7043711224483096,-2.277378628001227,-1.1462258225333235,-1.9914707964168517,-1.3155542457903862,-3.218989225591359,-3.8296079699426464,-0.9913379820592152,-2.4308472804340733,-0.8054374382523708,-0.3470645237981954,-0.8254218104372832,0.0446458403498229,-1.7427312240626265,-1.3962006396244329,-1.895439301933554,-2.417032931597481,-1.0359907358914373,-0.5026289113626654,-2.7233681149349884,-2.6603210306650538,-0.984108390163584,-0.0201001360122238,-2.9649001410330578,-2.08835449265114,-2.8331292203281424,-0.4871694066801835,-1.3961227909600336,-2.456589009153366,-2.6509220100597464,-0.8608271074355947,-2.6587371892539564,-1.92810473930075,-2.8807974042849285,-2.146633518458174,-1.4192968916066169,-0.2412206529694172,-2.6447568091950613,-1.8675281445045848,-0.835947225434563,-1.53090845286328,-3.3686674058868165,-0.8325811318570849,-2.9046962553292826,-2.5258708758375814,-1.7272386509209308,-1.5436012297915351,-2.7936330793545823,-1.6389747997217234,-0.7116815101766171,-0.369480827116739,-2.763842531160292,-1.018950834429026,-1.092842995468641,-2.2484761057220752,-2.567499932430436,-1.6539858134261172,-1.387064788840369,-2.4278015375552298,-1.9483825940611852,-1.7385804435050527,0.0953721705487762,-2.7411940812299624,-2.800600879281437,-2.06712867539324,-1.5709157771021875,-2.102998308673013,-2.163052008457859,-2.5455190520204862,-1.6031733701390791,-0.7853648835095548,-1.7371584997588565,-0.0556445934186088,-1.5830146996170604,-1.201406058141526,-0.8591667952125651,-1.1971057805912564,-2.3736050886086395,-2.7771746316333483,-2.418988793174735,-2.77364870716967,-1.1885989194584896,-1.50135765099829,-2.349562251981459,-2.6541937207432182,-1.419515281222675,-1.748767595721624,-2.597752061201253,-3.3112812284785558,-0.8185800840111813,-1.7474531244678728,-0.9867311323349838,-2.9173614752081924,-3.810127891760745,-0.5972315728374304,-2.605680224297777,-0.6699897612965032,-0.2348336178575059,-1.0546785489046728,0.0013509607968497,-1.89858631696874,-0.9711848229470654,-1.870531173956944,-2.538672503110749,-1.2850286133048208,-0.675641023190906,-2.668216125302364,-2.4851773810699864,-0.5858828909909721,-0.2332938677253603,-3.116039533870028,-2.356077427372824,-2.425999306528074,-0.5795854162894317,-0.9992682119344404,-2.0352169233256268,-2.767004013646384,-1.0565090259074068,-2.657040363940545,-1.839402731016959,-2.821744025391302,-2.386670574629284,-1.3934228890504683,-0.1494543007984747,-2.5287326754120483,-2.256460071843523,-0.721353345570439,-1.3845874101042637,-3.004219916890811,-1.0159319596732936,-2.8548586426628195,-2.59998624897689,-1.87243054358304,-1.71304608158208,-2.9145520340274813,-1.3680800486204423,-0.7388403171005813,-0.3939094624347481,-2.453994512957545,-0.5630952779614511,-1.111305529603482,-2.203968715325148,-1.7021844705827929,-1.688708384526909,-1.3928807041046076,-2.4295100746146128,-2.0498393826342576,-1.7494778786684886,0.1265626168497871,-2.867056770555334,-2.8189772976370757,-2.190814357820366,-1.7287467104463297,-2.254565524701062,-1.7689531343667542,-2.2538614420903,-1.5590400666870083,-0.5416200694069803,-1.6799424871303004,0.1356929562239819,-1.772611332667288,-1.1436761065426877,-0.3787455071064902,-0.7711192668507152,-2.2259213497595187,-2.47586034268648,-2.4333163920553758,-3.038676562465424,-0.9175746502252876,-1.6187816828880237,-2.496250492422996,-2.810453902274701,-1.5127042660660472,-1.698491137044344,-2.2565730557458368,-3.283312201245962,-1.1812232752013303,-2.025980489311454,-1.356357968755361,-3.2519626129849843,-3.8781758915605433,-1.0543836884766824,-2.4722489913698324,-0.8509010582615661,-0.3923090867940438,-0.8582036763379614,0.0169634064304162,-1.789837244212777,-1.423457317131461,-1.930881800948481,-2.4700650952092498,-1.0943696560023477,-0.5213539263925164,-2.76173855044281,-2.6951958544634764,-0.9867373326710864,-0.0871037209507323,-3.0023873731093755,-2.138144569407482,-2.8573684009319056,-0.5107382620586322,-1.409493471302173,-2.4948774624393866,-2.661260037121481,-0.8871061986171129,-2.6917402004756275,-1.9494566300594025,-2.8988665615403715,-2.195749825358035,-1.449955486855271,-0.2866856508310798,-2.6718502111847213,-1.9151350140265784,-0.8814136011486928,-1.5667147049295596,-3.404867723758728,-0.8615442796447953,-2.9398177147193416,-2.568304598271306,-1.7451913796428913,-1.5755240046788863,-2.839333689988144,-1.6691525244593095,-0.7702181513371374,-0.4278397683668744,-2.795424287562,-1.0251167242199448,-1.1643487160349886,-2.2887066420606765,-2.612179554385769,-1.686002282281241,-1.4089016836674917,-2.4544919176982205,-1.9959143706237144,-1.7833613376167283,0.0525967407031746,-2.783628492589921,-2.818292504960855,-2.1046324416991644,-1.583992974868804,-2.132657960882915,-2.1949479152220985,-2.5697582326242494,-1.645941221796111,-0.8177643953505727,-1.775763859112343,-0.0800828737038886,-1.616557829005891,-1.264717690085171,-0.873605311216819,-1.231648541945073,-2.3808636154060827,-2.801411056532177,-2.452320422209844,-2.8169993904203463,-1.214553526383972,-1.5313032075951456,-2.393805094704676,-2.6909596470529333,-1.4435023148249322,-1.7941044533038328,-2.6461257056212686,-3.3397035691728725,-0.4297722064521846,-1.189385673217286,-0.2468395353308397,-2.308574585712107,-3.085709556434811,-0.1819984871485532,-1.5497746977710236,-0.0441257494835639,0.3838352080047116,0.1374386952999805,0.7649960904862813,-1.1121728877316124,-0.6549208777884851,-1.3450265100647434,-1.4482193927465434,-0.4452048430115553,0.2115182442751406,-1.7948739839067889,-1.823097224919589,-0.095554090132342,0.4676547960708223,-2.1776600003155835,-1.5183107477552646,-1.6851046113988315,0.338946174003302,-0.4390058847614228,-1.606366543231918,-1.9591229540433552,-0.1200660855246194,-1.8616336916497132,-1.316320331762174,-2.0405636798247686,-1.5525813832468005,-0.6402625943157059,0.4726005975019959,-2.023441107214323,-0.9452336606527512,-0.0793856803554629,-0.7298153834401306,-2.277776138438027,0.0358592751662055,-2.1049204128648187,-1.6697842698155412,-1.0130336470084451,-0.7470709188136656,-1.7961181846847103,-0.5779375047386075,-0.0952082491630637,0.0930270656495263,-1.817016073055406,0.0866476087261848,-0.5691722962682324,-1.4008012890125618,-1.576758560489537,-0.9803385858132034,-0.8449935158082559,-1.6084953252938106,-1.112134996788763,-0.764008170267267,1.006743061569241,-1.901723687036656,-1.9468235539944985,-1.0880212007595194,-0.8048222271257462,-1.3360215552650676,-1.2418790965143622,-1.5717128647544885,-0.538092078164601,-0.052759370352199,-0.8019666278873823,0.4213403521631035,-0.7710007715385322,-0.6739242190167195,-0.1093946181658118,-0.1716528818982488,-1.4752225453995986,-1.76963517133804,-1.3432132562178498,-2.1994176686258395,-0.1887768323611618,-0.6710017939336942,-1.4880503518696435,-1.9480243524197016,-0.7943181688417087,-1.1416520412683058,-1.9203901433366488,-2.516049543451064,0.4930964974153728,-0.2856088591279283,0.4897831066947669,-1.3424444145411274,-1.6715961458099675,0.8810849833352551,-0.877062343057135,0.5875327832047181,1.0695262870916982,0.3974890370288698,1.5525097349185035,-0.4506046468306859,0.0291818576468224,-0.4905258552903908,-0.9795883451447888,-0.1002339660373376,0.9376465160418702,-0.9588475319553592,-0.9099365250731186,0.8222796178857325,1.3037205598754578,-1.189674333309174,-0.4860154552388663,-0.7087590850935918,1.2822136607142405,0.383329536149233,-0.6212475413414998,-0.627137171712736,0.2657298495988705,-1.329788150703254,-0.4782271441677675,-1.0044158687520652,-0.5409917686819169,0.1205834260681801,1.2096587054940862,-1.209952876995843,-0.4486088275318824,0.6267257966354843,0.0555343221633396,-1.253191265270439,0.5849644662057746,-1.0776914408125884,-1.0423026780438838,-0.1034106049005695,-0.0218672318014647,-1.1382080990264285,0.1747412951456874,0.8590086866419488,0.9813578521758476,-0.7245953893679753,0.8156280351001102,0.4875234286484861,-0.8089957422490295,-0.1009101471356377,-0.3417907934798176,-0.090043713652715,-0.4740315834050084,-0.3843161646315591,-0.0444881246824492,1.4192348882455907,-1.2584835965971242,-1.038490160267019,-0.4603460637741037,-0.0580048546949984,-0.6251868215453515,-0.299976415730119,-0.5176309690260221,0.1866266505281374,0.7391865025329765,-0.0636154699416175,1.429748247033782,-0.4237565025801957,0.131925563115419,0.9012415870785728,0.6169499333803855,-0.6471814804799735,-0.76081155254326,-0.6291405692001093,-1.0261873155869936,0.5097020308874852,0.0602886021015663,-0.9317465517771296,-1.1694123238521117,0.1950356841357298,-0.3920893193255183,-0.8799558332383483,-1.6101811277874842,-0.2186032047196008,-1.2244244614593105,-0.3551256496578087,-2.238419849489892,-2.9628815871685448,-0.1074993820971171,-1.5840522225248954,-0.1348959116295706,0.2875681222784602,0.0035899710561218,0.9124132148829904,-1.2415497897746908,-0.5656635949603946,-1.2412700857238403,-1.5526826554031428,-0.5546648876406164,0.2451688461564163,-1.9092915417129952,-1.8342764309125763,-0.0236315718857711,0.5112817387411809,-2.190103385947268,-1.4880820424763903,-1.7482143879560257,0.2750262201953683,-0.4946656130282265,-1.541400799401346,-1.871917293538992,-0.1800536483910377,-1.8388040541199413,-1.2205733638133625,-1.971278368509385,-1.5434145307822236,-0.6706704204153219,0.3895160937271602,-1.937590564611494,-0.983865888129349,-0.1753021241577455,-0.7575157294416115,-2.3597921176245147,-0.0811810221202824,-2.0359044717067816,-1.6789697232884258,-0.9518976441105788,-0.7525961072073155,-1.9033302630134623,-0.6862215522868755,-0.0277885527794474,0.2424792781403553,-1.8365547099671649,0.0759485843180323,-0.3334162061839063,-1.3904501723523883,-1.4715250783037483,-0.9539933577132574,-0.7686680673114875,-1.518589073953648,-1.1447287858276625,-0.7778066738004858,0.9070871261708572,-1.894279839082368,-1.925143045422408,-1.2227372811131698,-0.7742600815497988,-1.2822846201163036,-1.3282759576204537,-1.616988407901905,-0.5799719039064938,0.0462475965341125,-0.7771149918619291,0.6189099285150406,-0.7023444929323356,-0.471771216432494,-0.0742456017264078,-0.2267366678337443,-1.4541234905686855,-1.8348358390142772,-1.4832988276363517,-2.114642539873695,-0.2771474671265806,-0.7022590660793664,-1.5520881120635268,-1.8571859838854483,-0.8456838198943454,-1.2067934612884517,-1.8108687842727955,-2.5452200580350945,-0.4477786714203677,-1.4065751797765496,-0.5790583877207107,-2.5841416345298134,-2.8166356373689934,-0.3726002851025802,-2.034904839741796,-0.3517602450065643,0.1498896591202343,-0.5813070429472535,0.3162184975561061,-1.5964584061399638,-1.1226824574255188,-1.6943493125278075,-1.9580378952254005,-1.0991645825883585,-0.2624065125057667,-2.0543945628909674,-2.0682433580392408,-0.414133580948961,0.1780402184153873,-2.2897455428209788,-1.562879452586985,-1.826067874838968,0.1192806665604006,-0.804180836802244,-1.791578849731374,-1.758304401573656,-0.8748701797817493,-2.5334607761533974,-1.7134515146705669,-2.1919001055645544,-1.6143408643860948,-1.0304014773580603,0.2542881627108733,-2.395128177536347,-1.438727367099697,-0.3379142055632256,-1.1734514983598383,-2.337417171408933,-0.4752585610270895,-2.317109692820452,-2.140854805210552,-1.2731219012091284,-1.206427641458398,-2.1498142908788083,-0.8859481136183941,-0.4147419028132494,-0.0285556721405857,-1.815843520605781,-0.3469894308387307,-0.7608218864367644,-2.007967824007168,-1.1484100631570229,-1.5340892252839136,-1.267770666689468,-1.6041309776038142,-1.4372930226812954,-1.1239094350476,0.4835552135428223,-2.397555609120515,-2.1628088174973903,-1.490663449073773,-1.3021477412840985,-1.8093931042803768,-1.5468460723518958,-1.6172750012150918,-0.8522237966301208,-0.4466632998481334,-1.1867980662838011,0.2469748662778569,-1.5124135391954587,-0.9336410989195908,-0.3513117540284762,-0.5593406299882102,-1.9021673555311085,-1.8591673357333456,-1.6071264288676033,-2.2115055683209746,-0.5445431834162392,-1.1212777368351632,-2.033694396349321,-2.4003843402357674,-0.9803344522558016,-1.5399292529663289,-2.1181533079602337,-2.8483668907633977,0.7613964509156053,0.2664608003327436,0.8346692672711938,-1.2392708217938686,-1.974512188250008,0.7680542340373301,-0.4035716528612993,1.3560748200733423,1.825155736505652,1.3348400467744057,1.8561842851417616,0.2990077423877566,0.5443109291597293,0.0390558928902124,-0.3183886582499056,0.8087277499441504,1.409428023309979,-0.5574019915667974,-0.5730709298243003,0.9231873322506078,1.7008851557061813,-0.7308928640695157,0.0628486519857064,-0.7100956019868188,1.6121163215777288,1.0236038422109104,-0.4795381707903505,-0.6658500035586674,1.141476365078732,-0.4891679816839215,0.0604325876843934,-0.8961635118105439,0.0748972828855248,0.4598719964095924,1.9298215434749364,-0.712084532023286,0.1682006294836784,1.3506336806801942,0.3845737369271547,-1.263598184955535,1.2998859964591167,-0.9675204243104292,-0.4841126409816019,0.2012243084923579,0.6373449056005367,-0.6309414223747977,0.4021358444746514,1.0640996151494562,1.2799691390450991,-0.595735225058003,1.3688716248628745,0.6142355640199141,-0.2131083290802302,0.0768889686269265,0.3901753961327366,0.4673351342984215,-0.3913831699360555,-0.0107892972920404,0.2944876973689614,2.248355543631192,-0.7126446290512208,-0.7052924082860049,0.0873392906647415,0.2375775679881335,-0.3331599256249989,0.2138909062237355,-0.3666679413048596,0.5610973057681675,1.103677738344817,0.3462777269815094,1.8397706176257127,0.5018896073982095,0.4990925668897035,1.0190961978643205,1.2218768122473758,-0.3761675451402759,-0.5947955296753424,-0.2093695264103626,-1.1364623599504298,0.9638202015096444,0.7469868698131636,-0.3435640896051611,-0.4175919906417444,0.4021806246798369,0.1653560530650524,-0.6534782662552803,-1.0883174390399768,-0.8567424637964487,-1.7599667805753862,-0.9572547345032248,-3.0323508417883054,-3.1959515323390333,-0.7990545366978613,-2.3694439741575617,-0.6350239992352428,-0.201455141838511,-0.8746600572804946,-0.0356802027855895,-1.894604323338404,-1.493159428818186,-2.133492250551832,-2.2532427863325077,-1.3992305371999034,-0.7105213583991973,-2.3602412975288365,-2.470087140848726,-0.9481815760064206,-0.2534060357266096,-2.6261392666576557,-1.9642168746147577,-2.192014467319336,-0.2982038085310091,-1.134609148381986,-2.246912932097987,-2.2094959704974984,-1.289464609323114,-2.9129199677800304,-2.1161020300996234,-2.5855435994152347,-2.007887908564068,-1.4544975775135425,-0.0982112786154228,-2.729757905751834,-1.8130278790889671,-0.6836284339435216,-1.5846736339876226,-2.7039211052123013,-0.8238517475508582,-2.6978523540203234,-2.4789226197949303,-1.6716044129247711,-1.599676380577213,-2.4780394163634267,-1.3072919534705554,-0.8140793289269276,-0.3636718011148367,-2.187386949808096,-0.6800584182008914,-1.1128394238626418,-2.3920242203907622,-1.6479611535130911,-1.8338148503360492,-1.614523429838005,-2.055538869365014,-1.8352788185824964,-1.4672034440402364,0.183261245876893,-2.7382144752695465,-2.491198596351844,-1.821357686179693,-1.6834394766921663,-2.214796568938988,-1.8549607521508489,-1.962232078135692,-1.227046514704477,-0.8666416448473659,-1.5479263086862152,-0.0417410313258807,-1.845104284526416,-1.2074723980916862,-0.7799092766655007,-0.8626637847744314,-2.3413523180553835,-2.194578650760877,-1.9238113510128163,-2.728858168090724,-0.9139006066213806,-1.5033293578789166,-2.364591177767927,-2.778564884772798,-1.4899297426349651,-1.9312069741307507,-2.5080066741366416,-3.2514479850884688,1.026146324476093,0.051976018166681,0.9141775549672968,-1.1818412420328896,-1.467272336663599,1.1150925571097032,-0.555145069225451,1.12665205038365,1.5562099577192885,0.8999057591115796,1.9354242360698688,-0.0283465830286813,0.4664333298586101,-0.1609717695721704,-0.4245515234537957,0.4670285621244597,1.2107616763941154,-0.6257179836714742,-0.5354031990747736,0.9062927942234908,1.6025767600207623,-0.8752359996118027,-0.2153872970610524,-0.4352078344354637,1.5550849411797834,0.7962120270579361,-0.2969906094336005,-0.3710336668473234,0.5498829645372656,-0.9881082958759944,-0.1699450337650994,-0.7727575334342688,-0.2505645594760349,0.4398834906672783,1.6594214414093964,-0.78988492852835,-0.0176399804319589,1.0780593274213426,0.3238001307571183,-0.9552609819831224,0.9847222234377414,-0.8597441153963405,-0.6591591519777288,0.2269922164085286,0.2722167790146571,-0.6406456373015997,0.5310801008430153,1.0551673420674277,1.5124045831544215,-0.4399056224225334,1.2346495046187311,0.8012859687685635,-0.4138807450212217,-0.0450654448662246,0.1101765063830833,0.344378357355413,-0.2265313678161249,0.0598910916647663,0.3432691861192812,1.9409359904019632,-0.9021833492399344,-0.6692305645870515,0.0318490355602907,0.2042170040512127,-0.2931408896401197,0.0599641178455303,-0.2301186067145957,0.6198771809470461,0.9800333914917088,0.2787850017260109,1.93407497404132,0.0423083136391428,0.6431367084465984,1.123484367561455,1.0554246560156857,-0.450484084739802,-0.4757332312020552,-0.129355566858781,-0.8917034033740738,0.954652660118834,0.3333183356008424,-0.5527565619734829,-0.954098074500768,0.3361877133638788,-0.0285339709642266,-0.5543782943274296,-1.4721278887581677,-1.840615930114368,-2.733900419194604,-2.042135120563661,-3.785326547350347,-4.493253366495833,-1.6854036053842234,-3.099280025384701,-1.4816405821920229,-1.025716090043196,-1.5097212154744633,-0.6157285532839525,-2.495571900082878,-2.027874347527681,-2.5714247451833816,-3.116589297004458,-1.7741600388404706,-1.1146523332464189,-3.4645769604267627,-3.298912246880102,-1.5621436793694763,-0.788464362634621,-3.655583136550981,-2.781253763862625,-3.454083236036229,-1.09931132387612,-1.8517593119432063,-3.054375124550973,-3.2906906012080555,-1.53311095003217,-3.260256595911562,-2.5884198664406077,-3.4681166634151137,-2.8387157231565845,-2.0733235000859707,-0.9203765132174292,-3.2717465076359127,-2.5484924576448,-1.515414501869117,-2.1772101314850283,-3.939652224017819,-1.5317241415238887,-3.54553337106594,-3.186326543929097,-2.4246862131267903,-2.181296841902875,-3.475476462368899,-2.348947040854834,-1.4131633813486784,-1.0357840580213509,-3.441816215520353,-1.471921210888081,-1.8379194728359705,-2.8666096574297133,-3.1443964265721505,-2.297052294454776,-1.9839925021508824,-3.0651513086972915,-2.641826805923466,-2.398032346074181,-0.5759437522185049,-3.379829388723963,-3.443126553216702,-2.7316324740335203,-2.256823135968642,-2.796402562813744,-2.6652006951778,-3.237461404693471,-2.294811217416803,-1.3997010738174671,-2.4175303363381566,-0.652470367175491,-2.2342270444320675,-1.8142038761697603,-1.4418302908559313,-1.679861193834733,-2.944532036936018,-3.4682572043667723,-3.058736716536035,-3.472849586640098,-1.872855611069185,-2.138885165108626,-3.0031424362614256,-3.325381481702101,-2.0501983132019745,-2.392624275140247,-3.2662144299799265,-4.0062920585960935,-1.3840348912648988,-2.16826166863651,-1.4920089220080368,-3.2494831674701783,-3.941302202347344,-1.1926112258431052,-2.591142502915882,-0.934995527894892,-0.4776684249922999,-0.9596397971240248,-0.069817872822918,-1.9281446970223,-1.5120401411768356,-2.0568450735039616,-2.5831440693435286,-1.2553400261931065,-0.5617477382484861,-2.903584328388216,-2.789729623314879,-1.027417048914009,-0.2892195215183422,-3.0992007988678343,-2.226819709568162,-2.934522627687721,-0.5547103567720355,-1.3632678988785916,-2.547291659219596,-2.7472428535611653,-0.9835772280374614,-2.7160537851126216,-2.069727305146462,-2.927877245238202,-2.284282357788355,-1.568134581897055,-0.3723260924615986,-2.758350411225856,-2.0314119837373315,-0.967365415907864,-1.6310879721992166,-3.423781504576591,-0.9814429345657,-2.997558000211684,-2.678890348366106,-1.885668950088324,-1.6260505435789712,-2.940441192960769,-1.7982214764759592,-0.88663015058968,-0.5541261473259238,-2.924461548971903,-0.9886077673953706,-1.3301346805987662,-2.315767664517356,-2.662069525445987,-1.748514070867651,-1.476069924666954,-2.524205052204683,-2.12146773207019,-1.8685057308300943,-0.0290465320820415,-2.871918522986006,-2.9020080651656888,-2.1910968175761507,-1.7189646468551285,-2.2343861863920345,-2.191478482709577,-2.6967893408418444,-1.7777748347882862,-0.8940691760603324,-1.909758633699391,-0.1446586852862307,-1.677514022156782,-1.3353656974906594,-0.8999457168331296,-1.189836230974075,-2.3879898683666707,-2.941812845091911,-2.5173295683931336,-2.923622436819351,-1.3426745159031572,-1.5855161907713426,-2.496073438380954,-2.76604089477178,-1.503246686730882,-1.8767273765021415,-2.751802167375277,-3.45660539497752,0.6774996600534394,-0.2295805553261367,0.7258554354492703,-1.249784525045177,-1.997372138534059,0.8009628623649947,-0.5248819176348957,0.9593373585074648,1.3823966246813453,1.0063910202638602,1.8995005220807568,-0.1382062021821253,0.4301999435274848,-0.2665669380306111,-0.4806556091412857,0.4822979231664618,1.236560585990799,-0.8281279126829512,-0.8669261713818519,0.916341472267104,1.4586152896119022,-1.1225281379491874,-0.4274581032334477,-0.7299827925149008,1.262034322405213,0.6401777702731911,-0.5734863523431746,-0.880766010489088,0.8361077452469969,-0.7629024436623034,-0.250232497031429,-0.9900324668465011,-0.4881545711942632,0.3028843303043487,1.488429261298136,-0.9511666933767056,0.049807967309472,0.925717758306702,0.2470833721596524,-1.3280885696849083,0.917499557265823,-1.0543595760585056,-0.6227838468424773,0.0169758071026214,0.2403732306441723,-0.8252096211573275,0.388962197035328,0.9398579692517974,1.2076504855230776,-0.8090901251430357,1.1132551908446329,0.5448586255154589,-0.3376841042011958,-0.5113314275457809,0.0418942689727358,0.2025236233689694,-0.5380989674269373,-0.1243091821974985,0.2955183310144603,1.9323719483918056,-0.8136074144568963,-0.9500926573784886,-0.1572384783121718,0.1774728876619994,-0.3113988126835749,-0.1941780140327598,-0.5700479215111662,0.5002230948390776,1.0311751415184185,0.2931215566476887,1.594566614702437,0.2886504253914806,0.5004111717008564,0.9476531695852324,0.8807756554563587,-0.4564481191442693,-0.7859174023489198,-0.4144621987623988,-1.1435893018372514,0.8083453958844901,0.2955011078586197,-0.4749623227466319,-0.7878581075490335,0.1257703516811215,-0.1279026214320718,-0.8442460308447759,-1.4806092596202904,-1.7120126922316468,-2.569174023178138,-1.8761893251136827,-3.6024166323236564,-4.338821595188383,-1.5149246753170116,-2.909328595324158,-1.2805209689582306,-0.8248968486472631,-1.3240969310873012,-0.4767507752491152,-2.35144164274678,-1.8499722372931904,-2.423909793261498,-2.9346989928035287,-1.621629015011584,-0.9510633544416622,-3.2919651147402567,-3.104934042984038,-1.409114561873681,-0.69095447551186,-3.4829740465694097,-2.614969705631939,-3.2850138490430085,-0.9135630327669058,-1.6510751000890636,-2.8613979304723616,-3.1356036610524307,-1.3590716491895989,-3.104545488588275,-2.4450570729287646,-3.308076343639745,-2.672432353852132,-1.8847278768531963,-0.7207188445092729,-3.11001831858817,-2.363561233048661,-1.3153117437561512,-1.9701285506254695,-3.7676314770397608,-1.33944551864617,-3.3765445884420524,-3.0130987981897333,-2.2934078746789144,-2.0295257037096737,-3.2772510282425538,-2.191541174996837,-1.2861081607129066,-0.9086751011393563,-3.2731891191691176,-1.2813600811107826,-1.708239443250098,-2.728635644917264,-2.993640076721075,-2.1527387827405344,-1.8607036412343236,-2.906666584357442,-2.4615720126011555,-2.179460853490272,-0.3846468492236978,-3.19554575478743,-3.2906086189862545,-2.523943260235906,-2.120728514221513,-2.653936751258077,-2.486979612097142,-3.0683892619953155,-2.097522722968184,-1.2094816514520454,-2.2438038080056497,-0.4943404398459569,-2.064864863789557,-1.6619704684737984,-1.2886799223430183,-1.484895069719654,-2.76766124927326,-3.2982853240075065,-2.8620014298530148,-3.3345641794700507,-1.7020074165407515,-1.9801724061854475,-2.835665157794105,-3.155622479549024,-1.9182372488565795,-2.196617872412399,-3.082453002128479,-3.824693859118219,-1.770656848942502,-2.5887305721719707,-1.918883461663717,-3.630595782057505,-4.3903849680700695,-1.5841321379679956,-2.959685658370772,-1.3238668297252714,-0.8682427094143038,-1.3677500529545374,-0.5169110411118869,-2.4141435749736697,-1.89328365174855,-2.4712658936344534,-2.9732471712796245,-1.6873105531988897,-0.9801642874760972,-3.3295122833988997,-3.153963545178462,-1.428333537013039,-0.7605104917791672,-3.5204626564981947,-2.664082567900631,-3.3362355145128184,-0.946415858069647,-1.6751406712819537,-2.908441947261486,-3.176966792119107,-1.3958789110733314,-3.14575430017862,-2.4880054232590054,-3.352492795773834,-2.7215445271945904,-1.939156493940517,-0.7640632843659568,-3.157151895787665,-2.4211237755727297,-1.358657604523192,-2.0007134307671266,-3.82379618823581,-1.3727268560662242,-3.4265165417240717,-3.0711284327001973,-2.336272864934887,-2.0614643239003985,-3.3044181453392114,-2.222813603519649,-1.3375130805608595,-0.9647406069577636,-3.3249205900518075,-1.3012920949019398,-1.768253185313394,-2.765718477294445,-3.059728770312451,-2.1824852396558736,-1.920973663856527,-2.9474813301421547,-2.5175390019681547,-2.2295953933634256,-0.42549190776269,-3.243942133773155,-3.3140686240197907,-2.5515850475075297,-2.164643428057526,-2.682195816435025,-2.529804644631564,-3.1187731931650404,-2.1397759467287,-1.249726655241553,-2.293221175669603,-0.5286317431245012,-2.0890089725730805,-1.7294597490981287,-1.3278260887898985,-1.504685164706685,-2.795648877514161,-3.3444916064965464,-2.872688742515196,-3.3877010598693302,-1.753238726977832,-2.0144258185211426,-2.8912573712900143,-3.1927707599184,-1.9537947985525213,-2.2454220957284283,-3.1492595568552897,-3.857551506904596,-0.968211417322752,-1.9499271666769664,-1.0690061477853134,-3.2539405202017138,-3.466791858267858,-0.8889569989437389,-2.6334005491600334,-0.8158629589457754,-0.3866964047687238,-1.0761778698773203,-0.1909951748334253,-2.017596257048272,-1.5999615960379323,-2.293912168681926,-2.504145587060306,-1.643215140689668,-0.8497705303121922,-2.560300653289084,-2.7049331378494923,-1.0905192472826335,-0.4049477830129596,-2.825758398554618,-2.1988975293194546,-2.3746949699102298,-0.5033109483339514,-1.2564664205850784,-2.403782468883109,-2.4941320442546075,-1.5131045322077818,-3.1048389711637983,-2.288119332446514,-2.838064687865812,-2.2256678249055457,-1.7120368046498236,-0.2830281414567796,-2.893254223978168,-2.069384219882119,-0.8643909228421222,-1.7846523853785363,-2.90034224153279,-1.0343187119224362,-2.899925441161449,-2.742876439092468,-1.868601491576568,-1.779696938980092,-2.730786472618632,-1.4441643729354432,-0.9560566917829558,-0.4817844147750757,-2.388131098244563,-0.7906778826232491,-1.2996879301669504,-2.572762639929076,-1.6691032662336056,-1.9708967033759583,-1.7641771532521684,-2.275559862744464,-2.1045401255838594,-1.7432162281310966,-0.0027929304983877,-3.002168294567084,-2.7431451203235806,-2.07166869927281,-1.8956177338280624,-2.418096633702194,-2.01247960191116,-2.164395414613422,-1.4841227834117636,-1.0273764022662255,-1.8095205556335965,-0.1652971929299673,-2.0329730905827192,-1.368064892243303,-0.9151275842434616,-1.0184114051881,-2.537858192302608,-2.395914586832027,-2.2109027578665548,-2.933688338018805,-1.000154859997112,-1.6916873015610914,-2.6185032082841877,-2.9078632492252434,-1.6535442117103654,-2.161989684205613,-2.6695612537735114,-3.400629449569484,-0.2425650925143309,-1.1213314730813857,-0.2937264769386986,-2.4444680409990176,-2.6424482173861934,-0.1041897804707961,-1.78611566469875,-0.0330953515570391,0.3960719157663089,-0.1953243872855071,0.6851756761484579,-1.2262480491997083,-0.8443273241403433,-1.4406921847179874,-1.6485474297379037,-0.7257128277189105,-0.0614680868714171,-1.73508414286942,-1.8677293109648023,-0.3299343729991798,0.4172126506343562,-2.0347450088555954,-1.3976418733051703,-1.564065783561282,0.338838701510857,-0.4020346584340882,-1.5574693148743497,-1.6360241286631196,-0.6287141238614972,-2.257695316580408,-1.4318725510751562,-2.0006989633162204,-1.422403948920253,-0.8610048504038692,0.4997622031887843,-2.0719397917457405,-1.2324318510727013,-0.0816019560490255,-0.94790945014414,-2.0767653755491478,-0.2000263088299785,-2.108903784347622,-1.8921414120532043,-0.9720528700014296,-0.9097029790799208,-1.8658940114784328,-0.6687255816578065,-0.1320430680961412,0.2605811593918951,-1.563221848925095,0.0565070860052141,-0.4595076405477855,-1.6967888003210636,-1.001110400683146,-1.1900139739423496,-0.9219383089890508,-1.416468160491364,-1.2422235596311737,-0.8751960418902526,0.777142548911274,-2.141325341828116,-1.8745944608828475,-1.198368582377486,-1.0470865818101562,-1.5590166431950652,-1.126883529598147,-1.3395337012040736,-0.6331349635026506,-0.1915111805824083,-0.963776799156926,0.62428286421106,-1.1714136545607845,-0.5929774533448134,-0.1523209228565766,-0.1455887357016206,-1.707375529753136,-1.57093713381543,-1.3387517699289124,-2.153894112034319,-0.2511577249631836,-0.8189293696116278,-1.7660555106281393,-2.166969931948468,-0.9031678248277806,-1.2700692690679485,-1.8404612661749196,-2.6260751965179288,0.2997958739990204,-0.4157952710244577,0.2871726786203611,-1.7269933931817611,-1.867205038101016,0.3702385598579442,-1.0809624625698264,0.6260265365083578,1.0582719881392462,0.3778133037966201,1.24279536840508,-0.563689821301067,-0.3593625459945851,-0.7532457646456212,-1.002344956493797,-0.0834675682896744,0.5995814141045365,-1.0300019001425595,-1.1443919008994212,0.2931897603448172,0.9102809881899296,-1.3272797702866357,-0.6684190094838446,-0.8709336552828321,1.044326054392032,0.2351160345554014,-0.891828787948593,-0.8897578756903247,0.0535109458151913,-1.6719461203366477,-0.7623960828805911,-1.2144825669819088,-0.723646049018044,-0.1416811461045156,1.163916070360274,-1.4150455278189342,-0.574625147407352,0.5811994843390293,-0.2430745534640945,-1.3847961547530512,0.5037627978274283,-1.3284785019331384,-1.1995349344910082,-0.3654926331503002,-0.2504825772542339,-1.1853299644799524,-0.078554146391481,0.3720084113521196,0.7076219262292192,-0.8351274032165525,0.6879189804107414,0.1044687525375235,-1.1431125648835847,-0.8173451837374135,-0.6319121194379713,-0.2909239250203235,-0.6509884868469696,-0.5475620581719717,-0.1744767905298661,1.4241827564554652,-1.4496985173701302,-1.1670327726411809,-0.5356884145354932,-0.4728335406847394,-0.9407597736916088,-0.4526617805642818,-0.6143968588743608,0.0533208021747115,0.3382813601878566,-0.269758044344749,1.0573192031581466,-0.5311291007213816,-0.0599607162722518,0.3622917957531122,0.5064103413432384,-1.03126676870749,-0.860202940267933,-0.711402495052,-1.3095798774924146,0.3401083925594226,-0.1574169102066799,-1.066370316015475,-1.481094952614994,-0.2575688724932717,-0.6129218678081757,-1.228329295351481,-1.8921703469550168,-0.8310400038724721,-1.69079307530985,-0.8809037957358125,-3.055121231661986,-3.3350264489728114,-0.7421574969154722,-2.451841618477476,-0.5873289471553451,-0.1585336596313815,-0.8288319952937131,0.0831940215170368,-1.8130003220396225,-1.3022986161292616,-1.9929747223848489,-2.338665505744257,-1.3677658982579108,-0.6140606628723532,-2.332046302491615,-2.4960596598562823,-0.8877110758502332,-0.1049059192906464,-2.6516715618019275,-2.0106036557770066,-2.154144192257124,-0.3419843817514655,-0.952973057961263,-2.1075769124216657,-2.3052670508644866,-1.2678888175385343,-2.8273904648020696,-1.985557742553672,-2.65489780335398,-2.038176550425268,-1.4860014852508514,-0.0544403503622372,-2.5886410117616,-1.9301666955179813,-0.6358858459535041,-1.5740627921373738,-2.678913082931816,-0.8508190760397651,-2.7374084315762084,-2.5700117574782224,-1.5510815908362048,-1.4607585391247009,-2.5718987264321136,-1.2377069592435463,-0.693802496561654,-0.3648994676631514,-2.160298370302071,-0.5122979910515528,-1.0278434942526211,-2.25324898666861,-1.5834528567016442,-1.7845924487962117,-1.4607702508706724,-2.0272157340483385,-1.9253393893989903,-1.5711196992673395,0.2226340690546346,-2.789870164266538,-2.5268684410238667,-1.8873767982214733,-1.6112847876137468,-2.124179345725727,-1.6841373589668258,-1.9367300957457,-1.33264788349902,-0.7810150032704644,-1.6431228245743623,0.0822543261343761,-1.75055467037164,-1.2344827844701944,-0.689652404930314,-0.6994985386612423,-2.324864246506104,-2.168892725066508,-2.061068191316066,-2.713152027816605,-0.7971062533091777,-1.3842284795365467,-2.44233650323219,-2.685322163683203,-1.4302625304671812,-1.8833383126399803,-2.3733701647629744,-3.1798685494151235,-0.6813370652904942,-1.620904953540047,-0.7593379393295422,-2.854142159379853,-3.1057249303002363,-0.5917559871326012,-2.3132944193386527,-0.5466630094370947,-0.1030434072180488,-0.7957848927930904,0.0880399286443353,-1.7938860636877747,-1.3687148941447254,-1.976431536736879,-2.206783667915728,-1.3581305759544708,-0.480532980271701,-2.222146033999269,-2.3909646518434515,-0.6927766853997906,-0.061377148608579,-2.4999920507977977,-1.8285776331080532,-2.0514335579388594,-0.170983245599168,-1.0248880007103822,-2.095707746805706,-2.078106025999776,-1.1397230478141636,-2.752814200012468,-1.9681396205890025,-2.4715159738572585,-1.8744325632179464,-1.3869132250689722,0.0041149328461419,-2.623312257857987,-1.7362518728354095,-0.5858298436709832,-1.4755842316722505,-2.568801314085748,-0.7336781928320503,-2.5511909817018976,-2.418109034374399,-1.528824451006573,-1.4611477824466974,-2.417688100445656,-1.0759829037532052,-0.6493250744558889,-0.2693767236744392,-2.0410245714750617,-0.5345096617497657,-1.0020246057951627,-2.2684949242186687,-1.366640537255289,-1.741473933686266,-1.5125489132003656,-1.8853906238899407,-1.7248026077588428,-1.3950363542896114,0.2623541110541218,-2.6776344358422133,-2.3785867142039616,-1.752113710438327,-1.538599625335438,-2.033124654354116,-1.7690220269901162,-1.8090761982129104,-1.146243045689164,-0.6915621084499147,-1.471777225305254,0.089909329979269,-1.704280873111705,-1.15001767252318,-0.6014250668214887,-0.7609810283967311,-2.1769903640165027,-2.053633299402815,-1.8337569805324248,-2.559876274729173,-0.7224865861668578,-1.3765173282036134,-2.301575784104739,-2.6311222701054446,-1.278760762431326,-1.8557082371143288,-2.4016571314523847,-3.084904201667707,-0.8798301042007122,-1.820750742167872,-0.9827580947456844,-3.158376117704812,-3.473931889753118,-0.8067508761167715,-2.641337668297594,-0.7420114445539442,-0.3120257355561711,-1.0553902097040044,-0.0412308814498835,-1.917255528973668,-1.3597950217349022,-2.067775921589728,-2.5463471413533,-1.5698169397595605,-0.7108499762126351,-2.470309664022186,-2.644170532970249,-0.9745474718933752,-0.1981975541428285,-2.7699429729590164,-2.1308832869051044,-2.315844135329288,-0.4748396938770473,-1.091774470880293,-2.211309568807509,-2.42507407859632,-1.433452258928852,-2.9739526317428537,-2.0541865071684136,-2.774766145520605,-2.1610665230525594,-1.6038560960365988,-0.208145304493216,-2.685695906164943,-2.1120942017355264,-0.7901708329153032,-1.65344431740649,-2.82811521519984,-1.0039191529376237,-2.8548751768924268,-2.749132578219991,-1.6936583195154844,-1.6264914563684894,-2.7849078286057574,-1.3472420968320722,-0.8283600808236818,-0.4305803169242235,-2.2986816049972925,-0.6531262249498994,-1.1327173569444595,-2.4201551452882573,-1.6008857905803369,-1.90513662759802,-1.564224925521249,-2.1594413460674446,-2.081753201480572,-1.7492918685854106,0.0659763770863511,-2.962745179774288,-2.6717131148642306,-2.097373225975488,-1.752483663825782,-2.273768654537047,-1.8409128573210587,-2.07427628506707,-1.5142715732475378,-0.8673223039661846,-1.8284171132956195,0.0257692615485749,-1.924751046395477,-1.3465889947625984,-0.7959936374418779,-0.8519144687512245,-2.4476322791900444,-2.316822410581032,-2.260289123849995,-2.825172122329806,-0.8979540310917279,-1.549968974968905,-2.6455890320852773,-2.788468199381117,-1.525474202732468,-1.9884305649478768,-2.4604180611598383,-3.3002232735026857,0.2095317254804911,-0.5240986085072672,0.2305016066426,-1.9325056000811285,-2.0465208249669,0.3303621531323696,-1.232947167895451,0.5360383029463941,0.9649679526148588,0.3361966694049159,1.194665603871767,-0.6304143938060767,-0.4648936658422437,-0.9005161477545688,-1.1198854169170127,-0.2016259955444493,0.4944678050833977,-1.1418160057119078,-1.3156224494875148,0.1638266368264112,0.9042187817971712,-1.4173913216444178,-0.7886882636605482,-0.9640220568960955,0.9067598862098868,0.1989205391671253,-1.0444672842699247,-1.0658770448322017,-0.0358703464260692,-1.7088987456556746,-0.9245390055209745,-1.4146900418823851,-0.8310055575607911,-0.3123715765254494,1.0688421833417112,-1.5894912951393425,-0.7021515935869214,0.4874820930744687,-0.3973017352091038,-1.4784288080908763,0.3768253835776059,-1.53603613082013,-1.3555105894880055,-0.4652078162047754,-0.3342759861234668,-1.3162569505486807,-0.1067594753222069,0.3838028284717314,0.6650628192209749,-0.9661701288925296,0.6497428221008016,0.0642216819693154,-1.158484575934397,-0.7121592805196341,-0.646713699567344,-0.4214299986892536,-0.8097266929829026,-0.6820122129994439,-0.343684651696045,1.3401461566257638,-1.6054378706689951,-1.2517768997128125,-0.6567685779470598,-0.5190453345836484,-1.023599708653509,-0.5123365709206357,-0.7416139341171443,-0.0933729496766942,0.2397518191814451,-0.4237785482196716,1.0375363418965686,-0.5922010334795212,-0.1547431874939922,0.3569540168239524,0.4689554887999009,-1.1974185531013208,-0.9742560560965532,-0.8092368664307972,-1.4974617731471564,0.2630761057469579,-0.2397249941162234,-1.2222529659709334,-1.611550024213691,-0.3327121235731445,-0.7420706922100357,-1.390283452203852,-2.047986171065814,-0.6188424998599248,-1.5406898275282477,-0.7204412072371231,-2.828859255532152,-3.3086123282495032,-0.4956159867675083,-2.4117371556396274,-0.52979740631179,-0.0978819718757514,-0.8855692041899018,0.1967883124740647,-1.657753550997797,-1.0095972829551376,-1.7320838691219955,-2.3252893139922484,-1.3162486834338774,-0.4963693276039742,-2.2660141008513954,-2.383810152907285,-0.5864099195596931,0.0477535892808106,-2.6173451232854683,-1.9757873907084424,-2.0798262748051304,-0.2299263962954151,-0.8264345320007078,-1.9362430248985287,-2.237825306150276,-1.165444108746448,-2.6974693110344297,-1.7405307936724372,-2.5461170399912705,-2.006010584577448,-1.293625723774192,0.0059660776358847,-2.3925305811724744,-1.9058827347090328,-0.5758238790538546,-1.3458318648318477,-2.613553273295612,-0.8372995876311633,-2.6353019855648308,-2.5125601320777675,-1.4829591870031755,-1.3902297159576296,-2.5615469208457067,-1.1064582446237163,-0.5657207758377852,-0.2080002855210385,-2.08100158295969,-0.358584059350592,-0.872452737627969,-2.172992525082793,-1.302232479210834,-1.6407921871260187,-1.2823231999853864,-1.973806038860545,-1.888701603368729,-1.5302973752940572,0.2797701662400907,-2.718457448741729,-2.468858096447944,-1.8632306226592492,-1.4992433363873034,-2.0557751710631464,-1.5997514735366778,-1.8627249508037709,-1.2911545453741893,-0.5316526846589344,-1.606014501926537,0.25890741310731,-1.6823640628414824,-1.1334820650637802,-0.5051910280255063,-0.5848460570093708,-2.1390725530441714,-2.0912796734390997,-2.046823952509693,-2.648496989717396,-0.6310385609737383,-1.314445763480488,-2.4112941760714084,-2.575863496906609,-1.300906985137345,-1.6693047771569405,-2.1384886880611766,-3.0352815339861343,1.908892653423728,0.7345799972718617,1.7369290873230605,-0.417149699999759,-1.1195161524557913,1.7564036540950925,0.2934570637234627,1.8170429411785167,2.245557125270218,1.86646788703104,2.722370549748703,0.7448408645954305,1.3634883552733508,0.5282644593262014,0.2951897132010225,1.3817476561692732,2.057465796040455,-0.0310395956759105,0.0038992989350182,1.8139338170861803,2.5397799520312967,-0.3493428028527841,0.4092565860253703,0.1468191148969802,2.130691076485924,1.611966135658799,0.2732536129962584,-0.0337332972493732,1.7138610813164552,0.099345897064309,0.5689917114792442,-0.1234122002413224,0.3723163613785487,1.181138537274595,2.316393209537485,-0.1088724120807262,0.8937922277144162,1.760133500723923,1.0567391272694366,-0.4782464341023089,1.8163326582316528,-0.1768363628800221,0.2006910795875343,0.932227422288198,1.0838669755707775,-0.0283892964551659,1.3851020380007797,1.971327971198206,2.328285454182271,0.0220924622397333,2.083511341228776,1.6629673447338498,0.5439333975837044,0.5376393675133321,0.9306256687950264,1.0066204326996562,0.3314685686635668,0.645073969015544,1.0400719348994152,2.8277886641651038,-0.0835330162818685,-0.0777784154524224,0.6485854260283163,1.2234634093634076,0.6386132187966351,0.8081807425146543,0.2661755848720241,1.2194021892162048,1.879912971406411,1.0047892667706886,2.456339273393678,1.1428466393574066,1.3491759127698495,1.9704502791765712,1.850159625228736,0.425653719311812,0.0541964274176453,0.3786407042032004,-0.2225321510299481,1.7954678383201712,1.1672869864213873,0.3073127481340721,0.1115454028092906,1.3574547393192875,0.69275730934947,0.0638097040816093,-0.6530745554823777,-0.4861952649858417,-1.3310240843663723,-0.6064569840318651,-2.4357758587094067,-3.207101114503975,-0.3218649800247631,-2.149957587535402,-0.5422456144271093,-0.1282284835405751,-0.6112243535685307,0.4593325671686663,-1.552571049353296,-0.7175663180642178,-1.5847487269470877,-2.1057395461565958,-0.8355504039239966,-0.2725109935743033,-2.379669706243216,-2.082697719346868,-0.3006860097507499,0.0767339602243615,-2.764915878232275,-2.1081349426709,-2.1205149470890903,-0.1739559622972478,-0.627016609621852,-1.7419458481562973,-2.196856240889232,-0.8161564415212984,-2.3604238629807464,-1.563128843883556,-2.3477097293392486,-2.140777645472386,-0.9528862532558264,-0.0206409431056172,-2.219632831099015,-1.733089701423084,-0.5918069676738893,-1.0292344363183046,-2.685400701273836,-0.7119185008009831,-2.3578486567194665,-2.222882496143012,-1.4488476934716068,-1.342175044383781,-2.3096513774152583,-0.9605409126376028,-0.3402599993887091,-0.005642329400649,-2.151128073206326,-0.1545950683537635,-0.6383198223368912,-1.8544447464018656,-1.3990155922150131,-1.4736669499640798,-1.1847567778535786,-1.9022796505071888,-1.7163412157574949,-1.3266852269470195,0.2931222455739223,-2.44700191168628,-2.429603768582385,-1.6601606592580729,-1.198467098828894,-1.7578366206610263,-1.4435002480462311,-1.9603044625340171,-1.046171687771906,-0.1686333182162827,-1.27644872599129,0.2280097604555885,-1.480471474373566,-0.8030144846887216,-0.2039345873533172,-0.3605357873704437,-1.8280636941377717,-2.1709932611528218,-1.851720732074124,-2.552067984797299,-0.5186340456221761,-1.2677303645048013,-2.0697775967615173,-2.5000733440933653,-1.1048764699913198,-1.4167127293043,-1.9225664613086613,-2.914752511561465,-0.335431659880368,-1.1396369320349609,-0.3888720338145027,-2.2994435574116783,-3.0231550544219163,-0.1594347751449593,-1.9751590899833789,-0.4092180922720667,0.0231499640083434,-0.4437422526175754,0.6056542988539161,-1.335852079411597,-0.5329816233635917,-1.3944321659827248,-1.9186127136539035,-0.6879300893462585,-0.1477285405832511,-2.165935164745568,-1.920308161114848,-0.1519137674525059,0.2359289675110756,-2.5322007300721023,-1.9215950753192537,-1.9042995822241688,0.01395142093702,-0.4828780851709509,-1.5559853677671276,-2.0047760287667966,-0.681572678062393,-2.2002657368194285,-1.3702977021664724,-2.2117301582731352,-1.9526498031522408,-0.795889609580601,0.1403135844728859,-2.036785608359585,-1.584578562167383,-0.4321924043108994,-0.8651838769370214,-2.4743254150379697,-0.513790894199812,-2.2190403545381003,-2.0322283613241736,-1.2812753431840471,-1.1542848816142357,-2.1224480741006344,-0.759925593406822,-0.1876869510595716,0.1480336918468561,-1.9548681456245047,0.0427409593138575,-0.4952925359008227,-1.694286620240548,-1.1827471800301028,-1.3648696523717632,-1.0211891557620647,-1.706180931664035,-1.5791119325035907,-1.1441053075862344,0.4360923296036554,-2.252937592011013,-2.2655924779964187,-1.4674087440578558,-1.050682776749664,-1.6118090604775333,-1.284682083409309,-1.7569864856887367,-0.8542926421096882,0.0131701785880924,-1.1472261434245428,0.4306312113497323,-1.3252336593727778,-0.6424065327547381,-0.0628989866586504,-0.1920919453973518,-1.680421290862668,-1.9642402981067009,-1.6521401800462434,-2.3922357207444844,-0.3015788581495242,-1.0750618093788524,-1.9177171095501944,-2.3060531156970496,-0.9664043638119612,-1.243867337624596,-1.738317962610043,-2.723859319339561,-0.3001483028254078,-1.057696045807938,-0.2807133493118091,-2.274788265362808,-2.956205891964746,-0.1051280980009896,-1.876176235515244,-0.3667016986903071,0.0740023677080496,-0.3718321323520915,0.6522264011730096,-1.2275129177646389,-0.4529249503855255,-1.3137940392634817,-1.8258109053538267,-0.6439442161081828,-0.0822047665034449,-2.0297978295719545,-1.8682253378530105,-0.118854264279678,0.2994500330297421,-2.401129758420547,-1.8132917378364444,-1.8100964979649048,0.0952123396625758,-0.4439895771354457,-1.4792410521203168,-1.9195448308479943,-0.6226453726695192,-2.1618140080160395,-1.2860123999664332,-2.1377877056184658,-1.8448500707462097,-0.7417331183555609,0.188817435951056,-1.9593861238645989,-1.511101823646642,-0.3837167988083079,-0.7987424531140305,-2.35807186881916,-0.413364050346005,-2.155229251075079,-1.935512074164656,-1.155705447507965,-1.0540543817370112,-2.033743310111909,-0.651835866114325,-0.1427338253894902,0.1841726952839752,-1.8562290653469475,0.1011508837963991,-0.4654179387060302,-1.6391001842962427,-1.071198999986933,-1.3659781346816613,-0.9402568575410648,-1.605582545178056,-1.5345852521721215,-1.0376241799913557,0.4885857529007315,-2.156282619286287,-2.209048168445644,-1.3723575916050026,-0.9922638989172036,-1.5401414422462845,-1.2284505463685986,-1.6452199160295085,-0.7610795448481391,0.0934362878322978,-1.065750282405215,0.5312991793853071,-1.2696731364836158,-0.5944868907226797,-0.0217094676939652,-0.1614299055175292,-1.6365242891087293,-1.846648857142197,-1.5650619708951,-2.351609740747784,-0.1920023849869809,-0.9757592931383168,-1.8255725368769933,-2.2091363510035475,-0.932934949530128,-1.171406765298448,-1.669321311386547,-2.634319576755685,1.7888675805389538,1.147769706222871,2.013295979498002,0.1182472772099673,-0.5523376948234406,2.1163882789496937,0.8611288571259211,2.313187635772441,2.7547163253434985,2.4352178284601727,3.274389917594321,1.2076291288098353,1.7301934555369365,1.231436352665117,0.959743824985302,1.892795203048912,2.67955860681272,0.4808870022400036,0.4972655345181375,2.263923209732352,2.6740465080175086,0.3003339253874793,1.0119279204034817,0.5964626450449289,2.711847890456358,1.872379563041752,0.8124396844909068,0.5901720596057247,2.274982542560689,0.623879842364391,1.2357531644449935,0.451679974565591,0.9564858928265024,1.697625156768681,2.863382726951427,0.5280529589724794,1.4560876192607424,2.287359102347712,1.659476555508086,0.0164232882632564,2.3679035350991824,0.3753958616428399,0.7291698595592266,1.5284586311765196,1.6620483171381977,0.6275187507303834,1.624223511207405,2.3210145267126228,2.5621159739146786,0.5155510146109376,2.423657646259992,1.7877015728885484,1.038921428089266,0.5897835052099618,1.455169280591324,1.6408913925036603,0.9005898628615664,1.2386948794625603,1.6495573955963938,3.3293717424472407,0.4627351738365262,0.5786160109629461,1.2958344212791848,1.614293328475975,1.1364279136387487,1.050992793554794,0.7658799828440185,1.8917597469197776,2.4014273745534718,1.5700608196462624,2.987392204708355,1.7279868248106445,1.7899695180496324,2.246806837458009,2.159792698446592,0.9675266246465316,0.5489322463348669,1.0283284983210914,0.3028188823121546,2.1253704991836595,1.7148517572404038,0.8916090204800675,0.6110623697878502,1.5504973813900933,1.268312507172212,0.5940217793992054,-0.0598194863943592,0.6605072945011482,-0.2314737246161305,0.5536072997562271,-1.359586277086115,-2.0114847924298096,0.6205826414102753,-0.8524642318856549,0.6964478871829841,1.1587084769603238,0.6597536092015656,1.5859460807411228,-0.3107236649746251,0.2078676241631767,-0.6315869462557017,-0.8510436659919259,0.2829171812752769,1.0157011693850304,-1.2382684341239485,-1.008218052635426,0.7225079428801001,1.193499940684478,-1.5123735814739088,-0.7636506175520171,-1.023421965685234,1.1029274976764023,0.5189295088606207,-0.7028508537140479,-1.0499842055487711,0.581167104806049,-1.1559300374601256,-0.5546428420011404,-1.127805312898733,-0.8244931378743605,0.1538530517422628,1.2687430860682258,-1.199398527096751,-0.3669007983718239,0.6957961629659775,0.0361320899547199,-1.6404043216564894,0.5640397097119679,-1.147411464581387,-0.9098001176788614,-0.2219500083625374,0.0460092280572793,-1.2013943463955543,0.1493033828954218,0.7117420495693966,1.074921957353427,-1.129359530481785,0.9299167637006291,0.4775002408755169,-0.6642489389917295,-0.5857182376211365,-0.2042397816748118,-0.087242884049924,-0.6787777043325878,-0.4003481670141811,-0.0372633552704533,1.6467879121372326,-1.1375295066863105,-1.1538715258740624,-0.5517886206152438,-0.1260680108719359,-0.6137644245918956,-0.2425544141577097,-0.9118310722155796,0.1424747460677587,0.816441656982018,-0.0533883600034961,1.3207721730838409,-0.0043106349910573,0.3455095742310206,0.9599022780190348,0.7220277182373759,-0.596515778480697,-1.105847855980727,-0.8985079277835601,-1.1839224881846622,0.6145703821694545,0.1099484717997544,-0.7697620821704795,-1.1516965857545172,0.1263146034056831,-0.3765009854373491,-0.9288620176369536,-1.7165885402753651,-0.3134118551382189,-1.3025183835977872,-0.4448803587555192,-2.597015599057511,-2.825482139134936,-0.2170042069313637,-2.002448835949621,-0.2150614349525491,0.2141072290610928,-0.4602592590686672,0.5196721713404655,-1.4141251223708151,-0.932945972349866,-1.5912742362319567,-1.8832962881397293,-0.9650685358449675,-0.1983680633856499,-1.910059694463484,-2.0465697387294868,-0.4571721806158063,0.2457103421760434,-2.1861413711777065,-1.5455591581474897,-1.7568934806471976,0.157045535908868,-0.5925000274649133,-1.696193568055214,-1.7864387711023189,-0.8584261995114213,-2.450326669689741,-1.5786841093125117,-2.1745488094445458,-1.574044191129066,-1.0553798758105002,0.317943568845096,-2.1926086661958344,-1.444287001805028,-0.2634633253481431,-1.1097458006105614,-2.267870757051007,-0.399775669314041,-2.252069544956649,-2.108289951073465,-1.14290244238233,-1.1177173660598037,-2.1005960228963723,-0.8156900384611362,-0.3027155864350008,0.1671758517111654,-1.731508615716921,-0.1291426886525918,-0.6291436693681606,-1.896626321834085,-1.019946677299727,-1.3429459528392045,-1.0551346180713306,-1.5888292370288315,-1.427567451041251,-1.0901086472473946,0.6018603820853587,-2.356144253217485,-2.0732780309545515,-1.4300654975643652,-1.2224003961849286,-1.7322223432949535,-1.3241913139813075,-1.5180682457210295,-0.834444677319033,-0.3667306335921192,-1.1681440106560133,0.5272782614227712,-1.3891040104918908,-0.7233229426144752,-0.2931588017221939,-0.3396089640979362,-1.8649825620713507,-1.7610022367045204,-1.5760331211655332,-2.3128617736639376,-0.4057955067434317,-1.045528230669703,-2.0000065924514305,-2.3321854655908063,-1.0306901374499482,-1.4863232138019529,-1.948427718729488,-2.770515470659156,-0.4754084024829023,-1.4774160865274517,-0.7019504271267036,-2.738774572297481,-3.386084149999019,-0.4190256461339122,-2.1848875254325137,-0.6385030767150348,-0.2016590640036631,-0.7666329792173675,0.3371101855906989,-1.6455457781380118,-0.8605618708356501,-1.7195571234160434,-2.1476400396854967,-1.0497031236454533,-0.324768115173247,-2.574344414561472,-2.0592032680016503,-0.4112511135874858,0.0695105686648329,-2.729503691971628,-2.0277854760435443,-2.259209576441909,-0.2194822745937027,-0.8026610655308735,-1.855969340156872,-2.207721296519688,-0.8147985679148291,-2.41446874815594,-1.7104267840418486,-2.585865327966336,-2.0421123859979518,-1.004668015753571,-0.1101021454077418,-2.3831563619115776,-1.7300584259951464,-0.726468579797194,-1.221466212212137,-2.7986980650241726,-0.6955041443587009,-2.61577437147281,-2.276768239358238,-1.4751860323092167,-1.343134718627217,-2.40715579618604,-0.9916645330939522,-0.4591101301109855,-0.085926346017472,-2.278894954641429,-0.3164617315744643,-0.6897095858077047,-1.945390587428564,-1.4886311166845871,-1.497710475517494,-1.323909543151756,-1.8375178288417688,-1.6372297495719583,-1.3277241277073222,0.3802018110485882,-2.520209968975908,-2.5567478607022944,-1.731198598911791,-1.2736289509170744,-1.849757981234534,-1.6091794290437975,-2.0709825287441226,-1.0585813160181423,-0.3727663163248832,-1.323058030326999,0.1525840496199307,-1.431076152349089,-1.0347265562527406,-0.2972158883119949,-0.5642340730256286,-2.021569294637571,-2.314221714049108,-1.9422077482292297,-2.667433505100969,-0.6309634680142736,-1.2648754541926708,-2.166007502000098,-2.468378603789343,-1.249082509213116,-1.624754673333528,-2.0785166260350145,-2.9505470518817734,-0.8111193573641698,-1.8116024907116028,-1.0155709623268756,-2.999580687633599,-3.694160938855122,-0.7225162099949036,-2.519820036727678,-0.9882316136718128,-0.522955679885688,-1.0636779922944797,0.0577313079223608,-1.9853462421999504,-1.1630707578716195,-2.016770234494159,-2.4896257777604847,-1.301023413670827,-0.5846938043117402,-2.866390578887421,-2.348430346179617,-0.710325014422615,-0.2425606144938124,-3.0759495384830853,-2.40869830202312,-2.5494376644373293,-0.5478507182638593,-1.136141320325562,-2.1696126529806428,-2.5356308937893077,-1.0912350416393668,-2.7129708402171624,-2.004178040796013,-2.843706304792944,-2.4389380301217325,-1.280668399172226,-0.4369253275358838,-2.673967281500642,-2.0678603150533466,-1.0530836846738374,-1.5337413175359345,-3.141339660873569,-1.0231408837819165,-2.866006846975294,-2.5674585968564183,-1.739004822064964,-1.6688535304739176,-2.737238955722737,-1.2947955205188824,-0.7369815941222686,-0.3702241785228173,-2.6273972459602497,-0.6030833122658172,-0.983710879726784,-2.2344102988102112,-1.7478148107405245,-1.8392869914097103,-1.6147177070358862,-2.161014164658804,-1.9006152047267573,-1.624904170326224,0.0464280952073216,-2.8409113310631384,-2.8452088529084736,-2.078077780024197,-1.4659192855407646,-2.055853708653779,-1.941169536395161,-2.4080369328388427,-1.3870062301105113,-0.6700538314362301,-1.604316987686892,-0.1404996376138535,-1.725669965886973,-1.3635179791013965,-0.6124313523298367,-0.8723859117833077,-2.2818814498641817,-2.645818444521073,-2.3113854047452853,-2.986989182861686,-0.9473362635177662,-1.5998286332748437,-2.489040190461906,-2.8087212527971417,-1.522954799496112,-1.9196688375700464,-2.376158938156677,-3.28545338398006,0.3823581501598257,-1.038700971694507,-0.0476778504530018,-1.94767024433562,-2.5661365474140974,0.2627936459911728,-1.3823208427956468,0.1218117815427285,0.5858738488341558,0.2191901268127573,1.185456037980705,-0.8805276420122546,-0.2556302340718588,-1.048288758087827,-1.3346581702487297,-0.258766226287307,0.5154118515117458,-1.890450787075896,-1.5463321333816136,0.2433163235142063,0.9659117815549212,-2.063413296215316,-1.1443133633087883,-1.6779452899790297,0.5919536228458716,-0.2331560824786359,-1.1920566402250394,-1.518534648781192,0.0855935515887429,-1.562100277016758,-1.0156481220650413,-1.6381508439463113,-1.1783800766351715,-0.3646170079073663,0.6683176512117229,-1.6653496516497153,-0.7311870355712724,0.0772602998668489,-0.4482223399148204,-2.290539874768345,0.1915752076642456,-1.6996464663381283,-1.4380549750956817,-0.6420482911132546,-0.4756677832098611,-1.6862640742500177,-0.4052519439451038,0.3739863185688489,0.8504112317094608,-1.878204434347028,0.3026397614914128,0.1757919076519613,-1.10376385412402,-1.1111429430123472,-0.6950728765364533,-0.5084179585037927,-1.1386255883240035,-0.9912477327226108,-0.6026451551812336,1.0752168177814174,-1.6865079541367198,-1.688493439542019,-0.994407148430002,-0.4479047449211206,-0.9988645011615376,-1.0679100661476204,-1.6066352244630306,-0.4254264597704959,0.3522844748124612,-0.5980617289489452,0.9337237700676254,-0.4725125010598715,-0.1534941642324352,0.329400412110233,0.0242102214818879,-1.1142865134163653,-1.8155941293092095,-1.2614900706806516,-1.7760132504089143,0.0630684194542319,-0.4027766319876993,-1.327952162290651,-1.5537084665650065,-0.4121604962158671,-0.8669048146686096,-1.4165680547952393,-2.2509121488841632,-1.9205534188540168,-2.9144624736171103,-2.010393533275752,-4.117917398377429,-4.811518685420976,-1.8555773411299403,-3.482467685787697,-1.840883233493013,-1.412028030915669,-1.865395917811524,-0.8875429778492294,-2.916783466098184,-2.3031706483355743,-3.032116606868874,-3.4145182024393077,-2.2979079408369345,-1.54186375783034,-3.5515373631919567,-3.725164686146822,-1.712792556728107,-1.05347981725817,-3.953922642021069,-3.2813873413492214,-3.4420883413826338,-1.5342835024817951,-1.9290651024704195,-3.403938362269572,-3.724306284059729,-1.992839003916825,-3.66402386076532,-3.0383320993486134,-3.811445807645665,-3.3365565541376863,-2.5352946977872994,-1.3102329795618883,-3.6782412314485815,-2.8086840507805264,-1.877450749047445,-2.578666737751218,-4.002048961923214,-1.9214648682610995,-3.874187008667871,-3.5254794173314314,-2.7553859616425798,-2.6030705717248166,-3.780377990214239,-2.312843861581864,-1.6339690617082243,-1.311581208201087,-3.479634821115043,-1.4819251087265088,-2.0778283887276263,-3.2326609666975914,-3.0210434955158645,-2.686441668812839,-2.562864836730626,-3.40574679363283,-2.9916855929962884,-2.6030257915196318,-0.794562048728411,-3.778288476947663,-3.792163451292813,-3.0333463401958896,-2.4397978100612927,-3.0489863435515803,-2.7853328960919024,-3.27691552116678,-2.469158468285803,-1.7538050243418697,-2.65861042682697,-1.1197393645554847,-2.541582527521569,-2.1927075271103598,-1.7307873099503186,-1.7109303891186265,-3.2789547428183017,-3.495115682510767,-3.264521049297683,-3.9831730720482,-1.92863727927934,-2.539752050518835,-3.435481538802197,-3.665794401185729,-2.393623907105233,-2.983238668445847,-3.612811840262781,-4.25057772284995,-1.8302648134541943,-2.7360560693796083,-1.771046781190732,-3.954900228346579,-4.679892439225121,-1.706361430337244,-3.1997743840094026,-1.6217130640120858,-1.2021438981377357,-1.6331767965395592,-0.779440117900404,-2.6545691855405424,-2.221960712842425,-2.937962436372197,-3.1379749451485583,-2.1533843066214384,-1.4158302147990298,-3.2840369516437327,-3.522769181528361,-1.587359068446282,-0.9760679320909796,-3.719143470864964,-3.1403978987122074,-3.195620158820661,-1.4010596363501702,-1.8054648468962629,-3.2371555214457426,-3.6006929388871334,-1.8500232178344789,-3.4482356301652444,-2.938735411606321,-3.667912160427884,-3.2008911334341046,-2.379613903218292,-1.1007298229911475,-3.5615109482761054,-2.656863309898504,-1.6586064416750212,-2.446155910271392,-3.7685050355039937,-1.7389889767615907,-3.725905281847966,-3.275233852230508,-2.636598544736508,-2.441542171284824,-3.474509209936894,-2.1094425246623145,-1.5226378934286455,-1.2706018090465383,-3.259704077072197,-1.302878003091738,-1.954365918400194,-3.0079656088230147,-2.893523249672398,-2.554644568911046,-2.444058818816246,-3.2434302615815738,-2.822139469049401,-2.398652379684441,-0.6532157853602701,-3.527867235657166,-3.623114732086601,-2.7567190339046386,-2.336962480094743,-2.9370385862929096,-2.651982267533291,-3.0293767472377584,-2.1846567351442503,-1.6261814395633594,-2.3958305378315248,-1.018675952861811,-2.4000178314794804,-2.106480830783973,-1.54990903838658,-1.549379943039158,-3.1495303048651038,-3.246549719567415,-3.018303635884749,-3.8236522026529824,-1.673264036221567,-2.390168253117384,-3.1723544309850062,-3.4530698255465717,-2.2647444098028298,-2.866996145046776,-3.4944184891623413,-4.035326165785866,-0.7732959292858446,-1.7473697643936046,-0.8095131258504797,-2.8819486000213117,-3.617276082256653,-0.6454460752974792,-2.149737820066876,-0.6365203470146701,-0.2131903113020313,-0.5242425940900942,0.2663044140777114,-1.7004525100314665,-1.1605444653729269,-1.8729713506764336,-2.1113666956328214,-1.0717046718424117,-0.3659301013086503,-2.339060949402356,-2.428898308119156,-0.5527062703584286,0.032949939681619,-2.7760365254954045,-2.0887609591289764,-2.213836894695552,-0.3126499027238328,-0.78599731779202,-2.148293830681204,-2.5325355482216425,-0.7725129646213329,-2.413652370569097,-1.8635537290628184,-2.6077594036708494,-2.1301282237530543,-1.2720292642026036,-0.1107166676081328,-2.4873034074269444,-1.567986462756826,-0.6750733479744013,-1.3709425371211428,-2.797791438100726,-0.6497174179459367,-2.6758363383724597,-2.2252014218453837,-1.5663426847634034,-1.3710086740395704,-2.4560378681664687,-1.140137781406804,-0.5188579466481033,-0.2088989897927987,-2.2864104509240137,-0.2745385034798534,-0.919862574247147,-1.9602645048124672,-1.898732369330268,-1.5335539296003893,-1.3721791597104946,-2.168354673678049,-1.7517299785261995,-1.3394220951542268,0.3843098781796774,-2.493372847545156,-2.530481859119215,-1.748871623582901,-1.313968337600588,-1.891812105313533,-1.6198157611646904,-2.0550380199931704,-1.1743491692422483,-0.5564168270527177,-1.3525199607078515,0.0477418775348391,-1.32450753112254,-1.0516996318704903,-0.5734808409333055,-0.5253655438508984,-2.0751581106461066,-2.269942358235509,-2.0121613179912266,-2.754177585028806,-0.7280200416753112,-1.3162142371221963,-2.108121853072461,-2.4662174421944703,-1.2850072565915784,-1.7990688557433143,-2.4045578553590508,-3.050927048751694,-1.3352196451291314,-2.27025444181934,-1.3136534983118229,-3.4022132909805816,-4.120323817711471,-1.2343773787564505,-2.6979742939636746,-1.1656549201739363,-0.7423056160557009,-1.090891956375023,-0.2470655031354678,-2.233870180643051,-1.6882426703929805,-2.4166898463331377,-2.646609331837272,-1.6511977289586484,-0.8971066518243727,-2.864037206873368,-2.9790734204373672,-1.1251446797844844,-0.5398839752982524,-3.2661145356760515,-2.595424868384077,-2.738166250433193,-0.835978227115076,-1.352297437534392,-2.694908572224056,-3.029924443593488,-1.3013582318203674,-2.952994806789833,-2.3919470606525968,-3.126651753572744,-2.64052266856322,-1.8093999935427127,-0.6388578737253502,-3.066281147720432,-2.0839687882479008,-1.2029616535770449,-1.8933883685360609,-3.317896298173796,-1.1739006782641603,-3.1947755352582403,-2.7508569605827478,-2.1152219268361714,-1.891752168731208,-3.0172888475426234,-1.6442760870894462,-1.0914871886408726,-0.8144451487569809,-2.801310473302068,-0.8354222636445429,-1.478217996663388,-2.5162672441408884,-2.561454604730401,-2.060334484877258,-1.930329282109116,-2.68075113812312,-2.26458664569533,-1.862793843427133,-0.138055327336962,-3.0561704663157925,-3.075437666291504,-2.296384724934396,-1.8850620060765029,-2.43356647227818,-2.2198512207150736,-2.5826191075535085,-1.70651092732994,-1.0809169934384073,-1.8820486427306395,-0.5588335802802642,-1.849368048986304,-1.6068584365627243,-1.1370252126832991,-1.104082826970187,-2.5929647128038127,-2.80082202460243,-2.5516022706633703,-3.267515122709005,-1.2326206168607137,-1.841868398007093,-2.680723581073775,-2.9651274866901534,-1.8482092750613512,-2.326205585882966,-2.950717216661478,-3.584158709280201,-0.8421630623774192,-1.575586696966146,-0.6202561764913176,-2.7846102124728325,-3.5582936627650894,-0.624075583530519,-1.927838813774572,-0.4684326799043609,-0.0448064086023826,-0.3354767845486703,0.355503138175944,-1.473582900963578,-1.1054041874862743,-1.805867868742932,-1.8388653685547336,-0.8904647140060211,-0.2133611650079696,-2.136137038362707,-2.2738382360866427,-0.4980296398270036,0.0901873117145356,-2.536163433767897,-1.9685316196159333,-2.038354982319776,-0.1152277565858908,-0.6918128775989532,-2.054506857867048,-2.4461862230256712,-0.5983958581722519,-2.30029782594137,-1.7968794481728632,-2.5029778570943164,-1.9957504061801123,-1.0989448151198329,0.0665054724337729,-2.4292131474079217,-1.402774373745656,-0.4996444829186141,-1.201492173920729,-2.622196541822636,-0.4382273981174298,-2.550511700435546,-2.056156836196573,-1.4527635501835154,-1.2231155016154285,-2.16923925496202,-0.9433315353217204,-0.4618775467914458,-0.2842923210954763,-2.100664226593501,-0.1945293664119071,-0.927147280241468,-1.8466936373473823,-1.9221648173144597,-1.4361900517812665,-1.2974919777972798,-2.066162800813702,-1.587764157071652,-1.1541870540890613,0.5669752243934321,-2.2606935235491314,-2.4186484636153254,-1.4663188627562656,-1.2500897193666716,-1.791536825231123,-1.4965027878299544,-1.8686662506425284,-0.923770163844252,-0.5013847105847438,-1.2016361595035558,0.0192857767639565,-1.2381327156559248,-1.0929738914530291,-0.4935571307183284,-0.4265411424164966,-1.934559289183556,-2.083905407034408,-1.7225491300486644,-2.6653054119653103,-0.5550045282737921,-1.1426482286021231,-1.8848932191492656,-2.3506169980451346,-1.1784241679141236,-1.6170311213283894,-2.374393909146137,-2.9117322589532657,-1.390301364285926,-2.3587966192169305,-1.39213941947723,-3.487621542941425,-4.218627390913254,-1.286174986557568,-2.758030749453455,-1.2335734018418132,-0.8076695592493067,-1.1571790607216823,-0.3407491370145809,-2.29927270370574,-1.7884091001304785,-2.4980175882122366,-2.716497453607074,-1.7119465553132192,-0.986533410505934,-2.9340948044966417,-3.0434701111989675,-1.1963486506605057,-0.6115247254063899,-3.355891268884293,-2.6907150782399976,-2.8149181442685736,-0.9304396587119484,-1.467014678252224,-2.776432658079737,-3.127209783821978,-1.3892507517796524,-3.0259534727828896,-2.480330785016454,-3.21183610450766,-2.7457747517573163,-1.897426854117554,-0.7024871006626954,-3.120411459748594,-2.1791163903734607,-1.265896442870899,-1.986130240253812,-3.395987464607338,-1.267402435617597,-3.2804531573764297,-2.820681012212823,-2.1919497082533748,-1.9811796163390032,-3.084890423143034,-1.7247826288980677,-1.1680558280981097,-0.8784567297539864,-2.887185817249307,-0.9512941447299256,-1.5631901583183485,-2.58011830532546,-2.5797945099956574,-2.1499872113634475,-2.008784890520244,-2.776314851693788,-2.347706973634314,-1.936927128648516,-0.2340330855740369,-3.100305836546564,-3.1562397574543497,-2.3731324852123747,-1.9583678908913051,-2.513215300925942,-2.3039567131681373,-2.6495744703467814,-1.7674691872595318,-1.1768417043554933,-1.946383330131214,-0.6110789901332364,-1.9393011684495776,-1.6871197206321764,-1.1983575595577478,-1.2063229246708875,-2.682392849337841,-2.870271989287649,-2.627006624785786,-3.365444608965932,-1.3094510482867272,-1.92984496696688,-2.737025388590314,-3.063683895819676,-1.9246160168536872,-2.411019294504193,-3.041517694252882,-3.6522425332441473,-1.4186720355127214,-2.3600683770441973,-1.3786199310686285,-3.479895235231352,-4.216925054189974,-1.2823817587152442,-2.707216239387716,-1.2287474735752897,-0.8023978957096297,-1.092758946468139,-0.3345494898382148,-2.263739266427975,-1.7756295184967867,-2.4875383312726096,-2.6831444678587237,-1.6679944394605908,-0.9865113648664584,-2.9433594844863933,-2.9598027758304872,-1.208176825165565,-0.6780495093036492,-3.324513434647737,-2.7370860140988733,-2.807703708750082,-0.906527718069156,-1.5185105363630151,-2.766701575029824,-3.1183377917853914,-1.3744953297079323,-3.022255316760806,-2.462689450952091,-3.2068427671663664,-2.7457637289375785,-1.8284577599434035,-0.6877006769104623,-3.17649763335401,-2.1276184654839687,-1.2521668319610424,-1.97334859184142,-3.408957189881509,-1.2145762609496815,-3.271198811280183,-2.763136381770829,-2.171385949105986,-1.9853379750851468,-3.053135057330453,-1.6963389314905084,-1.2421305545896344,-0.9972489691436937,-2.9064557729299536,-0.9791033410763188,-1.5980112458705482,-2.567421394839803,-2.62292198114664,-2.164654450877264,-2.000860860981122,-2.768693949697459,-2.295126056705568,-1.8975005692245517,-0.2257046563357783,-3.0487328186976077,-3.137293597103506,-2.328453552183275,-1.9654583196877449,-2.494364901321572,-2.297851448885777,-2.653311206237948,-1.7118576838290818,-1.189444231947144,-1.898859820683488,-0.6255202618424247,-1.939085534538454,-1.8063397832129628,-1.197666566545425,-1.2402945661770313,-2.675712331650407,-2.8705627161582377,-2.583662830797446,-3.367924054480738,-1.3045982518970924,-1.9093128984262373,-2.6856879835132563,-3.0583185383122267,-1.9592008027077543,-2.372613723758457,-3.0332126885065667,-3.657684361563529,1.1539249176571682,-0.1256546551317626,0.8368304288660666,-1.0611089863693022,-1.870509128317468,1.1508991536390996,-0.430189006823526,0.8357439921956444,1.3155094655852009,1.0797003497098303,2.000475751216527,-0.2357843360599045,0.7958303619245094,-0.0546001812484375,-0.421671811797255,0.6631555269431919,1.3654235490635953,-1.0197196761057483,-0.4583350880981605,1.2391302808422098,1.7995662604839897,-1.344943149990475,-0.5031779855708622,-0.7043141330342614,1.4759410954612666,0.6975088335827623,-0.3472491560288062,-0.6846218655724048,0.913347398855782,-0.7245995229253771,-0.0324822072091153,-0.8430686559115156,-0.5162090252798259,0.5615030833197711,1.4212892662742522,-0.7618160069918812,0.2358518077729099,0.8396922284405332,0.4430801083912852,-1.352215455312591,1.1229959188618168,-0.899099026492008,-0.4764566037473585,0.2540663284636469,0.3773117654985432,-0.7713025212288588,0.5594087475695596,1.1213590301307306,1.4986536155313228,-0.8795190540062318,1.2314521979684905,0.8794570506452059,-0.2599401565893993,-0.1640299131232193,0.0342871455010797,0.3366699617274143,-0.3303821750510342,0.0715139661522062,0.4188381720825877,1.889330593020026,-0.7567517102485245,-0.8011220043249615,-0.0144102942487381,0.4414122179796859,-0.1441915932998348,-0.0860055725343385,-0.6487246752432871,0.5777576088758529,1.2529398071951665,0.4021909585733412,1.840651754278516,0.3012777543275417,0.6079773581136901,1.122649388966305,0.9811900986379604,-0.228079385063074,-0.8533260786039163,-0.2396712578700009,-1.0185581464758615,0.8680470543639551,0.4572961012220791,-0.4232935441512016,-0.9775856365836492,0.4074054412356275,0.0530156078532169,-0.5667541651882185,-1.499477571306735,-0.8777981162746435,-1.7598165946564568,-0.7844024535611847,-2.962220906910501,-3.711076833595482,-0.7416029112974063,-2.1576783838356057,-0.6441901627735859,-0.2221649533474275,-0.6504380347863056,0.2297396542282138,-1.5919920973673911,-1.2261199089202548,-1.9273482982962329,-2.076376132227151,-1.159320932382014,-0.4068523195858081,-2.2894906401145385,-2.5565618506192163,-0.6094379678447484,0.0119239110314699,-2.6418316284071017,-2.086103081719662,-2.2225476779934707,-0.3954864145835093,-0.7883789357816519,-2.2657867551943003,-2.607684999637618,-0.8571847544384341,-2.4270664532639548,-1.931877299356065,-2.661889715699012,-2.141587822723126,-1.4152342936069466,-0.1136439151747934,-2.557110924827413,-1.6492549569798336,-0.6616027733283867,-1.4522110313441503,-2.801066593415366,-0.7654383811282667,-2.7190134122122624,-2.244757281912982,-1.614203768065604,-1.4306559073465794,-2.4081561170772594,-1.088026023243155,-0.5347108282099834,-0.2718406683489889,-2.281944142151441,-0.3458885267174024,-1.028438726518471,-2.021397752005399,-1.9334852531853397,-1.5756080536793884,-1.4319607336330598,-2.2513131039521315,-1.8151642393394296,-1.4024326663337792,0.3390398679710746,-2.50312115375091,-2.6261916250514106,-1.7321624067126284,-1.3651776023981923,-1.9613488747041885,-1.6010700783478309,-2.0526860258315844,-1.1781768433962532,-0.6395461110327387,-1.392482504741574,0.0007598620884018,-1.4083567430166963,-1.1275869232826752,-0.5457157358658642,-0.5492547499279814,-2.149267972375546,-2.268558994358396,-1.999812315253549,-2.8499872452648773,-0.6905424976241539,-1.3613299493834123,-2.1110242992947112,-2.368108146190568,-1.234232015321156,-1.8581525473912204,-2.50553859590469,-2.99789006265629,-0.491132799302212,-1.382486185091716,-0.3940692933209485,-2.503661271918069,-3.248481468726492,-0.3324151963664533,-1.673055980499013,-0.2172329304409263,0.1985030498695503,-0.1744388995870169,0.6696893033428647,-1.215974092277701,-0.805258317431629,-1.4873655591934234,-1.6359772816792333,-0.7096691566482066,0.0239587634066158,-1.9152135516172115,-2.077932416588903,-0.2208518599461436,0.3456390923629416,-2.249639702130663,-1.6689830486058386,-1.8447970234262208,0.0389863113406166,-0.4377727068032391,-1.8035613437127649,-2.134088860670148,-0.3967457717385707,-1.9715367158469932,-1.4900730392915584,-2.2198078183623555,-1.727248984814435,-0.932340406190512,0.3046748495855327,-2.118158819370102,-1.1722121200655522,-0.2378662711379108,-0.9982816695678932,-2.4280571291879034,-0.2957670764426874,-2.2767992410387508,-1.7625840113369171,-1.194429302173634,-0.9897878980335654,-1.9782854372315564,-0.7056389381815169,-0.1839860393325532,0.0774897123026451,-1.908934677923979,0.0333598507906242,-0.6425512072637988,-1.5649441645091504,-1.6152488691620088,-1.1537578530455148,-1.0008176070338566,-1.7899206042870457,-1.3352940491623626,-0.9138516928587936,0.7789310014137572,-2.0385430591815545,-2.1811907472628973,-1.295106226250246,-0.9905973863580716,-1.5298103044468865,-1.2448635249584137,-1.6749346823381006,-0.704165324967799,-0.1889890216411175,-0.911551368164729,0.3910592884904739,-0.9476380132080928,-0.7107824614417401,-0.152145246667003,-0.1958865510921428,-1.6910004421061702,-1.8908062730124449,-1.5483603322133972,-2.385998182625269,-0.3018544286429731,-0.9269309574041108,-1.6577728409323385,-1.9775737764322248,-0.8949585798279386,-1.4106419113336213,-2.081911654514305,-2.614805741188337,0.1003183164430667,-0.706535920137693,0.0646136809962464,-2.0852929044689223,-2.2356393432109933,0.1800412046609429,-1.4452914562536492,0.3570449550867905,0.7847916968831812,0.0943656493214542,1.0224478239908923,-0.8184595219202974,-0.6274699230835754,-1.0936077035879617,-1.334031936302367,-0.4266603266549132,0.3153036035178558,-1.3153489457727667,-1.4940715671515017,0.0157825868659877,0.7205403264989856,-1.5695537699383166,-0.94745682560865,-1.1546369229196167,0.7304402395340259,0.0014956353059103,-1.2302541552482216,-1.19423640282822,-0.2638925263916897,-1.8867078508486264,-1.0988373426273876,-1.5851476152363548,-0.9854152832287654,-0.4905417005937641,0.890027245847671,-1.7628836942485426,-0.9117029319361258,0.3086423757649629,-0.5768345338385784,-1.66423221329878,0.1884295704815267,-1.706293915566349,-1.55436156863448,-0.629768180998939,-0.5501338198020833,-1.5499131719439816,-0.2642473234020052,0.2012456652056002,0.5564646213101752,-1.1268952413441184,0.4580263630297186,-0.1052831064035546,-1.338982560217176,-0.747761222899755,-0.80980798627847,-0.608187566730724,-0.98801804653939,-0.8672313657033465,-0.552325983077469,1.147853066297139,-1.8058444452509883,-1.457482694883827,-0.8872605180934443,-0.6678630460133115,-1.188381218768665,-0.711811028308538,-0.9150056443001108,-0.3004552194624864,0.0663015502686208,-0.6318404711096746,0.924127716559502,-0.816664180155478,-0.2864707058461896,0.2009501158513763,0.2715299195597357,-1.3762128228083526,-1.158148379932389,-1.0401594285310851,-1.6519527921106982,0.0916747034529259,-0.4568077386382201,-1.4496909391815604,-1.789416310284034,-0.4718759332200046,-0.9478570917503846,-1.5526337416405556,-2.216241247250893,-1.5916193882750016,-2.3161823981099965,-1.4127610484282431,-3.500629848084679,-4.23348270728885,-1.4806843525797553,-2.7420145923742063,-1.1307980084575882,-0.7096705345006739,-1.107135459111367,-0.3406010178743521,-2.307487460115451,-1.7169729611137263,-2.570831579696233,-2.64507027063136,-1.7306233455067166,-0.965270391231419,-3.014897584585721,-3.0471462215815754,-1.202062604842168,-0.6312280156879845,-3.380448044481756,-2.664404985377966,-2.8169201639034798,-0.8725939675058616,-1.4004685376417223,-2.789928722996396,-3.1527992598436403,-1.3516250455303769,-3.068019997534094,-2.549436975511096,-3.2219688315517754,-2.6960673461490083,-1.862456269572658,-0.6100938256191567,-3.256082391862045,-2.113476876686406,-1.1701095172005374,-1.903705038884553,-3.436340629815524,-1.2242246728515602,-3.276681975173582,-2.821326536093727,-2.2030427984671594,-1.9768421367721176,-2.9763170265766448,-1.7482963701778265,-1.1452702818472895,-0.963226347096262,-2.942053969273679,-0.9075500845998512,-1.5405761546997,-2.653316028721584,-2.7954132647422623,-2.1005574430272893,-2.065074986290812,-2.823893475240203,-2.349947361746054,-1.920219978556944,-0.1050474936316558,-3.1107892270435933,-3.206120083547297,-2.290406912005256,-1.9302665898218565,-2.508062132698448,-2.184082170665409,-2.714700733989788,-1.754730252273624,-1.1333663254565316,-1.966706654023068,-0.6419862877522285,-1.961652691173216,-1.7557229949762736,-1.2067045898043145,-1.15729273355023,-2.6610657599235994,-2.9358922130401623,-2.5360972968494693,-3.332028242004088,-1.3239102320779896,-1.890529324666529,-2.689775382857337,-3.056032681069068,-1.8261746584051792,-2.331601256144695,-3.068039976394869,-3.694417908340264,-0.7813250200755943,-1.5082331348098392,-0.5779588614518497,-2.69686650058001,-3.4567714261998232,-0.661945169666497,-1.8881539070129996,-0.295437769703016,0.1531772151070794,-0.2961122284857322,0.4895578278163724,-1.4893868687628709,-0.9122554507754908,-1.7616367377656863,-1.8270082591478625,-0.8879418661384967,-0.1564345013975347,-2.187869887097865,-2.190457494031349,-0.3870780699021505,0.172511929853686,-2.5873685650080995,-1.86330295991378,-2.0129900962502743,-0.0594564222692403,-0.482777501940842,-1.997837163741754,-2.3526844656722345,-0.5668836833201395,-2.243392519044177,-1.742870387161818,-2.396764032878083,-1.8798309891846097,-1.0369352537577334,0.2535379220424587,-2.4495158035127678,-1.2973087234191365,-0.3203169627778141,-1.149895732579829,-2.6093163769588354,-0.4066718209125991,-2.460777680653789,-1.9694782042609305,-1.3785289928057902,-1.1785557528247457,-2.1628088174973903,-0.9219948009402076,-0.3335216118976505,-0.1830890573763771,-2.122267575427425,-0.0504266661251543,-0.7356023638025571,-1.8272624729280689,-1.9835977474190167,-1.3368441331880123,-1.2708436221545398,-2.014664186997976,-1.530579146123609,-1.0829155684421454,0.7105336729556233,-2.26049924635125,-2.375677378719375,-1.4800312505102815,-1.0973099931674473,-1.6775229781978191,-1.2766877833943568,-1.88984866554771,-0.9088528441076308,-0.3534088454836222,-1.108243941421265,0.1381710238863209,-1.1770697389388225,-1.0164679442830518,-0.3668560181666385,-0.2423725376320335,-1.8594869975057464,-2.1031223153950647,-1.7134711490682248,-2.566133791709163,-0.4885245245817183,-1.0962614474398744,-1.8459792208431165,-2.245862319591713,-1.024357527510493,-1.5078390690042074,-2.261607728661148,-2.818009356278836,-1.83951709277174,-2.6131178719159625,-1.717475188338037,-3.8218017467894736,-4.553584703552829,-1.707221899203038,-3.098116428976113,-1.522631693092543,-1.108246008199966,-1.5238993173624078,-0.6296503746129897,-2.601484663535018,-2.093704004855216,-2.89696236943064,-3.013787035497122,-2.066782834423962,-1.2776295455557185,-3.344696906514166,-3.4493882037540944,-1.4660178019921726,-0.8201956160290254,-3.7140936415725134,-3.032001556187859,-3.165996330774907,-1.234350510633339,-1.728233460402281,-3.171834980604855,-3.460395178188676,-1.724094391590679,-3.4087704908721976,-2.8812989425830056,-3.557503464375125,-3.06122925164928,-2.197877918493694,-1.008774705032193,-3.546768615802824,-2.5055854428885764,-1.584382907117034,-2.238500453859226,-3.75576678944432,-1.600815864567624,-3.610481891740671,-3.1788041583841773,-2.5013141002401187,-2.359754915607899,-3.3543900986212303,-1.9909727027499424,-1.361064712783468,-1.171496325708819,-3.242410650755813,-1.2113500193976288,-1.7643228611505797,-2.9545345569219785,-2.978657997918493,-2.390297771249305,-2.398141885345327,-3.181048680053318,-2.7068400856641586,-2.2832648137412948,-0.5103689975974106,-3.456404228517303,-3.5639738595613046,-2.673491922399443,-2.184481058954677,-2.779633409361146,-2.5820280088450605,-3.032609189125914,-2.1058525300589093,-1.4739576768346685,-2.3019374703773905,-0.9245920528409634,-2.2728620276136,-1.9828661077589105,-1.447377524889057,-1.478860075913124,-3.019198551062224,-3.260008582467458,-2.913894109474372,-3.661702179358013,-1.628890297513962,-2.280675140029109,-3.0458606852296364,-3.3879883421087507,-2.0589952122790964,-2.691061608135509,-3.4262650836488,-4.072734171345318,-1.2784404117326915,-2.023605071657925,-1.1231736618300914,-3.248296147569647,-4.011570611398106,-1.1362274361047646,-2.499355482957931,-0.9466955621204975,-0.506759713059464,-0.9149002385863664,-0.0503453728295869,-2.019421911567371,-1.5247101835393813,-2.3311562097977747,-2.455051325799922,-1.493841465789472,-0.7112171738951557,-2.7116177890943285,-2.83348057270729,-0.8783223891384301,-0.2523847025852647,-3.134725969030796,-2.465238478016493,-2.520347065296399,-0.6705167898652241,-1.199026506930595,-2.6128912151851007,-2.896765336527824,-1.1634779132756905,-2.835377875554685,-2.315397711129901,-2.9833922989959447,-2.4977571740959275,-1.64161407612273,-0.4068288960938649,-2.995549780240676,-1.9265725673571743,-0.9800554371311848,-1.7294383923848864,-3.129231782317659,-1.037544953474489,-3.0371154556200364,-2.581507869538676,-1.918695384801938,-1.7795309077577892,-2.8011458199322323,-1.416439225589552,-0.7977717560508568,-0.6773357817256166,-2.639140682538573,-0.6677948423161829,-1.2074603418825978,-2.3955742572726173,-2.3982025108538862,-1.860724309021332,-1.851740710934899,-2.6113693771350293,-2.104263866164177,-1.6991339052203136,0.07720725254686,-2.855263731288189,-2.965193623608581,-2.118526017052623,-1.606151598247028,-2.203335592116449,-1.983399336663734,-2.4114071599737223,-1.509406376185698,-0.9400970266548644,-1.689780353746425,-0.4006313156961998,-1.7248708114559712,-1.48464705627555,-0.8823064495474672,-0.9431965057799304,-2.43825668207668,-2.6307068475865707,-2.3606091841375907,-3.1271650036167924,-1.034592904563418,-1.7076352549432114,-2.462880972445038,-2.8380977563250256,-1.518193630295549,-2.1375899837894163,-2.8604603018684016,-3.421406775849296,-1.4242041131687075,-2.17218165890582,-1.3198683018653283,-3.4090984197594016,-4.1667181770622905,-1.3001346988294544,-2.7107242517693204,-1.1194520823160643,-0.6950280963312679,-1.1374247898988,-0.1589263475845461,-2.2001823767451603,-1.6616762969720418,-2.467094445289871,-2.634898963718161,-1.6527671029188395,-0.8560776499810033,-2.9575355195956368,-3.087276174690068,-1.031716637538045,-0.3564242756081865,-3.3236639886016808,-2.5885225164494168,-2.7942365787352355,-0.8314526706864118,-1.3012962284593417,-2.7672403153445164,-3.0455541130556747,-1.3152366507966864,-2.9495419085069186,-2.468828472619898,-3.1325400060915127,-2.6373446518475205,-1.824732735798208,-0.6119546153761702,-3.080613569084708,-2.103758194308698,-1.201892440062463,-1.8683583006160995,-3.3807897518936323,-1.199573514360091,-3.188102595759376,-2.797720478698663,-2.029090991256258,-1.9427347767979504,-2.966030668982432,-1.5621540132629803,-0.8737789206276918,-0.661122591743552,-2.860520238450727,-0.8003545405007063,-1.29501184335624,-2.481629410966832,-2.5402308542512024,-1.898285945130881,-1.930436754601561,-2.7690342792568687,-2.3175905633315206,-1.896897758770132,-0.104693385547574,-3.082816066253598,-3.1155407512768853,-2.2795515013420715,-1.7228922153130084,-2.30835068468618,-2.157477217375388,-2.65120240303683,-1.7161069808380631,-1.081187052521987,-1.926026937780145,-0.4198778478849028,-1.8624845155482368,-1.4922962042474572,-0.9440004826945676,-1.073703935772383,-2.5758903650297205,-2.878601107452141,-2.519029838337713,-3.217040942202676,-1.2391013459403977,-1.877037393307272,-2.6794504453940413,-2.96914943804204,-1.580001336271197,-2.2861521035864056,-3.017191708943683,-3.617819645054981,0.5397281918536746,-0.1395385855179506,0.6855938543722665,-1.4211294353880517,-2.148497752846356,0.6591521765996133,-0.6972836408201469,0.8437885838256507,1.2554371647920468,0.8034863991587528,1.7319722630721488,-0.1381290424439596,0.4151289932407659,-0.3884641894841983,-0.68746437521233,0.2492252438199838,1.083661675553158,-0.9187292905928386,-0.9574579677421434,0.882717049582706,1.3455604278958004,-1.3109935541238074,-0.6177732863453431,-0.8734813044947669,1.094218092230951,0.664077999170012,-0.7002818477888707,-0.9668500990851148,0.701612078230216,-0.9020999891656662,-0.3876512565285241,-1.1210910378258516,-0.6817263086124907,0.1467881132164672,1.331307233048391,-1.1699303963797956,-0.1264620766775678,0.7552298721984532,0.0733878455076586,-1.439531344014334,0.7433555396357411,-1.1981371031629888,-0.7737812778174313,-0.0574178895439523,0.0735276975330839,-1.0331675161860536,0.2873745340068124,0.8577544964336397,1.1196353366942078,-0.9319807866965614,1.160037415664981,0.4367681662388388,-0.5150233832317621,-0.6124189516576315,-0.1278034160544302,0.0295535333498616,-0.6296317736046819,-0.3284235577688463,0.0785596147434603,1.826665862809752,-1.0247088798896404,-1.0749688043373131,-0.3586557076788887,0.0763013145496468,-0.4598300580251206,-0.1825172486024707,-0.7019807398809831,0.3265909709295218,0.9279257668854612,0.1059148087018965,1.5845978521019242,0.1562112462399515,0.1693476916626594,0.8741564522037167,0.9416340210820754,-0.5733933473016355,-0.9284672629050882,-0.6094228114676087,-1.3124857683458329,0.7675010262717316,0.1230201581565018,-0.6687958521336359,-0.9218838838165946,0.1740613249531024,-0.2618326369531594,-0.9352821212080789,-1.6192956218583057,2.416432187921763,1.247045354340295,2.136779117612443,0.2941267000225434,-0.35970011984906,2.4607356561535383,0.870470696853838,2.3845404147149245,2.8382038509650034,2.5131160955483005,3.4541665961104977,1.4502710150702702,2.020664734492825,1.236168586963868,0.8968221252898867,2.026517162847446,2.748208728140704,0.3415930285928785,0.7370263743274541,2.5042537484789844,3.1148387354448244,0.14188158058061,1.1376493798509608,0.5056477000026186,2.8210413206330074,2.054069389708698,1.0495439816854866,0.748432237051303,2.3870949531891954,0.7356340544093036,1.261286837441733,0.6054800005168097,1.1116823722532734,1.8948764492006849,2.92694306126541,0.6084547839935903,1.5512372881650034,2.3378057258046963,1.810340377851607,-0.0983435524522783,2.444851083984912,0.5415345564382319,0.8162425573005012,1.6682686321015725,1.7655422605840907,0.5390647558906964,1.7741910405209835,2.5674255283972047,2.9871600365676243,0.3213399751768534,2.587845990888,2.4002410435791743,1.209462361517504,1.1562352317816202,1.5986009667265288,1.7481317168079908,1.116830717997132,1.2620784136841647,1.6373241324659646,3.3302756136657528,0.5885269037598349,0.5419334447274992,1.2254151373832594,1.8186564064176605,1.2669332768525003,1.2162248614267392,0.5947568636904803,1.816713634438846,2.605875879348126,1.6607524468927544,3.222667402752668,1.8186254047371475,2.0917736335486063,2.600691709440119,2.3090533894444745,1.1398064078884318,0.3883483637611706,0.9668376984129096,0.5509445998632774,2.236782960758806,1.845131841575761,0.9022667093142028,0.7146679192835901,1.846309905435255,1.3987999583038897,0.8583786636013014,0.0200504848832772,-0.1668593331647056,-0.906312773084266,-0.1111176226761009,-2.1748381584626677,-2.8964684093211326,-0.1856532408179189,-1.4629507024000863,0.1596923904984444,0.6034111550372423,0.1180337100775444,0.9738302996841748,-0.8806654272589791,-0.3729151243913456,-0.9997552827816112,-1.3553831381347856,-0.424406848944735,0.4415741156445871,-1.633858833510845,-1.6297852126914372,0.0888528616000094,0.6105897663915855,-1.8976362876925752,-1.2140423431186242,-1.6691855929185235,0.456424609536547,-0.1509547821353038,-1.4537494036238288,-1.6227381862477157,0.0473801912621874,-1.5495687088271706,-1.0298758266418069,-1.8541354185229693,-1.274069174780359,-0.5199960527860471,0.6849269737781203,-1.7877959557825545,-0.7879077102378543,0.1130603515970258,-0.6028966132565057,-2.2966988752969275,0.0811651337590195,-1.939539536926411,-1.5521521822032538,-0.7074852604876243,-0.5752093568534636,-1.7339474145839435,-0.5122931685679174,0.1738298457386053,0.3770182829230201,-1.6908426779986705,0.2819829973024851,-0.3461441183500762,-1.2153712818232814,-1.0990598658008477,-0.775098504776117,-0.6187439834085169,-1.2866351892816277,-1.001436951717883,-0.6360594553643769,1.1399999961600795,-1.8571894285166168,-1.719351823398424,-0.9800699045820908,-0.6442411433148739,-1.1674640404634282,-0.9545527658149586,-1.432268683659489,-0.4272087119368765,0.1606341526598059,-0.7256308454971095,0.8912804026666298,-0.5470116061113075,-0.4693014158849585,0.1439469814290093,0.0815550660072496,-1.2536287334287888,-1.659615029681044,-1.237891591474157,-2.0494418721974577,-0.0579394067028043,-0.5229956376072381,-1.453832763698097,-1.5236306361312952,-0.5387004000288894,-0.968295466323254,-1.714570675337086,-2.2828790150504665,-1.2973397250996492,-2.431391532158635,-1.563196358654451,-3.5543392261840983,-4.243143519862934,-1.3448329217930954,-2.9175647084471112,-1.6045663789834632,-1.1701852990862358,-1.4282963349964235,-0.5326729844109289,-2.593104564829238,-1.842150168836644,-2.6353915459752013,-2.903088990426242,-1.830838000080568,-1.1343053319129588,-3.508985145446049,-2.991728995349007,-1.3024302010398836,-0.8037640364309026,-3.715262060464737,-3.003551658444197,-3.1721608427133585,-1.0230616572650495,-1.6858300507228356,-2.7932899940902387,-3.1422145971902693,-1.5261858635318,-3.252010837821338,-2.603731940909094,-3.326801358669596,-3.034700080244957,-1.9044594131103687,-1.0477575959617045,-3.283855075118056,-2.391497191822041,-1.634367949997492,-2.057416193351634,-3.803062264308717,-1.419531815452282,-3.364749482396207,-2.9675249499831584,-2.300076680620377,-2.116639048098732,-3.3001378466497164,-1.8508568185771612,-1.3587161632530498,-1.0098714755961191,-3.314944938188958,-1.1830317065645888,-1.5371087889658797,-2.801157531678204,-2.6262891081134683,-2.411241817677653,-2.1906869064671457,-2.7694689917102844,-2.479672860463345,-2.056727267118012,-0.5053164126000256,-3.256160929452678,-3.3350960305224078,-2.5633463961679275,-2.0769307178452165,-2.653913327766134,-2.4423220357812845,-3.097388922873408,-1.972404073975124,-1.2537734079378493,-2.125885816006409,-0.7318125805914014,-2.139056018814564,-1.842994792399065,-1.2908224829295831,-1.4216392408009322,-2.76009339459692,-3.2969419178519432,-2.790544623049254,-3.482192804220482,-1.4909410863459225,-2.036820743597499,-2.897964068174326,-3.3475242597769514,-2.145562238164892,-2.465121360556777,-2.9892350823832943,-3.929133698282876,-1.1767356097155155,-2.277591506207416,-1.3677720985940134,-3.405266612047995,-4.0791301624982665,-1.2090490057773309,-2.7461440162185378,-1.373069941330568,-0.923059191971154,-1.169395789622505,-0.3432334050130225,-2.450825452282883,-1.7002244754481377,-2.4864677399055606,-2.723800760609703,-1.6708410826579176,-0.9882577928686904,-3.3098647961422283,-2.881613092945537,-1.1816076960396915,-0.6267389723497023,-3.5891196670885144,-2.786779641182509,-2.9739877669807684,-0.8606052731883683,-1.5418155329939864,-2.652955720301399,-2.9868899774840445,-1.3804855433092773,-3.086329590045071,-2.454127475720634,-3.14505435112526,-2.8375948401744813,-1.7553792207856962,-0.7979302090845899,-3.1396834822079414,-2.0884895221929294,-1.383640825459267,-1.9049278829492324,-3.6413354531134408,-1.2088051258906285,-3.1901473288207662,-2.7896083722977614,-2.1146838754477124,-1.9735917828018883,-3.0926925127388056,-1.7158010975903353,-1.221112104128055,-0.8526557533786019,-3.203461517211749,-1.0300756152495572,-1.3888690866462257,-2.6149352593202577,-2.5269445673726816,-2.243920236539132,-2.042868138076235,-2.627651459740456,-2.327757736687317,-1.9155077231189683,-0.2805900315159907,-3.087447028396006,-3.1621603895060986,-2.347861293110645,-1.897767872603197,-2.4711804667814845,-2.330432148326238,-2.956007481209463,-1.7987622835693524,-1.100601682711694,-1.9601053628525005,-0.5819491221969895,-1.9933164297967247,-1.6882536932127183,-1.2238540305378711,-1.2684723380584124,-2.610625336802717,-3.1428463425465005,-2.581673211834745,-3.3104620951867787,-1.3506419477949978,-1.893685295742752,-2.7348862726349177,-3.1667651724516293,-1.9769158518791157,-2.313566545200933,-2.846039697946222,-3.754504676584324,-1.1100664957723123,-2.2444679328948616,-1.3485152325118062,-3.3701155288298903,-4.068009515235137,-1.147427998810994,-2.701491262386316,-1.3396763089344337,-0.8915263493320329,-1.089662911974241,-0.2848668855743172,-2.398225245419596,-1.6740163436686823,-2.4474469580332,-2.6812788556180744,-1.6674977236461492,-0.955341586352456,-3.24448914120265,-2.8790585544712664,-1.1586085826564485,-0.5899613342940155,-3.6007638982891965,-2.682932278578768,-2.924003413026544,-0.8213268329046329,-1.523685750229985,-2.6173919702693547,-2.9762777577813284,-1.3385726491081706,-3.035719691070718,-2.4147766981823686,-3.0976031789320646,-2.751162843830476,-1.740594863812164,-0.7661865550179804,-3.084042354949445,-2.0763740654484497,-1.353050433907741,-1.869993122568485,-3.599915830095608,-1.1964106540215316,-3.1453781464550623,-2.765637872925111,-2.069611565539214,-1.9278629261927485,-3.049441034865771,-1.6664801795990891,-1.173837297050667,-0.7869080782728685,-3.160002672542394,-1.011945143559322,-1.3937349726342991,-2.574900378032005,-2.454668282814028,-2.197664351361271,-1.9745273446271476,-2.6140954582414726,-2.3145572211248817,-1.9011890802793647,-0.237233147929212,-3.053328645602101,-3.1067707203228747,-2.3345808621051107,-1.8505192447226864,-2.4224444471625834,-2.3145193301820326,-2.8990126139018995,-1.755735395648479,-1.0586446972316357,-1.9249770142001053,-0.5295197690396402,-1.926396202241367,-1.6526100277375737,-1.1988804545690672,-1.2504438274507532,-2.5925389563914343,-3.088408080491909,-2.587644824427782,-3.2671375911329803,-1.284127497791243,-1.84752241560643,-2.6924160371108106,-3.0981067840088423,-1.922463811299852,-2.327475276931532,-2.8294462206831983,-3.687669186955701,-1.300769888816854,-2.455088527816537,-1.465753943244695,-3.430059000417357,-4.129436245003592,-1.2635410040781447,-2.7688034889686053,-1.3816580957589022,-0.9432957111575722,-1.1605403318155252,-0.347871256417767,-2.4908272651119217,-1.7474179892299582,-2.528180156572683,-2.719206311557677,-1.7351998824766688,-0.9982286222479044,-3.2769465228472927,-2.972928198433457,-1.229997874689314,-0.6550228388710612,-3.5541828399290663,-2.6784453020191865,-2.994244265027961,-0.8723666218487662,-1.681733695337718,-2.669886771418898,-3.039012758467432,-1.380644685269244,-3.0742623581369446,-2.493447251578387,-3.1475234627465616,-2.714012496682399,-1.8214927157214829,-0.8438450757768078,-3.1684950662242546,-2.146508822809889,-1.412294645368081,-1.9076277848587977,-3.677416586746936,-1.255641086957199,-3.1922657769891547,-2.851159797714502,-2.16951895901287,-1.970583930865894,-3.06035431533258,-1.7921251682346364,-1.2377097149484808,-0.8829051264444848,-3.273190497021585,-1.1129596414904088,-1.4788910775936368,-2.6185776123174183,-2.599016929766184,-2.239409147561374,-2.0255698892762157,-2.676212492096017,-2.3834939357660523,-1.97660101259035,-0.327587201321229,-3.097386167168473,-3.195264672884112,-2.37643726435506,-1.961547285459472,-2.5041304306831664,-2.473169396817952,-3.00566528412895,-1.801374002921014,-1.1087475464980427,-1.9813518478974088,-0.5822729175267919,-1.9776123563013075,-1.6704835299426677,-1.2876678897058274,-1.4002783940012429,-2.632008918168117,-3.199329337662483,-2.6170860870216264,-3.312298772525615,-1.3809305896561972,-1.8907649374384277,-2.719999265652576,-3.14169928036752,-2.006491455088516,-2.3667964306417515,-2.915641915329072,-3.7827306733020585,-1.029964698125944,-2.005219008335016,-1.0936263045962695,-3.1060301246217312,-3.8367700470673824,-0.9274256064398514,-2.414279982367927,-1.0146932703052411,-0.5664703275799662,-0.8105038017744284,-0.0148959872434418,-2.1387439352307336,-1.426015989163134,-2.1839526525334887,-2.4008548768533315,-1.384023868445161,-0.6742218351496443,-2.940462549674012,-2.6083594584203342,-0.8881602557545549,-0.3551015372396319,-3.318555600579372,-2.405044237279988,-2.635242048982505,-0.5481028652653651,-1.2591118973221878,-2.3833368605847864,-2.7580279937485206,-1.053617602504895,-2.7536484896813844,-2.1559112880463647,-2.8359042151971727,-2.433189629628389,-1.4977146090748958,-0.4449513181575823,-2.836073691050644,-1.8042420028315835,-1.0270966982153749,-1.5940519868059215,-3.309392881672197,-0.9154982265571504,-2.8928797925701946,-2.496634913261357,-1.8430898642193048,-1.646933275572527,-2.743548142170249,-1.4270466228086327,-0.9463759003480968,-0.6258185669015831,-2.872214761266464,-0.7398792178608835,-1.207467231144934,-2.2938542988783017,-2.298452192561496,-1.904348495986756,-1.6912456998453396,-2.393751358458453,-2.028030733782713,-1.6329997424975182,0.0531885283378561,-2.7521273405575464,-2.8464440976453584,-2.050827302853272,-1.6160425121831417,-2.1597375843479023,-2.052782475504292,-2.6048796920143085,-1.458382432544938,-0.7887881579644235,-1.624814609915853,-0.2734555114405993,-1.644799671026999,-1.4163420869906111,-0.9391497530836338,-0.9857728359440152,-2.320933233417055,-2.792885594391102,-2.2865868160398213,-3.0008889585512475,-1.0216672705681984,-1.5664797810838944,-2.3828394558441115,-2.854916512466444,-1.6597934615755523,-2.0412966973373425,-2.623518591264957,-3.4443624868798204,-0.0899765433449368,-0.8519613157351107,-0.1106484639110041,-2.1607406609440565,-2.882685062165053,-0.0855557037037832,-1.4579587429112602,0.1622923981041345,0.6064265851618066,0.1192655101832609,1.000309868399677,-0.8118403186676555,-0.33637445543108,-0.9523502686460684,-1.3494721510503074,-0.3526627383726093,0.4792094668611336,-1.6388246138027938,-1.6019698160089413,0.1409618640587244,0.766714272512935,-1.883641440182774,-1.1795388505601243,-1.6626649061172896,0.4911554477521423,-0.0829591407292612,-1.4171260850444731,-1.598946807695807,0.0698956784294277,-1.5202438747668086,-0.9776111268542932,-1.839402731016959,-1.237169596781321,-0.5000309705356761,0.6879424039026846,-1.7237457949164663,-0.7952041279781469,0.1160482246722452,-0.583426868968109,-2.2993719090833817,0.0884718853928164,-1.9256142709662056,-1.5375648581325376,-0.6890805961564076,-0.5418460372116084,-1.7189115995351394,-0.507946732959995,0.2663099254875804,0.5089352559894637,-1.684837308020186,0.3518897200805957,-0.2507464360017112,-1.175584413979133,-1.002483430666755,-0.6915662420073164,-0.5611738626958788,-1.2570809427854694,-1.014011233333955,-0.6263435286916031,1.1342708856012775,-1.8375495194485152,-1.6939552467221757,-0.975777205220391,-0.5802309401703357,-1.131777661561799,-0.88645516332634,-1.4374425196739915,-0.4268387585494214,0.1987166170019732,-0.710860999032373,0.9641722428150252,-0.5236838749146266,-0.3828570188687474,0.2088858571364703,0.1517387371312762,-1.2303326928388545,-1.6639339082396216,-1.2398894775516611,-2.0191532303362583,-0.0227297674459597,-0.4897439240152296,-1.4544286848901802,-1.4687989971973054,-0.4341021078305001,-0.9409712740453308,-1.65124939842617,-2.2484540600825995,0.2720610816858584,-0.4223297363503642,0.2765349686470009,-1.6171255042223958,-2.3796118364395915,0.4928254049424425,-1.198270065926078,0.5784706475276519,1.0096310403405853,0.4005223792355082,1.4703545926328243,-0.5849301060098727,0.0169496279057437,-0.6582194565950681,-1.1932925738881577,-0.1526309396617066,0.7896348483055451,-1.3936364561828911,-1.2071944163564197,0.60807242993393,1.0477541513305362,-1.6287049763571175,-0.912504842072062,-1.211449913701504,0.8442108956068611,0.3565248157804057,-0.9792018575277268,-1.2472079409314298,0.2968782713996304,-1.2778548244341128,-0.6415777544956905,-1.3516195341205075,-0.9652628130428492,-0.1686836098313372,1.128586555247661,-1.3448184543421895,-0.5147023436068943,0.527552109600636,-0.2391593856784196,-1.7746615771385477,0.4184289498998161,-1.414223638822223,-1.2361534305867283,-0.2940888521375838,-0.2499417701608405,-1.562428894830196,-0.0490426133218074,0.5142654782589985,0.8417734745923058,-1.29778683822527,0.8844924124867504,0.2216702612537972,-0.7905125403271798,-0.7865271020656754,-0.4175837235269409,-0.222514238947874,-0.9203882249634008,-0.6530449316543319,-0.3350517170625254,1.5954146828960265,-1.523525919343785,-1.3709886951787955,-0.8217959916697296,-0.1539336991694861,-0.6630102496236768,-0.4538660236206534,-1.067708210761169,-0.1869146647516811,0.5779642867459396,-0.3414022390840547,1.2484080504303998,-0.2305980993731967,-0.0643650216837984,0.5913067211125004,0.6328393280326475,-0.8442529201071121,-1.2910422503981087,-1.00675615116768,-1.5225758900676196,0.3365252872183537,-0.2028267939696527,-1.2002107711261916,-1.270325549626856,-0.1516113288359458,-0.7055149314594649,-1.1731029016856258,-1.908515121847703,-0.0486809270491557,-0.8181708618284097,-0.0707555014268778,-2.11956009532929,-2.841243393507745,-0.0518803004780971,-1.4045566259120366,0.2134761726310949,0.6576124264674678,0.1714792294294864,1.0422999223389493,-0.779245151776289,-0.2913841277443831,-0.913784867014132,-1.286702015126289,-0.3085425245189773,0.530143161165289,-1.5953437234939631,-1.5564138798844405,0.1801755452764993,0.7994086447819431,-1.8420716312460117,-1.1297129496396332,-1.6217964240863545,0.5415586688564087,-0.058273535926111,-1.3795527371889529,-1.5574493360135748,0.1123287119369191,-1.4784977007142386,-0.938835602721102,-1.7983323935995723,-1.1869537636125995,-0.4572245390095615,0.7391262214875345,-1.684321302271203,-0.7463744143914736,0.1672347549041401,-0.5328197256986905,-2.25811418373045,0.139750042813783,-1.8839087435614197,-1.4879008548769477,-0.6495045397397474,-0.4897666585809391,-1.6558920723145498,-0.4668467717145626,0.3043262529113199,0.5398797556250714,-1.64135159522772,0.3765725476498666,-0.2171757495635356,-1.1345009869633074,-1.010012705474012,-0.6427282613058396,-0.5213243025644707,-1.2155297348570144,-0.9677980615825788,-0.5744660054473852,1.1862042118704188,-1.7773807689826544,-1.6494375224317437,-0.9335935630094708,-0.5508365245603779,-1.094810568791866,-0.8616758645554172,-1.3939581847339928,-0.3716226987770704,0.242065922400182,-0.656485429265041,1.0084157744644755,-0.4812487746284344,-0.3400891456827709,0.2562137115338472,0.1764257197868937,-1.188579629523948,-1.620449573299623,-1.189828652785505,-1.9756840517733991,0.0175703504422373,-0.4376673010894949,-1.399721741604476,-1.4126191296241168,-0.4038623797318878,-0.8976192129421875,-1.6104849442565117,-2.1980101923305493,-0.627724136863782,-1.5125947267949014,-0.6900016905307604,-2.845693856976944,-3.399569881022173,-0.4795870845529377,-2.176886336155226,-0.5911690219815552,-0.1595718714654501,-0.761036142495421,0.2925828163329961,-1.715485569375336,-0.9234263896536746,-1.7696854629530945,-2.125234780715636,-1.162752473951686,-0.3546640690812818,-2.6068665552720747,-2.1174230461525942,-0.4963018128330792,-0.0422752936200547,-2.7433021955048464,-2.0080105374336528,-2.255924087233765,-0.220448149173241,-0.8817780431262789,-1.8755286448556392,-2.203589116970422,-0.8290696748443127,-2.479587433610376,-1.7407305822801875,-2.611033181133022,-2.022787316218615,-1.048751716516821,-0.0831134602055926,-2.4338379092142275,-1.7534075139050695,-0.7024478318673789,-1.243671682574247,-2.784602634284263,-0.7004196330355952,-2.6440857950435133,-2.245668731320065,-1.4688775347879384,-1.3316785642883135,-2.3998800462327563,-0.9855613355902932,-0.5525216381278177,-0.193092610751688,-2.309063034411745,-0.3948636252683148,-0.7983952342922849,-2.002685826573987,-1.5205445910677846,-1.6088508112303597,-1.4141457901578236,-1.829335451965038,-1.6971573758560516,-1.3262374248951654,0.3506861659504577,-2.4808612582163434,-2.5823201135681164,-1.717832741053287,-1.348513854659339,-1.8772943627924128,-1.7153856750714611,-2.101504027672286,-1.0633369738088363,-0.4137904956846172,-1.3274409790253034,0.100811932089457,-1.500431045214068,-1.0833985057319144,-0.4111388186114054,-0.623264028427312,-2.0791683502520213,-2.3521415918001405,-1.8396548780184647,-2.6626778473102752,-0.633099828264736,-1.2548812013215138,-2.1422416137188334,-2.490876178874509,-1.277499338497564,-1.6675128800232888,-2.101677637083159,-2.921151258419348,0.4647964411275238,-0.437980762525793,0.3865854015293314,-1.6994370327631074,-2.434923656958416,0.305812266797243,-1.227667926167204,0.4691711227110247,0.911206905047918,0.3865771344145279,1.2323719144903762,-0.5144377959331833,-0.0644786945123461,-0.9924450865166462,-1.2272332137137882,-0.1022476974182152,0.6473467366602635,-1.4701802942957178,-1.317986844321306,0.4039311862394709,0.9227863771826396,-1.7613198316982204,-1.0874535255430149,-1.2245126440172145,0.7022479571438492,0.2537590673634514,-1.07195544099145,-1.3398499183453063,0.1902572917793263,-1.5308698729941972,-0.9263364140644949,-1.5297310779300195,-1.1330363297906267,-0.1722329577869587,1.0229824307481832,-1.571051495570211,-0.778758080929118,0.4758165051605443,-0.2789007843911491,-1.847073924628342,0.2578726459044095,-1.5317076072942817,-1.3009744999082398,-0.6009345513431497,-0.3801874297134614,-1.5428950804020725,0.0369484675415622,0.369059118145983,0.6781892752132953,-1.3608332335689708,0.7096876715407352,0.1693098007198101,-1.0346989992033957,-0.88667010831123,-0.6534135071893198,-0.4699744968152073,-1.0159305818208264,-0.7922093656405912,-0.4330335832421521,1.5364274409208274,-1.5261975752777714,-1.6026036281438738,-0.8809906004412488,-0.4600291577066375,-0.9708692947320664,-0.5069464120687757,-1.127085384984598,-0.3041588868944393,0.4682638068613443,-0.4447949319025501,0.9254456324444212,-0.4407240667880766,-0.0641466320677402,0.5652115732353592,0.4646614115857339,-0.9672827447598294,-1.327664191124997,-1.158346790687672,-1.5946906214244894,0.4397705067649642,-0.3277050077071784,-1.1595055646126249,-1.5280990116825688,-0.3265358998887215,-0.6628724643769524,-1.2979370241441996,-2.044337617732551,-0.4936952604281697,-1.376680603720982,-0.3988738648742296,-2.472682325970781,-3.244878384524648,-0.3090881540960061,-1.6135761562667743,-0.2004692883981976,0.2164661124850152,-0.1033224223426658,0.6693427734473527,-1.2068230851164974,-0.8042972653357261,-1.5141248319597762,-1.5973836340717185,-0.7019841845121512,0.0010733235246999,-1.9228124079740645,-1.989259343206924,-0.2297755214502518,0.2780733409266792,-2.2536995444253987,-1.726541457572505,-1.841716145309462,0.0404936819397819,-0.5021969546141842,-1.7927686253368396,-2.124166256127288,-0.4088398717698081,-1.9717633725778552,-1.496993992234527,-2.2131741476588074,-1.7634017667762265,-0.8624226605926636,0.3108131823271064,-2.1796427300159484,-1.115543114866492,-0.2244611444840903,-1.001729056440939,-2.436675596370517,-0.2623851557925244,-2.259937082544614,-1.7031165877768837,-1.1329708817984323,-0.9897458735333144,-1.9361079953567388,-0.7344167217544932,-0.2539995456768751,-0.0136359411621468,-1.91755452295906,-0.020572050482255,-0.6818702941953177,-1.545667319566168,-1.6764861442162178,-1.200786024531266,-1.0301259068646116,-1.7506070287653952,-1.2835481108287663,-0.8732394913867656,0.7970483835055535,-1.98270627687271,-2.1620020848778183,-1.2587398771560316,-0.9727438630137524,-1.5145643668968272,-1.2769826438223473,-1.6751682283312983,-0.650482814991491,-0.202569135558278,-0.8694813987823565,0.3437686576386573,-0.964506372038332,-0.8140242148282377,-0.145241516879875,-0.2429236786189312,-1.6834325874298304,-1.8883536956207496,-1.51137532736139,-2.362546444706536,-0.3282954174893926,-0.9274765869811394,-1.6037017765602677,-1.962859689934522,-0.9142698710826022,-1.388727856768333,-2.0680945499727783,-2.657392405245926,-0.985206538579978,-1.9590017030262377,-1.043263041213553,-3.0937128124908,-3.743999240447819,-0.9508676993913135,-2.477845828091779,-0.9023934717411892,-0.4677919785070922,-0.9139543428676032,-0.0512437326382302,-2.1027303163681337,-1.441197856573466,-2.2606473654914785,-2.47913549800112,-1.4113639060264571,-0.6681131262361164,-3.03747369726152,-2.65919808090425,-0.8832764576844072,-0.3280136466598412,-3.2006816998590835,-2.3998724680441863,-2.7077129552021577,-0.6014822476988794,-1.2021349420966982,-2.371565866957118,-2.716561523746801,-1.086493851299579,-2.783597490909408,-2.207748164642799,-2.8255324307499903,-2.447240969089347,-1.5452326071127525,-0.3744231839167445,-2.863418551115575,-1.9062099746700032,-0.9854648859175862,-1.636206005188796,-3.3402161302906874,-0.9787843682301518,-2.874282228893564,-2.553164066434992,-1.835721798150716,-1.666941760175616,-2.762537015947578,-1.3164092032463113,-0.9003446051223969,-0.5910994404319594,-2.8753755548263222,-0.6909930553809428,-1.0841198114985169,-2.278334168687261,-2.1315735909911937,-1.9162937879515312,-1.7588858553148332,-2.3332388338020147,-2.0460626890215408,-1.7084116748085036,0.1520515096413407,-2.80598966028083,-2.9020976255760598,-2.090658950902606,-1.6223351644010466,-2.171216473252515,-1.984921863640039,-2.652456248782023,-1.5109481930965445,-0.850150128666918,-1.7230238002236302,-0.3478871017211404,-1.6935012443342186,-1.4225079767815298,-0.8145732890364347,-0.9295984797806958,-2.267621365754436,-2.8473486577901044,-2.394447173954412,-2.980363090346708,-0.9822076426850204,-1.600359106474733,-2.440713393025777,-2.843359085971198,-1.6443449797128085,-2.054258844422944,-2.5873258515816158,-3.494113294840847,-0.8754027197603392,-1.905891001823836,-0.986433516202059,-3.053462297291424,-3.722667328549941,-0.8908201999425701,-2.4736309773944782,-0.909554859939692,-0.4750670395341426,-0.91459848889604,0.0114926432092224,-2.0484739308392186,-1.3876007734501272,-2.222079897080841,-2.461509320313896,-1.383321163686866,-0.6382488629348282,-2.9834288120863266,-2.629129206511576,-0.8498187551485458,-0.2670347189432405,-3.217310312360022,-2.392382462032246,-2.6818299966049723,-0.5547544480509873,-1.1612581929509596,-2.3364506079031613,-2.6782303570342965,-1.0262224508249085,-2.72582000340045,-2.1707824497253334,-2.7706863243650948,-2.4459375206553338,-1.520864597303302,-0.3723233367566641,-2.8198356997241687,-1.8160908451236517,-0.9757730716629892,-1.599698426216689,-3.3240125852758933,-0.9373799015894584,-2.8179976445328645,-2.548948526811458,-1.759934401042406,-1.6049556223054595,-2.7949647737641743,-1.3245874465656402,-0.8617206447606026,-0.5279717517926912,-2.8698069640799537,-0.6501824431536317,-1.0531429323299288,-2.2208763429507035,-2.03996293614905,-1.855272146808446,-1.7128559379416004,-2.2917193164803065,-2.027791676379646,-1.699889657298597,0.1670018978371758,-2.8017727428048285,-2.837215930745989,-2.116384145392292,-1.5585578183234727,-2.115490608067284,-1.952112440690016,-2.6237266469875107,-1.5389213538865396,-0.8128571737884818,-1.7102001273109868,-0.3093258336466057,-1.6182195190813875,-1.3640009163911655,-0.7821620654494452,-0.8887231084874242,-2.2366947782009023,-2.8229482684476737,-2.415410510317301,-2.9047582586903085,-0.9839864502202328,-1.5322456586827409,-2.436496475549775,-2.781323345412221,-1.5809761668917723,-2.030847064225761,-2.560152534148856,-3.4454909480504936,-0.4542573337213508,-1.4626207067341817,-0.5527951418425657,-2.5918307402232705,-3.27077029916287,-0.4180742390052799,-2.006540368851103,-0.4232170733392695,0.0196743311597195,-0.4107723098551183,0.4725523726656424,-1.6193431577684256,-0.9215593995605584,-1.7500214414668165,-1.9999108317049568,-0.9265396473034132,-0.1701785797582973,-2.5572859120907534,-2.166102573820338,-0.3803624169768014,0.2179727941579469,-2.7541541615368628,-1.902339587089514,-2.240639569814623,-0.091167007876636,-0.7194746437313513,-1.868638693593184,-2.208250391867109,-0.5746155024400813,-2.2643386322512264,-1.696611746279023,-2.3090368552148672,-1.9570444635965167,-1.054302395181115,0.1256683905985455,-2.3496910811871463,-1.3520570022788578,-0.4906161046269953,-1.132142103539385,-2.882585856787412,-0.4861739082725995,-2.357788031210908,-2.081855851489381,-1.304240010255609,-1.1496394520209214,-2.330247516095627,-0.8989736419174887,-0.3837381555215501,-0.0831396394024702,-2.422259126005739,-0.2087350253491966,-0.5920019337980044,-1.7594335516705628,-1.579601759055696,-1.3862456555485925,-1.2523418192243825,-1.8326126740583784,-1.5807729336528538,-1.234135565648449,0.6538949805108425,-2.334682134261453,-2.375327404192695,-1.65508947325238,-1.09138591648453,-1.6466811285710212,-1.5100064309351828,-2.1824955735493776,-1.0763197886814464,-0.3445478762667736,-1.2457412169800484,0.1627305551887183,-1.1635771186533317,-0.9233340735383692,-0.3047306956683457,-0.4463401934445646,-1.7672397748237358,-2.381871514485872,-1.9517755557617744,-2.452742733991054,-0.5523652518727855,-1.0772408830557991,-1.969407933785101,-2.317658767028649,-1.119773810867166,-1.568944070221561,-2.096119380230295,-2.9862044958815903,0.9818624906419756,0.0462269287471039,0.8082317230559424,-1.0324620557228246,-1.7765016991085525,0.8471202310914476,-0.5234765081183064,1.080649690059762,1.5337344282735983,1.1004397850467929,2.085193699091281,0.2135319756560183,0.6293264931674081,-0.1070812038733085,-0.4647138560952683,0.6029853986248638,1.4692116640112451,-0.8327547412679578,-0.7517473500874929,1.1997609022956364,1.7669786717811928,-1.058237541827565,-0.2371215418793652,-0.7594392114858847,1.4431874755361669,0.8261562058023245,-0.4287629295199281,-0.6346871143070015,1.0346356179899026,-0.5924325126940183,-0.1104555645655899,-0.7638965642174202,-0.2919552475920559,0.4695018073031633,1.6390712493944306,-0.7841289498464366,0.1336626906134973,1.050113723680692,0.4724834800422802,-1.3739565893932395,1.0866164801691638,-0.8415688635009201,-0.5941472500895039,0.2523405682484233,0.3931260671913404,-0.8056578946471299,0.4931347328213388,1.3272108776632736,1.5323648429211574,-0.8732346689031302,1.2711088587544843,0.884617108135036,-0.1825248267910405,-0.4465503159458194,0.3404128979546836,0.3994448986061232,-0.3664653969921747,-0.1077535958773237,0.2840291082163431,2.0236236726662327,-0.8349475934695773,-0.7699790939340705,-0.1193496022416524,0.4750015054261692,-0.0378082959212485,-0.0341418305059112,-0.5855776966694776,0.4515098097858863,1.2385515828059672,0.2221463092812301,1.898057910547552,0.4956500025002934,0.7196144096409973,1.2655636915000594,1.0563967309313265,-0.1690018937512706,-0.8234859277208049,-0.3739712483074884,-0.8828079878455442,0.8680318979868155,0.4449353867384298,-0.4817647803774175,-0.5639281897779003,0.6454273881733922,0.0830273013685002,-0.6915021718675896,-1.3105567748916909,0.1304991413487042,-0.574526630955944,0.2543708338589079,-1.797042034763998,-2.511356577947629,0.2210495387173036,-1.1459378513676692,0.5120505804179032,0.968193505240678,0.4791529749099765,1.3111340950754662,-0.5512409242595141,-0.0370180975312838,-0.6825523311666037,-1.01606630028885,-0.1302463484788545,0.7851196257703853,-1.2927039404736054,-1.285370320716697,0.4190338271329364,0.8884179141659296,-1.5359693049754686,-0.8645631544005278,-1.303676468596506,0.8101972296004665,0.2020124401036217,-1.1308758571219877,-1.2543197264411117,0.3860005031569862,-1.2334535286771628,-0.6807177206064678,-1.4760781917817574,-0.9295874569609578,-0.1769734592005129,1.062557109312376,-1.5371487466874298,-0.4382887125522221,0.4862633825671911,-0.2692158593988884,-1.919909961751814,0.4487926847204804,-1.5703942599433356,-1.223311845592011,-0.3314486328606814,-0.2402354884553375,-1.3983735129652772,-0.1297268980987034,0.4614606603043252,0.6046167759460811,-1.3526639462906789,0.6329385334102892,-0.0456634301458905,-0.8538792863695149,-0.8008788133644928,-0.4509683998820384,-0.3072239197078244,-0.9490682240690924,-0.617357863826469,-0.2746142853655519,1.4883011210186825,-1.525152474181367,-1.3568071486596829,-0.6583847988911374,-0.2997600928927617,-0.7875157112109232,-0.6197815063163519,-1.0756356849314597,-0.0658145224793395,0.4885637072612556,-0.380802640840086,1.132078722325892,-0.1976219562746371,-0.2989347592648823,0.4242269530819805,0.4365146413848658,-0.9180327861706464,-1.3116673239802898,-0.8804119024050061,-1.6927303358787953,0.2969340744245539,-0.1870062919407528,-1.1271053638453732,-1.2033033609889217,-0.2600310948522374,-0.6183375169306797,-1.363589627429693,-1.930215609280568,-0.1430472868257883,-1.063146141242123,-0.2991056129708206,-2.336342446484483,-2.524978027438807,-0.0490694814449186,-1.7239944972868038,0.0009851409667963,0.4366310699183479,-0.2332091297986248,0.7212354530687103,-1.1843599563430125,-0.812514088524138,-1.3731770693598964,-1.597462860588585,-0.7222703063873901,-0.0292153190092789,-1.6869536894098731,-1.7660272646525608,-0.2683553905330943,0.4381673754193254,-1.9251347783076047,-1.3013299858447889,-1.5385300437858422,0.4057279058567575,-0.4101756997368015,-1.492690270053089,-1.4776682335289577,-0.5863279373378921,-2.2158575153387656,-1.369211609959167,-1.8822367195924183,-1.3459489822915631,-0.756145455162937,0.5400864334951581,-2.010530629596243,-1.1532018895749816,-0.046373713092755,-0.8519392700956349,-2.046609696451037,-0.1519392577231499,-2.0070928876904683,-1.8298797036895995,-0.909011297141364,-0.9041447222270568,-1.807012864143212,-0.6192062529112773,-0.1274265734046389,0.3220220121481394,-1.4940577886268291,0.0396035892459421,-0.391827182893625,-1.6738613352661174,-0.9810099444278684,-1.1520589609534024,-0.8729969893525306,-1.309424180163616,-1.1307497836212346,-0.811615039789261,0.8263511719264396,-2.0799861056913307,-1.8174507855088216,-1.151759278041777,-0.9965083734425498,-1.4959282233511135,-1.12536444725301,-1.2931937670257108,-0.5482048263479411,-0.1803753769421393,-0.8861189673243324,0.707635015827658,-1.1834230166652862,-0.5368589002064174,-0.111177559258426,-0.1394896717553634,-1.6424242533734696,-1.5365480030117111,-1.2814744428655638,-2.024938143919984,-0.2618960181666526,-0.8105058685531292,-1.7215515648623796,-2.1310872090702566,-0.8268720001590579,-1.221238177628808,-1.7693441000043346,-2.566484455162077,1.0931537012000043,0.2096292085425486,1.12717701217367,-1.016784850350518,-1.63835407718523,1.184164990218897,-0.2969857869499651,1.1504392953781566,1.6557708212974322,1.3750023794158783,2.0973987162461314,0.0680624457217591,0.7568612495196705,-0.0737406187971627,-0.336642447735959,0.6781844527296599,1.44105593776934,-0.8157568643057975,-0.4879575382914473,1.215171493215531,1.7870925620980262,-0.9829310152303238,-0.1946726630685005,-0.4843909671799852,1.6058264250647585,0.975326647463602,-0.2756146062567712,-0.4077871924848334,1.0078639445513442,-0.7018353764456887,-0.0235365000655312,-0.7279663054290887,-0.2228097883020979,0.6259059744174739,1.7876629930194654,-0.6996625031048443,0.2211432326850762,1.191732844895237,0.4407887397382578,-1.145358464405193,1.2493877035346106,-0.7810687395166869,-0.4104113125087003,0.365295514131705,0.4716106105042809,-0.600676892931775,0.8546350384477984,1.1972676782561575,1.6065704653970705,-0.6813770230120443,1.495556892111191,1.0323235815498664,-0.199420053744391,-0.2174547646881526,0.1123907152979451,0.3447317765132611,-0.1119808472468295,0.0320701808812835,0.3978672575311284,2.249499850105238,-0.6382392179675574,-0.6745421858482786,0.0937380375226244,0.5549183263788101,-0.0216343747345004,0.1758828459147994,-0.4564246956523262,0.6229435916128985,1.2586964748033136,0.4254670203025004,1.818500364625745,0.4413150793807452,0.6472661322909298,1.2171404443912233,1.2513973013580864,-0.180777020936341,-0.6461983827445946,-0.1667553053034287,-0.8374835309355405,1.1860064900413694,0.5525435976515145,-0.336044459765175,-0.590903096455377,0.4705613758504742,0.0418343323904107,-0.4665119535650222,-1.20307670425806,-0.2199176759733519,-1.1392821350246454,-0.4053966184541644,-2.477928499239814,-3.2111526896839067,-0.1886390471144374,-1.7480173550532094,-0.1215734561237848,0.3581906394133042,-0.0545760688302608,0.776198031044978,-0.9244804467911166,-0.6698698881318529,-1.2613116387861434,-1.664044136437001,-0.6066863964676613,0.2045731789139954,-1.8817234695483696,-1.8818157856636752,-0.1342290310354244,0.6307759939629491,-2.0774467235942,-1.2801034796606556,-1.9959143706237144,0.3381656205806081,-0.1756500319057247,-1.6943968484379277,-1.9209612631843216,-0.1552440368658355,-1.649697247621819,-1.2505506110169649,-2.1858292875938754,-1.3122281099344582,-0.7857355258232436,0.4729726176681519,-1.966180314380581,-1.1323777163112838,-0.0923161368343178,-0.8630750737359039,-2.5428239725945563,-0.0394789420377823,-2.284854166562261,-1.8461762537459323,-0.9534573731034992,-0.697732131798235,-2.0357163948450028,-0.7406928397427913,0.0971592451987921,0.3351164330705963,-1.9102078136037128,0.1875835690666386,-0.3800393105732326,-1.3222643873058664,-1.3817249216035636,-0.7630712305895408,-0.7374645314120378,-1.574826122404227,-1.287118126571397,-0.9140928170405612,0.7684579448102328,-2.1427025053691264,-2.028274613669416,-1.314110256404714,-0.82973104402859,-1.368706282566805,-0.9770324288180506,-1.6884948173944865,-0.8230760166117996,-0.122369854849852,-1.067414728185646,0.7766809683347471,-0.8226523269781221,-0.6476299714580614,0.1217890469770189,0.0663614868509459,-1.5397956012770062,-1.921418021277213,-1.5694049618718542,-2.314996756061933,-0.2785914565122527,-0.6211993165051463,-1.7673575812096851,-1.6732282120574185,-0.6112525995441092,-1.1699531309455051,-1.8565583720866183,-2.372659192889876,-0.2262199731585277,-1.2249053319703789,-0.322791585808985,-2.4224299797116777,-3.162105275407409,-0.3702875597363105,-1.8093014770913047,-0.0920956804395587,0.3320624230769491,-0.2213168851538386,0.6707378490704377,-1.2536638686667034,-0.6673380842232914,-1.5946995774655264,-1.7688525511366453,-0.6639396111128332,0.0884188380728275,-2.16225905436296,-1.9290933484459976,-0.1909125036853906,0.458815183567216,-2.5484910797923326,-1.7924014276543188,-1.980523758564595,0.1657680309527585,-0.3874438897322039,-1.696081962005367,-2.046022042373757,-0.3678212038199431,-2.124913741090768,-1.5491711983903704,-2.1604168656142537,-1.8678236938588089,-0.7370236186225196,0.4415982280627639,-2.2153642441554924,-1.1179212882249558,-0.1561961329207014,-0.8141261759108138,-2.563876180441583,-0.2638146777272904,-2.200687359674405,-1.876442849967656,-1.203182109971804,-0.9404242666158348,-2.0830814512589955,-0.6599445278840581,-0.0889527989617743,0.1424037866656956,-2.0503257645551947,0.0754153554132087,-0.3964081978840958,-1.6358746316704236,-1.5314837062683544,-1.2516763164827034,-1.0891827303894064,-1.6878375817676106,-1.3273638192871378,-0.966304469508086,0.9375982912055166,-2.105370970621608,-2.2239958009365446,-1.4146817747675815,-0.9287235434639955,-1.5301671682359026,-1.1474851796883847,-1.8469912534803072,-0.8577379622040328,-0.0859187678289021,-1.01395129675163,0.319234616606904,-1.026827328058029,-0.689787434472104,-0.218548090620911,-0.1576249659292338,-1.576999684671305,-2.064284098974614,-1.728897585291493,-2.2033962176250075,-0.2930155050656005,-0.8851634266382984,-1.7345688260466707,-2.229213728229999,-0.7708567859557052,-1.2478052399759805,-1.9693810656619897,-2.791708908384076,0.072668606519757,-0.6581174955124921,0.1305404769227216,-1.9521510205590988,-2.6783826097319268,0.0786629536785037,-1.2311208244501182,0.4078229305332026,0.8327588748253595,0.3498525652077748,1.1843399774822372,-0.6199895620389058,-0.1569877091631333,-0.8144038131829636,-1.0857208760654549,-0.2344540195027801,0.653252212334873,-1.3886617198499054,-1.417259736733796,0.3004035069370752,0.7822853832452636,-1.6618829748421284,-0.9945917806606128,-1.4117807063977987,0.6734467070210401,0.0989449419963409,-1.241248729010598,-1.40698233518062,0.2628322258602556,-1.336363951603178,-0.8248127996467612,-1.6369231773979966,-1.0555493516639711,-0.2968555798918105,0.9199473121738826,-1.6003177709007153,-0.5700093416420834,0.3487502832339794,-0.3996867978299038,-2.0273562749999976,0.3079307149656312,-1.7232091213804746,-1.3212447764801054,-0.4972049951253579,-0.3633920970639861,-1.4680287776681158,-0.2664773776202402,0.3497616269449367,0.5497334675445695,-1.4478783742609005,0.5288238674279025,-0.1724919940508006,-1.002856139759145,-0.8921105587781445,-0.5725631911901208,-0.4324948429274595,-1.0678914651393128,-0.7799788582150966,-0.412058535133291,1.3822216374180052,-1.6216124807819772,-1.5117590592735175,-0.7446231639056059,-0.4564198731686908,-0.9480871931124144,-0.7046517068887362,-1.1730650107427765,-0.1899624744092256,0.3839991724483138,-0.5013047951416435,1.0532855400602887,-0.3260653632711576,-0.3069035690091901,0.345322875221709,0.3311048156122143,-1.0538497706456251,-1.4084697269190103,-1.0057434296042551,-1.8372574147254597,0.1862360293536736,-0.3101635679466903,-1.2164322282230595,-1.2874012752534154,-0.3721435270096888,-0.7444447320110977,-1.4961486797458723,-2.062917958253341,0.0605014803077556,-0.7457178676908316,-0.008920929346457,-2.0369041036717674,-2.698767248058574,-0.0667852195425132,-1.4571650998901275,0.1862484300258788,0.6749630336612426,0.1335937979901351,0.9454899412116587,-0.8529278792408826,-0.4024645484038684,-1.2910277829472028,-1.4423008274734952,-0.3482467212150911,0.4591872037333719,-1.7406348215337142,-1.6635460427700923,0.0988739825942778,0.59335696558376,-1.969752396901912,-1.235889571839251,-1.567997485576564,0.5444149570210063,-0.0642437706666809,-1.3973263450901716,-1.645775190573808,-3.446987998884382e-05,-1.7903002026417711,-1.2355099734845252,-1.842327222878685,-1.3306506863477492,-0.4604886715044635,0.7946006285974938,-1.9029065733797847,-0.7763771518657198,0.2275674698136031,-0.5008576820160228,-2.131927699075276,0.0629650805191885,-1.8513032427765488,-1.5200840438806082,-0.9053255417914852,-0.5917814774032453,-1.7754476419711105,-0.3624083104023736,0.0450275054832495,0.3908140307513044,-1.6026077617012755,0.4178020270272199,-0.1371886581350653,-1.3268753705874996,-1.3789430374721972,-0.8795321436046706,-0.7829942883396609,-1.3072209940684922,-1.0037076525839017,-0.6514617791694681,1.2255873689416648,-1.7524795302683804,-1.8797999875040967,-1.1141817966288547,-0.8191670491622274,-1.3319651576015004,-0.87107970764436,-1.3837303858696377,-0.5125039799954059,0.2301144300993043,-0.6696652770404672,0.6168472833715758,-0.6305087767000829,-0.3570394867348111,0.3440056482630234,0.1642151912221741,-1.2284560577784676,-1.597225869964219,-1.419135682867949,-1.7761937490821234,0.0399824986744343,-0.5255115962124263,-1.393263058164268,-1.785021649839758,-0.548201381716773,-0.91591847155966,-1.6142278804837809,-2.3542779520506025,-0.1681758711971576,-1.402733727097872,-0.4979442129740345,-2.412897996343281,-3.01225555247978,-0.21934862290438,-1.813172553598028,-0.2814002087667304,0.1735680537698289,-0.191743348723139,0.7230315268176529,-1.324885062698565,-0.723158978170873,-1.536256587214889,-1.769183235728784,-0.699008712109137,0.0637449450156488,-2.383075757542244,-1.9981712929650608,-0.2201574223026525,0.3931694695440587,-2.546460125255614,-1.5850876786540296,-2.1873793716195253,0.1222230705042009,-0.6159758778018228,-1.659070089030249,-1.981285710978981,-0.3518794292449809,-2.0270841491377167,-1.498370466849304,-2.1043444705335106,-1.6218970073164631,-0.8332273446642225,0.2809151616403708,-2.1407769565461527,-1.1830434183105605,-0.3431155986270731,-0.9035136657970588,-2.792700273234258,-0.2620145134788357,-2.1635563024608704,-1.859484241800812,-1.1001814377091843,-0.9429608930080318,-2.1206224195815357,-0.8576470239411946,-0.1682123842875396,0.2834958793115195,-2.32782869608938,-0.0668217326328951,-0.3384233220498724,-1.5549009978754065,-1.5160304019219752,-1.1640903686973805,-0.9891912879152486,-1.6102279747713704,-1.4463124449318772,-1.0468640586366964,0.7482331373697861,-2.115498186255853,-2.164327899842527,-1.4216344183172969,-0.9528869421820602,-1.460400297483217,-1.4486217256669789,-2.088619729251084,-0.8664838807398664,-0.1034498736958859,-1.0316181210866373,0.4344320173806259,-0.9331595394822888,-0.597068297320062,-0.1609235447358168,-0.3525566437326315,-1.5622215280338756,-2.2970364491514026,-1.6990188545392988,-2.225023678877109,-0.4037679968378816,-0.8697108112181527,-1.7575920518480908,-2.0360339898387028,-0.9094901008737314,-1.3176120684502155,-1.875893775759459,-2.725305375503934,-0.301119688814815,-1.667315847120473,-0.8287693030064535,-2.5626774487950805,-3.442125543399249,-0.3666369396243466,-2.263866717781195,-0.7389023204616073,-0.3295292843738099,-0.7596727574790826,0.3576064299671926,-1.7839799933745213,-0.8326975603905671,-1.681126751325897,-2.218601508527283,-0.9377429657145772,-0.2288819841252438,-2.629849134425711,-2.1599931759805764,-0.4404126721304793,0.1273507484610508,-2.960722492352373,-2.2859082236997037,-2.426233541447506,-0.3115992902175589,-0.8872818748066866,-1.818394614448884,-2.466383473416773,-0.714103085887799,-2.3965125748028107,-1.6217130640120858,-2.4967451414587365,-2.3232962503983794,-1.0085638936047046,-0.2168409314139953,-2.2573701433981377,-1.791237831245731,-0.7805864911531513,-1.02455662719201,-3.0245177505120213,-0.7550025265413578,-2.511559811186548,-2.266567997543228,-1.4465535691136449,-1.3441550183792113,-2.5693800121219907,-1.126449506070965,-0.3626349671332353,-0.1136328923550555,-2.512857748210692,-0.4281477183933035,-0.6839129604780075,-1.888674046319384,-1.4200939792589176,-1.5580307897547518,-1.2001156993059516,-2.033299641617456,-1.7359370335466444,-1.366098696772545,0.2285822581557286,-2.505738384512441,-2.558553536360618,-1.916789814839739,-1.169804322879043,-1.7474338345333316,-1.6456436056631862,-2.2920796249004907,-1.2472871674482964,-0.2799996217337765,-1.3801975721436233,0.1903378961486601,-1.406533844202532,-0.974889179305252,-0.3798815464657331,-0.6604336655099299,-1.90112914369704,-2.486659950324741,-2.2358370650400428,-2.540881200615742,-0.7725425884493786,-1.2990200161834538,-2.134277626458161,-2.587620023083372,-1.1348213376619418,-1.5106002853485652,-2.0424017350160724,-3.098798465947399,1.3644466516643192,0.4091298235983839,1.266344244922753,-0.6560217819098133,-1.2893598925356031,1.4812547835011944,-0.0011615531771703,1.6379352100351876,2.074457472666513,1.6144586707720443,2.488526940417857,0.4678373615227321,1.0359149540057389,0.2173947850479379,0.0439190231733514,1.1179750244711784,1.8851226315850615,-0.4791840627062687,-0.2153363165197644,1.56236689146917,2.074273529362136,-0.5965550472760135,0.2445818810053703,-0.3120278023348719,1.9436014459998476,1.279293302409916,0.0987334416426188,-0.1603627587816484,1.469171706289695,-0.277916308803303,0.2632979399941842,-0.349153348138538,0.2105399690233971,0.9787416548036671,2.154958503065265,-0.3981153570910116,0.6385457040257402,1.5431424049199427,0.9022722207240718,-0.8752986918990623,1.5586019096024246,-0.4082095042660438,-0.0724805727158678,0.6485530464953361,0.8775590588715767,-0.2998510311555998,0.9078084319374596,1.5250195114182776,1.9318600762002245,-0.4025024393467176,1.8326912116490115,1.3071748360108395,0.1812041121432972,0.1237428417755715,0.603998809114522,0.7368617209576184,0.1852308859788189,0.3570387547506879,0.7766919911544851,2.6030430146754715,-0.3363076295864187,-0.3955194830427231,0.393174292027694,0.7751122833007894,0.2728395683298515,0.4466473684289809,-0.1847094118778565,0.9535097314972546,1.7062436239512946,0.7548564741798299,2.1554738198880146,0.8428199535411779,1.126156023495442,1.591923204744029,1.5626479733724878,0.2303500428712031,-0.3899495144438878,0.1215368999755132,-0.4532618353137667,1.385430655814217,0.942874777228829,0.0300674723201438,-0.2671745709686658,0.8282457190689005,0.5030711158888717,-0.1226295800399276,-0.9246878135874368,0.2872839402070911,-0.6795747919848887,0.1505234712551667,-1.8483787509148224,-2.628257714826044,0.4169801380305087,-1.3155466676018164,0.4301324287565898,0.8360216294677942,0.1957066982872778,1.1832707639676556,-0.8244993382104631,-0.0121072138497392,-0.8505834632678664,-1.2679900896948768,-0.2028288607483536,0.577730051826508,-1.6762911780921028,-1.2278656479962533,0.4369341974611417,0.9383915897635324,-1.9162235174757016,-1.129455980154492,-1.348362290887942,0.6345754221413755,0.139130009203523,-1.056140450372419,-1.385259802108279,0.1230415148697441,-1.552051598973145,-0.8512675670178532,-1.6868310605402883,-1.1586526739354004,-0.160146435944291,0.908681301475459,-1.5256547014056772,-0.8747406616498283,0.2973880768125109,-0.3900225406246517,-1.9387403824954093,0.2108541193859288,-1.721782355150643,-1.3728687748703503,-0.6019837859969562,-0.4317818042756606,-1.525729794365142,-0.096154144881827,0.4049204843109523,0.7322448818029993,-1.4109353939091442,0.6377816848326532,0.1008201992042604,-1.082077145215827,-0.6024178095241383,-0.624834091313737,-0.4670775620028261,-1.072252368198141,-0.6726662397141254,-0.4293988084335614,1.3812288947153557,-1.6603308240377777,-1.6823799081448556,-0.8413435846225256,-0.3979403698276715,-0.9487320280670848,-0.6549387898705593,-1.205443165870552,-0.1895119166524367,0.4767500002071023,-0.417412180894769,1.013624745716893,-0.5213442814252457,-0.238992665529883,0.480209787752353,0.3856312386957647,-1.0886681024928906,-1.444439943428892,-0.9743387272445878,-1.7867384540139446,0.1907746753807766,-0.3491402585400991,-1.2967300253828935,-1.6884727717550103,-0.4050990023212397,-0.729639707250557,-1.2622919808165878,-2.1298182069479243,-0.3621630526632041,-1.84924748689542,-0.9570377227396338,-2.6644408095421146,-3.5471881718791,-0.5435890205826724,-2.3137787344808887,-0.9630527376853892,-0.5248901847496991,-0.9062121898541572,0.2814986821602487,-1.92691978617892,-0.9196862091313398,-1.7698266928309871,-2.3083176162269656,-1.055271025465588,-0.2969230946627055,-2.8496951405418214,-2.197882740977329,-0.5088905619000574,0.1203106112796657,-3.1801985450810286,-2.4561942544215007,-2.6058855243153967,-0.371307859488305,-1.0466084670040223,-1.963614753086572,-2.5434839639263664,-0.7449703827273515,-2.4643421849865503,-1.7159065033040797,-2.54375471193618,-2.531699880700259,-1.1256675747958038,-0.4143264802943752,-2.3825211719241777,-1.827312764543123,-0.9723814878148672,-1.1302799359299045,-3.2473089162768662,-0.8312521931524278,-2.573561105433844,-2.3144821281654173,-1.5005233613293734,-1.378697090806794,-2.7023489755471752,-1.2119218281715352,-0.4725386802567491,-0.2185143332354635,-2.745955250430525,-0.5456330647178296,-0.7231073087033514,-1.949420805895254,-1.4888605291203834,-1.644821716666475,-1.2830651735389975,-2.104083367490968,-1.8007457021959508,-1.4448767226610086,0.0966025928020254,-2.554817489395685,-2.611821312744285,-2.0496354604691054,-1.277606810990009,-1.800734679376213,-1.806120704670671,-2.5271240326565403,-1.40244231130105,-0.375020482961295,-1.4478521950640229,0.1486351244488083,-1.4364201531432963,-1.0555211056883926,-0.4358099559636495,-0.7846800908333343,-1.933018850125177,-2.732408204972579,-2.3957402884949204,-2.5554099659566,-0.8850504427359843,-1.328783696254633,-2.180183537109342,-2.5990258858072206,-1.1631988981510732,-1.6051347431262015,-2.185555094952894,-3.122018035725401,0.4419702482289199,-0.3359431876088325,0.323778774043876,-1.5775363582072968,-2.312408460202214,0.4312843134192061,-0.8468825515408479,0.5910332173977524,1.0663303582939248,0.6630328980736071,1.5476927626930173,-0.2774857299072891,0.1834190099843925,-0.5124757340198273,-0.7927370831355458,0.1836890690679724,1.0107705243309963,-1.1254478073272782,-1.050854319381836,0.6286423894174212,1.2910388057669406,-1.3636275183725424,-0.6579156401260408,-1.1918306724204113,1.048483724211942,0.3604792523613971,-0.880836969891151,-1.077171990432437,0.6501396436113679,-0.9647364734003618,-0.5058861545952311,-1.270071335846649,-0.7184550329055904,0.0654789723456759,1.172912758045146,-1.269525017343387,-0.3445988568080617,0.6003130537646433,-0.0480974065292777,-1.79694351831259,0.6473412252503946,-1.3538468326338082,-0.9644863931775568,-0.212915429734816,0.019784559357099,-1.151057951135949,-0.053900921121311,0.8521128795065076,0.9355356460620518,-1.1831288451635296,0.829762045709103,0.2990297880272325,-0.6040698546323643,-0.6053299007136592,-0.1780998535924852,-0.0799292431537909,-0.7125047770257956,-0.501003045451317,-0.1931625367644007,1.541110761456991,-1.1812756335950858,-1.2023684880898962,-0.4898789535570196,-0.0540008154251862,-0.5935905976927371,-0.4576316944136323,-0.925451832780524,0.1097459274870695,0.7567937347487754,-0.1947553342165352,1.3563062992878394,0.0462000606239926,0.0665674757947989,0.6928372247925701,0.6299568606711723,-0.7289528477956356,-1.153720651028899,-0.7908673373374953,-1.4616968566548942,0.4235132255039479,0.0710882097398277,-0.8004489233947126,-0.9404828253456928,0.0728980189555532,-0.3101270548563083,-1.1180590734716802,-1.7060417685648432,-0.8433772948641782,-1.4905401312779545,-0.6667139170556297,-2.761283170202385,-3.4584572286934967,-0.77256945657249,-2.108168700056347,-0.4720357641062049,-0.012647332016899,-0.5123496605190745,0.3601361670970532,-1.4461071449142575,-1.1743491692422483,-1.9246642416900408,-2.053795197067716,-1.0298861605353111,-0.2078249537945817,-2.33465871076951,-2.477340845162534,-0.5463316359187225,0.1707717021875564,-2.6251603024796784,-1.93900493016912,-2.138352625130036,-0.2018264730784333,-0.5833827776891573,-2.1551824040911924,-2.38975283059851,-0.6687496940759833,-2.3700950094483346,-1.9027377864525477,-2.474995740263284,-1.9761153195956465,-1.2368637135335927,0.0743750768004392,-2.56421788785346,-1.5142453940506602,-0.5121794957393697,-1.2237245124059504,-2.732700998621868,-0.5790108518105909,-2.5328455650267725,-2.191176044093017,-1.5212352396169908,-1.3336509600951738,-2.390129673248301,-0.9931367684552028,-0.3449047400557899,-0.2114700624966767,-2.2357227032852616,-0.102849818946401,-0.7291636592231241,-1.9095119981077544,-2.1441010256233795,-1.3989349878456794,-1.3359733304287142,-2.110205854929168,-1.76098501354868,-1.314014495658241,0.5628547565901377,-2.444231739300885,-2.509557102625408,-1.7118273710748024,-1.2405756480803491,-1.789647789498531,-1.412013563464763,-2.005814929527099,-1.1583516131713074,-0.4627228592801002,-1.353677356780337,0.040916682647226,-1.267001480549629,-0.9336590110016648,-0.4440543362014062,-0.3498946327659154,-1.9377007928088732,-2.2302347169082277,-1.9624428895631807,-2.489337117668597,-0.5550458638478094,-1.2914618064743846,-2.0565639916006435,-2.2990260681141037,-1.0375222189087794,-1.642600618489277,-2.3916845797575865,-3.055697862919528,-0.4980310176794709,-1.4429050157803818,-0.5669973561486872,-2.5939788122197047,-3.1126617285465783,-0.6119070794660503,-1.866655963892819,-0.2032553060869657,0.2597554813008989,-0.2246133971817208,0.6434460363254948,-1.1539018386283415,-0.9793988904305428,-1.7215384752639409,-1.827568356175797,-0.7166865592638823,-0.0034653225024029,-2.137703656617964,-2.21301293892014,-0.3933652107101866,0.4013339343387152,-2.376488933822582,-1.6090933132645946,-1.980538226015501,0.0513973201304384,-0.4397595700610055,-1.8865307968065852,-2.0841809775278564,-0.3532069900971709,-2.1076533832335977,-1.689437957408315,-2.262874664004779,-1.630826869156674,-0.9433590923710652,0.3244814788021706,-2.3187734496746497,-1.2019282642266116,-0.2522379612975032,-1.0507406465532882,-2.5772503054148905,-0.2987391042145336,-2.332786209266525,-1.9758962410533547,-1.2490625303523408,-1.115218630610456,-2.162635897012751,-0.914719050986924,-0.1434909553202411,0.043620718114193,-2.1000979292294635,0.0414829800112634,-0.3110405710420914,-1.62455350687331,-2.0130334986029923,-1.1928902409677222,-1.1041551642247174,-1.7803142168854176,-1.4993439196174123,-1.1061881855401363,0.7433796520539179,-2.197791113788257,-2.3326794257003134,-1.4874564974562614,-0.9830812011492532,-1.5666347894864594,-1.2719452152021018,-1.838534683962595,-0.932380363912062,-0.3200558597352713,-1.1518949965098004,0.2174381874006561,-0.9690457069916686,-0.6680090983748393,-0.2634764149465819,-0.2100481187504805,-1.7445672124752296,-2.059479527421333,-1.7284373825674333,-2.141102818654656,-0.4557144127054617,-1.0237802073267177,-1.8230620896816745,-2.0561430576719006,-0.8445477805351024,-1.373557012177739,-2.135576252408539,-2.8649996368217385,-0.0754512226352466,-0.9354922437093336,-0.0522619656115238,-2.12111775754351,-2.682346691280189,-0.1543208757127818,-1.4067818576466362,0.2418874905056739,0.7042368871803165,0.2243088487285701,1.1185413218352158,-0.66749378155209,-0.5124523105278842,-1.255632130916162,-1.3659154423944015,-0.2602846197062103,0.4740900560190871,-1.6398221789890788,-1.7605282554557884,0.0847172374195754,0.8422894803412888,-1.8805123372296624,-1.1566106965789442,-1.4874000055051044,0.5082008606244224,0.1469424326927986,-1.4085461977309426,-1.627026752052014,0.1014174982488109,-1.6463146198147345,-1.2235309241343026,-1.7934616851278633,-1.179861956963693,-0.489551713596049,0.7774408539704324,-1.855527049514886,-0.7649823119616088,0.1922420882583919,-0.5757267404549139,-2.0857558628979165,0.1568264573665761,-1.8600505391648492,-1.5010324778160202,-0.7745590755351908,-0.6377059890627339,-1.6994680344436204,-0.4022606262387163,0.3166242751077096,0.4856991519818546,-1.602216451600578,0.6222656881990143,0.1378885641305358,-1.1705931434165402,-1.555607147264869,-0.7239794893151171,-0.6446572547599818,-1.323159991409575,-1.0402613896136612,-0.6338397350396462,1.1901600263038774,-1.7447001752383189,-1.8551240276682173,-1.0265104219905623,-0.516640982028307,-1.1022998858775728,-0.6809485108947313,-1.344709603997277,-0.4709493274357827,0.1649606094069533,-0.6746510361931909,0.6919071743771802,-0.5116841577773954,-0.1936399626443009,0.2124193597887184,0.3707359645986194,-1.2776949935479125,-1.5656592699396503,-1.2705411835379798,-1.70368839655079,0.0620832549401521,-0.5557547689422067,-1.3629144797207433,-1.6062094680506522,-0.3662111832119681,-0.9153742198350984,-1.6537371110557797,-2.387830726406704,-0.511216376864766,-1.148130014643055,-0.2988479545594459,-2.4006592218029827,-3.062713887682736,-0.3932818506359183,-1.7213855336400763,-0.0935658490221084,0.3353789139656064,-0.1203802358871512,0.6963617714037813,-1.1274890957575008,-0.8127813919027833,-1.5699664367522563,-1.6786342162126515,-0.675677536281288,0.121363979490874,-1.9952619574804744,-2.0528623909473915,-0.2268158943506109,0.4684870189610378,-2.280950710522558,-1.5674938804997862,-1.7776632287384395,0.1670659679769027,-0.1196444626696427,-1.764651478964017,-1.997067633138798,-0.3123557312220761,-2.016363768016322,-1.5400319029751386,-2.097039096752181,-1.604226049424054,-0.832550130176572,0.4139564407911409,-2.178270388958573,-1.119142754437168,-0.1695185884264873,-0.86304200527669,-2.381520162106725,-0.2208084575934254,-2.1390580855932653,-1.8237585941038663,-1.192392836227047,-0.9653806194287986,-2.014565670546568,-0.6745594090041191,-0.0405550448147001,0.0701926056361189,-1.895887792911642,0.4058326226442681,-0.3637096920576859,-1.5657302293417137,-1.7533138199372968,-1.1098050482666528,-1.0265676028679531,-1.7116138039423796,-1.3910633167003124,-0.947150942360922,0.9203358665696456,-2.054890589779176,-2.163728534019276,-1.3355496407950365,-0.8997638403074534,-1.469592640218438,-0.9472322356564892,-1.6455354442445076,-0.7825044617875555,-0.1214411822869293,-0.9868172481141864,0.2925407918327452,-0.9093233807251948,-0.7432838913074444,-0.1874224033858606,0.1406993831637144,-1.556757654075018,-1.8701123068069012,-1.5850876786540296,-2.1415030847963905,-0.1851262122491979,-0.9013414813824482,-1.676185083452125,-1.932373326244273,-0.7660694375582646,-1.2794724232306578,-2.023152447122435,-2.684572611941022,2.6209189281223835,1.9841860904225304,2.8331250867707407,0.6655268110393194,-0.1612631853689926,2.7535623739021817,1.2527358850300143,2.794190420677583,3.2823284145843497,2.9141779470826243,3.647378714034775,1.8700323913638013,2.424507781232282,1.5854500538529148,1.2517328084338604,2.405562309807672,3.05986069968619,0.9758929448276394,1.1817358363191457,2.8093020176120853,3.219241028129748,0.6667875460468481,1.3700062863696505,1.1793507736983453,3.16499256525252,2.6853848559704625,1.361549716851938,1.0795108949955845,2.6550500560516106,0.8827122270990706,1.5986340351857429,0.8516988348401007,1.3312955213024196,2.2921457618189187,3.410439759136264,0.9026724868658064,1.8340986879443015,2.858893683613145,2.1847518069644902,0.5610683708663554,2.806511177439682,0.8269553602333262,1.187173531081125,1.927358632189737,2.1285616054977976,0.9717828109178496,2.498791941298828,2.757478919540324,2.992530905484943,1.0660334310872337,3.1385233304305213,2.3813510307163708,1.3750437149898955,1.568336437283506,1.6659379946532284,1.9679897791331895,1.4051759705960627,1.7049091738367683,2.074389957895618,3.8576796471840495,0.9569454066243284,0.8556580939047274,1.6381797788481234,1.973616584146299,1.4791177343244986,1.9162207617707672,1.2965660609392915,2.168854145197425,2.9797878369416333,2.043251181062129,3.398880265862317,1.9405226346617896,2.251502214203261,2.8421017955948376,2.925001667139062,1.4721520011763445,1.1024073583700178,1.3850310785987163,0.741931529110844,2.8819823574067587,2.219170561596255,1.3148570524419605,0.7504514798420496,2.148365479009501,1.8593884810543384,1.150083120515374,0.3383240736143412,0.8823794757282312,0.1606410419221421,0.8943233898405389,-1.1085766927921046,-1.7835404584374703,0.8891523095309708,-0.3489349585224797,1.2441194846261017,1.6882564489176528,1.2765231300245212,2.0540776568235013,0.2523970601995803,0.6857812423078118,0.0955437131809481,-0.2173831163598559,0.7467677912708718,1.6048798404197615,-0.582033860123725,-0.5080934742477565,1.099549692352953,1.603101032884549,-0.7240476930122457,-0.0503625959854275,-0.6438939244931284,1.6495491284815904,0.8495135608270511,-0.3804078861082205,-0.4855152947932566,1.2194517919050256,-0.4645960497093189,0.0652702276968884,-0.7488614380948496,-0.1022015393605625,0.6022944056125407,1.7760270289335869,-0.7148064795723273,0.2910465108320186,1.203010567339632,0.5244608975903733,-1.2368161776234727,1.2639226692115717,-0.8481729103764223,-0.4526190671377972,0.4212487249740317,0.6246783078691591,-0.5726451734119219,0.4736884120248854,1.1496552973242946,1.4724234381123915,-0.6357025915753606,1.2868542678239194,0.6350810939968542,-0.1352610425333904,-0.1552846835136193,0.3547590978436321,0.4876343457720993,-0.1786544392105511,0.0810659283813779,0.4193059529952172,2.182082906735438,-0.6740482257387715,-0.5812967090537493,0.11175070282691,0.3644047325116315,-0.0951262669412627,0.0494400807007178,-0.3679100753040804,0.6958698780729751,1.2380879354507397,0.4083155127902425,2.017508763416602,0.5801502496852228,0.6424016241553235,1.1730305644310954,1.087996399415109,-0.1766703316577192,-0.6042551757892086,-0.1093973738707463,-0.9489573069454792,0.9486672690011244,0.6769767650421202,-0.308349625173563,-0.3457045834130253,0.4015812588565856,0.1951679579725853,-0.6531076239415915,-1.1168534525628415,-0.3383179163361282,-1.069158400482944,-0.3071577827893967,-2.329305065008032,-3.009432332774396,-0.368623802882113,-1.7317690298332302,-0.0533477133557124,0.3949462103005703,-0.0579876315391578,0.8584964699872508,-0.9711627773075896,-0.6972230153115883,-1.485732115093505,-1.6786672846718658,-0.5340212130501276,0.2575998311158951,-1.9656319290986175,-2.07083372067766,-0.0662161664735412,0.6114102775358294,-2.2384832307033857,-1.3977224776745043,-1.81736673650832,0.2222827166754873,-0.2353675356885631,-1.7151190606190492,-1.9340212377950972,-0.1159187495982139,-1.807112758447087,-1.4502138341928796,-2.037238232895074,-1.443681435645674,-0.8345363045081048,0.4828559534156958,-2.114509577110606,-1.0677922597616711,-0.0921273710463053,-0.8077777206679854,-2.428065396302707,-0.114244658850512,-2.097631573313096,-1.8109707453553716,-1.003024926686382,-0.8427407270243114,-2.0172889959480766,-0.6245047845740656,0.0945447701421959,0.2281048322758284,-1.9289700306501796,0.2706308708248587,-0.1978010770953789,-1.328873256665004,-1.6790703065185346,-0.8647078289095884,-0.8645204409740432,-1.6504281983556923,-1.3259818332624915,-0.9456621727700644,0.9242234773059756,-1.98099636196086,-2.021332304013205,-1.3410224707949312,-0.7707210674876817,-1.301087483810554,-1.0941209536320102,-1.6823371947183712,-0.8075841323963375,-0.0670649235933638,-1.0024868752979232,0.5275920673221861,-0.7547124885970029,-0.4758345033583976,0.0849549169701751,-0.0185886318556567,-1.4756469239595098,-1.9048176547518527,-1.5843071252313357,-1.8863668323629836,-0.2375032070127919,-0.7897664332161669,-1.6463345986755091,-1.8151828403477368,-0.5060590750798702,-1.1357334759952575,-1.977688138187006,-2.560006481787328
