0,1,2,3,4,5,6,7,8,9,10,11,12,13,14,15,16,17,18,19,20,21,22,23,24,25,26,27,28,29,30,31,32,33,34,35,36,37,38,39,40,41,42,43,44,45,46,47,48,49,50,51,52,53,54,55,56,57,58,59,60,61,62,63,64,65,66,67,68,69,70,71,72,73,74,75,76,77,78,79,80,81,82,83,84,85,86,87,88,89,90,91,92,93,94,95,96,97,98,99,100,101,102,103,104,105,106,107,108,109,110,111,112,113,114,115,116,117,118,119,120,121,122,123,124,125,126,127,128,129,130,131,132,133,134,135,136,137,138,139,140,141,142,143,144,145,146,147,148,149,150,151,152,153,154,155,156,157,158,159,160,161,162,163,164,165,166,167,168,169,170,171,172,173,174,175,176,177,178,179,180,181,182,183,184,185,186,187,188,189,190,191,192,193,194,195,196,197,198,199,200,201,202,203,204,205,206,207,208,209,210,211,212,213,214,215,216,217,218,219,220,221,222,223,224,225,226,227,228,229,230,231,232,233,234,235,236,237,238,239,240,241,242,243,244,245,246,247,248,249,250,251,252,253,254,255,256,257,258,259,260,261,262,263,264,265,266,267,268,269,270,271,272,273,274,275,276,277,278,279,280,281,282,283,284,285,286,287,288,289,290,291,292,293,294,295,296,297,298,299,300,301,302,303,304,305,306,307,308,309,310,311,312,313,314,315,316,317,318,319,320,321,322,323,324,325,326,327,328,329,330,331,332,333,334,335,336,337,338,339,340,341,342,343,344,345,346,347,348,349,350,351,352,353,354,355,356,357,358,359,360,361,362,363,364,365,366,367,368,369,370,371,372,373,374,375,376,377,378,379,380,381,382,383,384,385,386,387,388,389,390,391,392,393,394,395,396,397,398,399,400,401,402,403,404,405,406,407,408,409,410,411,412,413,414,415,416,417,418,419,420,421,422,423,424,425,426,427,428,429,430,431,432,433,434,435,436,437,438,439,440,441,442,443,444,445,446,447,448,449,450,451,452,453,454,455,456,457,458,459,460,461,462,463,464,465,466,467,468,469,470,471,472,473,474,475,476,477,478,479,480,481,482,483,484,485,486,487,488,489,490,491,492,493,494,495,496,497,498,499,500,501,502,503,504,505,506,507,508,509,510,511,512,513,514,515,516,517,518,519,520,521,522,523,524,525,526,527,528,529,530,531,532,533,534,535,536,537,538,539,540,541,542,543,544,545,546,547,548,549,550,551,552,553,554,555,556,557,558,559,560,561,562,563,564,565,566,567,568,569,570,571,572,573,574,575,576,577,578,579,580,581,582,583,584,585,586,587,588,589,590,591,592,593,594,595,596,597,598,599,600,601,602,603,604,605,606,607,608,609,610,611,612,613,614,615,616,617,618,619,620,621,622,623,624,625,626,627,628,629,630,631,632,633,634,635,636,637,638,639,640,641,642,643,644,645,646,647,648,649,650,651,652,653,654,655,656,657,658,659,660,661,662,663,664,665,666,667,668,669,670,671,672,673,674,675,676,677,678,679,680,681,682,683,684,685,686,687,688,689,690,691,692,693,694,695,696,697,698,699,700,701,702,703,704,705,706,707,708,709,710,711,712,713,714,715,716,717,718,719,720,721,722,723,724,725,726,727,728,729,730,731,732,733,734,735,736,737,738,739,740,741,742,743,744,745,746,747,748,749,750,751,752,753,754,755,756,757,758,759,760,761,762,763,764,765,766,767,768,769,770,771,772,773,774,775,776,777,778,779,780,781,782,783,784,785,786,787,788,789,790,791,792,793,794,795,796,797,798,799,800,801,802,803,804,805,806,807,808,809,810,811,812,813,814,815,816,817,818,819,820,821,822,823,824,825,826,827,828,829,830,831,832,833,834,835,836,837,838,839,840,841,842,843,844,845,846,847,848,849,850,851,852,853,854,855,856,857,858,859,860,861,862,863,864,865,866,867,868,869,870,871,872,873,874,875,876,877,878,879,880,881,882,883,884,885,886,887,888,889,890,891,892,893,894,895,896,897,898,899,900,901,902,903,904,905,906,907,908,909,910,911,912,913,914,915,916,917,918,919,920,921,922,923,924,925,926,927,928,929,930,931,932,933,934,935,936,937,938,939,940,941,942,943,944,945,946,947,948,949,950,951,952,953,954,955,956,957,958,959,960,961,962,963,964,965,966,967,968,969,970,971,972,973,974,975,976,977,978,979,980,981,982,983,984,985,986,987,988,989,990,991,992,993,994,995,996,997,998,999,1000,1001,1002,1003,1004,1005,1006,1007,1008,1009,1010,1011,1012,1013,1014,1015,1016,1017,1018,1019,1020,1021,1022,1023,1024,1025,1026,1027,1028,1029,1030,1031,1032,1033,1034,1035,1036,1037,1038,1039,1040,1041,1042,1043,1044,1045,1046,1047,1048,1049,1050,1051,1052,1053,1054,1055,1056,1057,1058,1059,1060,1061,1062,1063,1064,1065,1066,1067,1068,1069,1070,1071,1072,1073,1074,1075,1076,1077,1078,1079,1080,1081,1082,1083,1084,1085,1086,1087,1088,1089,1090,1091,1092,1093,1094,1095,1096,1097,1098,1099,1100,1101,1102,1103,1104,1105,1106,1107,1108,1109,1110,1111,1112,1113,1114,1115,1116,1117,1118,1119,1120,1121,1122,1123,1124,1125,1126,1127,1128,1129,1130,1131,1132,1133,1134,1135,1136,1137,1138,1139,1140,1141,1142,1143,1144,1145,1146,1147,1148,1149,1150,1151,1152,1153,1154,1155,1156,1157,1158,1159,1160,1161,1162,1163,1164,1165,1166,1167,1168,1169,1170,1171,1172,1173,1174,1175,1176,1177,1178,1179,1180,1181,1182,1183,1184,1185,1186,1187,1188,1189,1190,1191,1192,1193,1194,1195,1196,1197,1198,1199,1200,1201,1202,1203,1204,1205,1206,1207,1208,1209,1210,1211,1212,1213,1214,1215,1216,1217,1218,1219,1220,1221,1222,1223,1224,1225,1226,1227,1228,1229,1230,1231,1232,1233,1234,1235,1236,1237,1238,1239,1240,1241,1242,1243,1244,1245,1246,1247,1248,1249,1250,1251,1252,1253,1254,1255,1256,1257,1258,1259,1260,1261,1262,1263,1264,1265,1266,1267,1268,1269,1270,1271,1272,1273,1274,1275,1276,1277,1278,1279,1280,1281,1282,1283,1284,1285,1286,1287,1288,1289,1290,1291,1292,1293,1294,1295,1296,1297,1298,1299,1300,1301,1302,1303,1304,1305,1306,1307,1308,1309,1310,1311,1312,1313,1314,1315,1316,1317,1318,1319,1320,1321,1322,1323,1324,1325,1326,1327,1328,1329,1330,1331,1332,1333,1334,1335,1336,1337,1338,1339,1340,1341,1342,1343,1344,1345,1346,1347,1348,1349,1350,1351,1352,1353,1354,1355,1356,1357,1358,1359,1360,1361,1362,1363,1364,1365,1366,1367,1368,1369,1370,1371,1372,1373,1374,1375,1376,1377,1378,1379,1380,1381,1382,1383,1384,1385,1386,1387,1388,1389,1390,1391,1392,1393,1394,1395,1396,1397,1398,1399,1400,1401,1402,1403,1404,1405,1406,1407,1408,1409,1410,1411,1412,1413,1414,1415,1416,1417,1418,1419,1420,1421,1422,1423,1424,1425,1426,1427,1428,1429,1430,1431,1432,1433,1434,1435,1436,1437,1438,1439,1440,1441,1442,1443,1444,1445,1446,1447,1448,1449,1450,1451,1452,1453,1454,1455,1456,1457,1458,1459,1460,1461,1462,1463,1464,1465,1466,1467,1468,1469,1470,1471,1472,1473,1474,1475,1476,1477,1478,1479,1480,1481,1482,1483,1484,1485,1486,1487,1488,1489,1490,1491,1492,1493,1494,1495,1496,1497,1498,1499,1500,1501,1502,1503,1504,1505,1506,1507,1508,1509,1510,1511,1512,1513,1514,1515,1516,1517,1518,1519,1520,1521,1522,1523,1524,1525,1526,1527,1528,1529,1530,1531,1532,1533,1534,1535,1536,1537,1538,1539,1540,1541,1542,1543,1544,1545,1546,1547,1548,1549,1550,1551,1552,1553,1554,1555,1556,1557,1558,1559,1560,1561,1562,1563,1564,1565,1566,1567,1568,1569,1570,1571,1572,1573,1574,1575,1576,1577,1578,1579,1580,1581,1582,1583,1584,1585,1586,1587,1588,1589,1590,1591,1592,1593,1594,1595,1596,1597,1598,1599,1600,1601,1602,1603,1604,1605,1606,1607,1608,1609,1610,1611,1612,1613,1614,1615,1616,1617,1618,1619,1620,1621,1622,1623,1624,1625,1626,1627,1628,1629,1630,1631,1632,1633,1634,1635,1636,1637,1638,1639,1640,1641,1642,1643,1644,1645,1646,1647,1648,1649,1650,1651,1652,1653,1654,1655,1656,1657,1658,1659,1660,1661,1662,1663,1664,1665,1666,1667,1668,1669,1670,1671,1672,1673,1674,1675,1676,1677,1678,1679,1680,1681,1682,1683,1684,1685,1686,1687,1688,1689,1690,1691,1692,1693,1694,1695,1696,1697,1698,1699,1700,1701,1702,1703,1704,1705,1706,1707,1708,1709,1710,1711,1712,1713,1714,1715,1716,1717,1718,1719,1720,1721,1722,1723,1724,1725,1726,1727,1728,1729,1730,1731,1732,1733,1734,1735,1736,1737,1738,1739,1740,1741,1742,1743,1744,1745,1746,1747,1748,1749,1750,1751,1752,1753,1754,1755,1756,1757,1758,1759,1760,1761,1762,1763,1764,1765,1766,1767,1768,1769,1770,1771,1772,1773,1774,1775,1776,1777,1778,1779,1780,1781,1782,1783,1784,1785,1786,1787,1788,1789,1790,1791,1792,1793,1794,1795,1796,1797,1798,1799,1800,1801,1802,1803,1804,1805,1806,1807,1808,1809,1810,1811,1812,1813,1814,1815,1816,1817,1818,1819,1820,1821,1822,1823,1824,1825,1826,1827,1828,1829,1830,1831,1832,1833,1834,1835,1836,1837,1838,1839,1840,1841,1842,1843,1844,1845,1846,1847,1848,1849,1850,1851,1852,1853,1854,1855,1856,1857,1858,1859,1860,1861,1862,1863,1864,1865,1866,1867,1868,1869,1870,1871,1872,1873,1874,1875,1876,1877,1878,1879,1880,1881,1882,1883,1884,1885,1886,1887,1888,1889,1890,1891,1892,1893,1894,1895,1896,1897,1898,1899,1900,1901,1902,1903,1904,1905,1906,1907,1908,1909,1910,1911,1912,1913,1914,1915,1916,1917,1918,1919,1920,1921,1922,1923,1924,1925,1926,1927,1928,1929,1930,1931,1932,1933,1934,1935,1936,1937,1938,1939,1940,1941,1942,1943,1944,1945,1946,1947,1948,1949,1950,1951,1952,1953,1954,1955,1956,1957,1958,1959,1960,1961,1962,1963,1964,1965,1966,1967,1968,1969,1970,1971,1972,1973,1974,1975,1976,1977,1978,1979,1980,1981,1982,1983,1984,1985,1986,1987,1988,1989,1990,1991,1992,1993,1994,1995,1996,1997,1998,1999,2000,2001,2002,2003,2004,2005,2006,2007,2008,2009,2010,2011,2012,2013,2014,2015,2016,2017,2018,2019,2020,2021,2022,2023,2024,2025,2026,2027,2028,2029,2030,2031,2032,2033,2034,2035,2036,2037,2038,2039,2040,2041,2042,2043,2044,2045,2046,2047,2048,2049,2050,2051,2052,2053,2054,2055,2056,2057,2058,2059,2060,2061,2062,2063,2064,2065,2066,2067,2068,2069,2070,2071,2072,2073,2074,2075,2076,2077,2078,2079,2080,2081,2082,2083,2084,2085,2086,2087,2088,2089,2090,2091,2092,2093,2094,2095,2096,2097,2098,2099,2100,2101,2102,2103,2104,2105,2106,2107,2108,2109,2110,2111,2112,2113,2114,2115,2116,2117,2118,2119,2120,2121,2122,2123,2124,2125,2126,2127,2128,2129,2130,2131,2132,2133,2134,2135,2136,2137,2138,2139,2140,2141,2142,2143,2144,2145,2146,2147,2148,2149,2150,2151,2152,2153,2154,2155,2156,2157,2158,2159,2160,2161,2162,2163,2164,2165,2166,2167,2168,2169,2170,2171,2172,2173,2174,2175,2176,2177,2178,2179,2180,2181,2182,2183,2184,2185,2186,2187,2188,2189,2190,2191,2192,2193,2194,2195,2196,2197,2198,2199,2200,2201,2202,2203,2204,2205,2206,2207,2208,2209,2210,2211,2212,2213,2214,2215,2216,2217,2218,2219,2220,2221,2222,2223,2224,2225,2226,2227,2228,2229,2230,2231,2232,2233,2234,2235,2236,2237,2238,2239,2240,2241,2242,2243,2244,2245,2246,2247,2248,2249,2250,2251,2252,2253,2254,2255,2256,2257,2258,2259,2260,2261,2262,2263,2264,2265,2266,2267,2268,2269,2270,2271,2272,2273,2274,2275,2276,2277,2278,2279,2280,2281,2282,2283,2284,2285,2286,2287,2288,2289,2290,2291,2292,2293,2294,2295,2296,2297,2298,2299,2300,2301,2302,2303,2304,2305,2306,2307,2308,2309,2310,2311,2312,2313,2314,2315,2316,2317,2318,2319,2320,2321,2322,2323,2324,2325,2326,2327,2328,2329,2330,2331,2332,2333,2334,2335,2336,2337,2338,2339,2340,2341,2342,2343,2344,2345,2346,2347,2348,2349,2350,2351,2352,2353,2354,2355,2356,2357,2358,2359,2360,2361,2362,2363,2364,2365,2366,2367,2368,2369,2370,2371,2372,2373,2374,2375,2376,2377,2378,2379,2380,2381,2382,2383,2384,2385,2386,2387,2388,2389,2390,2391,2392,2393,2394,2395,2396,2397,2398,2399,2400,2401,2402,2403,2404,2405,2406,2407,2408,2409,2410,2411,2412,2413,2414,2415,2416,2417,2418,2419,2420,2421,2422,2423,2424,2425,2426,2427,2428,2429,2430,2431,2432,2433,2434,2435,2436,2437,2438,2439,2440,2441,2442,2443,2444,2445,2446,2447,2448,2449,2450,2451,2452,2453,2454,2455,2456,2457,2458,2459,2460,2461,2462,2463,2464,2465,2466,2467,2468,2469,2470,2471,2472,2473,2474,2475,2476,2477,2478,2479,2480,2481,2482,2483,2484,2485,2486,2487,2488,2489,2490,2491,2492,2493,2494,2495,2496,2497,2498,2499,2500,2501,2502,2503,2504,2505,2506,2507,2508,2509,2510,2511,2512,2513,2514,2515,2516,2517,2518,2519,2520,2521,2522,2523,2524,2525,2526,2527,2528,2529,2530,2531,2532,2533,2534,2535,2536,2537,2538,2539,2540,2541,2542,2543,2544,2545,2546,2547,2548,2549,2550,2551,2552,2553,2554,2555,2556,2557,2558,2559,2560,2561,2562,2563,2564,2565,2566,2567,2568,2569,2570,2571,2572,2573,2574,2575,2576,2577,2578,2579,2580,2581,2582,2583,2584,2585,2586,2587,2588,2589,2590,2591,2592,2593,2594,2595,2596,2597,2598,2599,2600,2601,2602,2603,2604,2605,2606,2607,2608,2609,2610,2611,2612,2613,2614,2615,2616,2617,2618,2619,2620,2621,2622,2623,2624,2625,2626,2627,2628,2629,2630,2631,2632,2633,2634,2635,2636,2637,2638,2639,2640,2641,2642,2643,2644,2645,2646,2647,2648,2649,2650,2651,2652,2653,2654,2655,2656,2657,2658,2659,2660,2661,2662,2663,2664,2665,2666,2667,2668,2669,2670,2671,2672,2673,2674,2675,2676,2677,2678,2679,2680,2681,2682,2683,2684,2685,2686,2687,2688,2689,2690,2691,2692,2693,2694,2695,2696,2697,2698,2699,2700,2701,2702,2703,2704,2705,2706,2707,2708,2709,2710,2711,2712,2713,2714,2715,2716,2717,2718,2719,2720,2721,2722,2723,2724,2725,2726,2727,2728,2729,2730,2731,2732,2733,2734,2735,2736,2737,2738,2739,2740,2741,2742,2743,2744,2745,2746,2747,2748,2749,2750,2751,2752,2753,2754,2755,2756,2757,2758,2759,2760,2761,2762,2763,2764,2765,2766,2767,2768,2769,2770,2771,2772,2773,2774,2775,2776,2777,2778,2779,2780,2781,2782,2783,2784,2785,2786,2787,2788,2789,2790,2791,2792,2793,2794,2795,2796,2797,2798,2799,2800,2801,2802,2803,2804,2805,2806,2807,2808,2809,2810,2811,2812,2813,2814,2815,2816,2817,2818,2819,2820,2821,2822,2823,2824,2825,2826,2827,2828,2829,2830,2831,2832,2833,2834,2835,2836,2837,2838,2839,2840,2841,2842,2843,2844,2845,2846,2847,2848,2849,2850,2851,2852,2853,2854,2855,2856,2857,2858,2859,2860,2861,2862,2863,2864,2865,2866,2867,2868,2869,2870,2871,2872,2873,2874,2875,2876,2877,2878,2879,2880,2881,2882,2883,2884,2885,2886,2887,2888,2889,2890,2891,2892,2893,2894,2895,2896,2897,2898,2899,2900,2901,2902,2903,2904,2905,2906,2907,2908,2909,2910,2911,2912,2913,2914,2915,2916,2917,2918,2919,2920,2921,2922,2923,2924,2925,2926,2927,2928,2929,2930,2931,2932,2933,2934,2935,2936,2937,2938,2939,2940,2941,2942,2943,2944,2945,2946,2947,2948,2949,2950,2951,2952,2953,2954,2955,2956,2957,2958,2959,2960,2961,2962,2963,2964,2965,2966,2967,2968,2969,2970,2971,2972,2973,2974,2975,2976,2977,2978,2979,2980,2981,2982,2983,2984,2985,2986,2987,2988,2989,2990,2991,2992,2993,2994,2995,2996,2997,2998,2999,3000,3001,3002,3003,3004,3005,3006,3007,3008,3009,3010,3011,3012,3013,3014,3015,3016,3017,3018,3019,3020,3021,3022,3023,3024,3025,3026,3027,3028,3029,3030,3031,3032,3033,3034,3035,3036,3037,3038,3039,3040,3041,3042,3043,3044,3045,3046,3047,3048,3049,3050,3051,3052,3053,3054,3055,3056,3057,3058,3059,3060,3061,3062,3063,3064,3065,3066,3067,3068,3069,3070,3071,3072,3073,3074,3075,3076,3077,3078,3079,3080,3081,3082,3083,3084,3085,3086,3087,3088,3089,3090,3091,3092,3093,3094,3095,3096,3097,3098,3099,3100,3101,3102,3103,3104,3105,3106,3107,3108,3109,3110,3111,3112,3113,3114,3115,3116,3117,3118,3119,3120,3121,3122,3123,3124,3125,3126,3127,3128,3129,3130,3131,3132,3133,3134,3135,3136,3137,3138,3139,3140,3141,3142,3143,3144,3145,3146,3147,3148,3149,3150,3151,3152,3153,3154,3155,3156,3157,3158,3159,3160,3161,3162,3163,3164,3165,3166,3167,3168,3169,3170,3171,3172,3173,3174,3175,3176,3177,3178,3179,3180,3181,3182,3183,3184,3185,3186,3187,3188,3189,3190,3191,3192,3193,3194,3195,3196,3197,3198,3199,3200,3201,3202,3203,3204,3205,3206,3207,3208,3209,3210,3211,3212,3213,3214,3215,3216,3217,3218,3219,3220,3221,3222,3223,3224,3225,3226,3227,3228,3229,3230,3231,3232,3233,3234,3235,3236,3237,3238,3239,3240,3241,3242,3243,3244,3245,3246,3247,3248,3249,3250,3251,3252,3253,3254,3255,3256,3257,3258,3259,3260,3261,3262,3263,3264,3265,3266,3267,3268,3269,3270,3271,3272,3273,3274,3275,3276,3277,3278,3279,3280,3281,3282,3283,3284,3285,3286,3287,3288,3289,3290,3291,3292,3293,3294,3295,3296,3297,3298,3299,3300,3301,3302,3303,3304,3305,3306,3307,3308,3309,3310,3311,3312,3313,3314,3315,3316,3317,3318,3319,3320,3321,3322,3323,3324,3325,3326,3327,3328,3329,3330,3331,3332,3333,3334,3335,3336,3337,3338,3339,3340,3341,3342,3343,3344,3345,3346,3347,3348,3349,3350,3351,3352,3353,3354,3355,3356,3357,3358,3359,3360,3361,3362,3363,3364,3365,3366,3367,3368,3369,3370,3371,3372,3373,3374,3375,3376,3377,3378,3379,3380,3381,3382,3383,3384,3385,3386,3387,3388,3389,3390,3391,3392,3393,3394,3395,3396,3397,3398,3399,3400,3401,3402,3403,3404,3405,3406,3407,3408,3409,3410,3411,3412,3413,3414,3415,3416,3417,3418,3419,3420,3421,3422,3423,3424,3425,3426,3427,3428,3429,3430,3431,3432,3433,3434,3435,3436,3437,3438,3439,3440,3441,3442,3443,3444,3445,3446,3447,3448,3449,3450,3451,3452,3453,3454,3455,3456,3457,3458,3459,3460,3461,3462,3463,3464,3465,3466,3467,3468,3469,3470,3471,3472,3473,3474,3475,3476,3477,3478,3479,3480,3481,3482,3483,3484,3485,3486,3487,3488,3489,3490,3491,3492,3493,3494,3495,3496,3497,3498,3499,3500,3501,3502,3503,3504,3505,3506,3507,3508,3509,3510,3511,3512,3513,3514,3515,3516,3517,3518,3519,3520,3521,3522,3523,3524,3525,3526,3527,3528,3529,3530,3531,3532,3533,3534,3535,3536,3537,3538,3539,3540,3541,3542,3543,3544,3545,3546,3547,3548,3549,3550,3551,3552,3553,3554,3555,3556,3557,3558,3559,3560,3561,3562,3563,3564,3565,3566,3567,3568,3569,3570,3571,3572,3573,3574,3575,3576,3577,3578,3579,3580,3581,3582,3583,3584,3585,3586,3587,3588,3589,3590,3591,3592,3593,3594,3595,3596,3597,3598,3599,3600,3601,3602,3603,3604,3605,3606,3607,3608,3609,3610,3611,3612,3613,3614,3615,3616,3617,3618,3619,3620,3621,3622,3623,3624,3625,3626,3627,3628,3629,3630,3631,3632,3633,3634,3635,3636,3637,3638,3639,3640,3641,3642,3643,3644,3645,3646,3647,3648,3649,3650,3651,3652,3653,3654,3655,3656,3657,3658,3659,3660,3661,3662,3663,3664,3665,3666,3667,3668,3669,3670,3671,3672,3673,3674,3675,3676,3677,3678,3679,3680,3681,3682,3683,3684,3685,3686,3687,3688,3689,3690,3691,3692,3693,3694,3695,3696,3697,3698,3699,3700,3701,3702,3703,3704,3705,3706,3707,3708,3709,3710,3711,3712,3713,3714,3715,3716,3717,3718,3719,3720,3721,3722,3723,3724,3725,3726,3727,3728,3729,3730,3731,3732,3733,3734,3735,3736,3737,3738,3739,3740,3741,3742,3743,3744,3745,3746,3747,3748,3749,3750,3751,3752,3753,3754,3755,3756,3757,3758,3759,3760,3761,3762,3763,3764,3765,3766,3767,3768,3769,3770,3771,3772,3773,3774,3775,3776,3777,3778,3779,3780,3781,3782,3783,3784,3785,3786,3787,3788,3789,3790,3791,3792,3793,3794,3795,3796,3797,3798,3799,3800,3801,3802,3803,3804,3805,3806,3807,3808,3809,3810,3811,3812,3813,3814,3815,3816,3817,3818,3819,3820,3821,3822,3823,3824,3825,3826,3827,3828,3829,3830,3831,3832,3833,3834,3835,3836,3837,3838,3839,3840,3841,3842,3843,3844,3845,3846,3847,3848,3849,3850,3851,3852,3853,3854,3855,3856,3857,3858,3859,3860,3861,3862,3863,3864,3865,3866,3867,3868,3869,3870,3871,3872,3873,3874,3875,3876,3877,3878,3879,3880,3881,3882,3883,3884,3885,3886,3887,3888,3889,3890,3891,3892,3893,3894,3895,3896,3897,3898,3899,3900,3901,3902,3903,3904,3905,3906,3907,3908,3909,3910,3911,3912,3913,3914,3915,3916,3917,3918,3919,3920,3921,3922,3923,3924,3925,3926,3927,3928,3929,3930,3931,3932,3933,3934,3935,3936,3937,3938,3939,3940,3941,3942,3943,3944,3945,3946,3947,3948,3949,3950,3951,3952,3953,3954,3955,3956,3957,3958,3959,3960,3961,3962,3963,3964,3965,3966,3967,3968,3969,3970,3971,3972,3973,3974,3975,3976,3977,3978,3979,3980,3981,3982,3983,3984,3985,3986,3987,3988,3989,3990,3991,3992,3993,3994,3995,3996,3997,3998,3999,4000,4001,4002,4003,4004,4005,4006,4007,4008,4009,4010,4011,4012,4013,4014,4015,4016,4017,4018,4019,4020,4021,4022,4023,4024,4025,4026,4027,4028,4029,4030,4031,4032,4033,4034,4035,4036,4037,4038,4039,4040,4041,4042,4043,4044,4045,4046,4047,4048,4049,4050,4051,4052,4053,4054,4055,4056,4057,4058,4059,4060,4061,4062,4063,4064,4065,4066,4067,4068,4069,4070,4071,4072,4073,4074,4075,4076,4077,4078,4079,4080,4081,4082,4083,4084,4085,4086,4087,4088,4089,4090,4091,4092,4093,4094,4095,4096,4097,4098,4099,4100,4101,4102,4103,4104,4105,4106,4107,4108,4109,4110,4111,4112,4113,4114,4115,4116,4117,4118,4119,4120,4121,4122,4123,4124,4125,4126,4127,4128,4129,4130,4131,4132,4133,4134,4135,4136,4137,4138,4139,4140,4141,4142,4143,4144,4145,4146,4147,4148,4149,4150,4151,4152,4153,4154,4155,4156,4157,4158,4159,4160,4161,4162,4163,4164,4165,4166,4167,4168,4169,4170,4171,4172,4173,4174,4175,4176,4177,4178,4179,4180,4181,4182,4183,4184,4185,4186,4187,4188,4189,4190,4191,4192,4193,4194,4195,4196,4197,4198,4199,4200,4201,4202,4203,4204,4205,4206,4207,4208,4209,4210,4211,4212,4213,4214,4215,4216,4217,4218,4219,4220,4221,4222,4223,4224,4225,4226,4227,4228,4229,4230,4231,4232,4233,4234,4235,4236,4237,4238,4239,4240,4241,4242,4243,4244,4245,4246,4247,4248,4249,4250,4251,4252,4253,4254,4255,4256,4257,4258,4259,4260,4261,4262,4263,4264,4265,4266,4267,4268,4269,4270,4271,4272,4273,4274,4275,4276,4277,4278,4279,4280,4281,4282,4283,4284,4285,4286,4287,4288,4289,4290,4291,4292,4293,4294,4295,4296,4297,4298,4299,4300,4301,4302,4303,4304,4305,4306,4307,4308,4309,4310,4311,4312,4313,4314,4315,4316,4317,4318,4319,4320,4321,4322,4323,4324,4325,4326,4327,4328,4329,4330,4331,4332,4333,4334,4335,4336,4337,4338,4339,4340,4341,4342,4343,4344,4345,4346,4347,4348,4349,4350,4351,4352,4353,4354,4355,4356,4357,4358,4359,4360,4361,4362,4363,4364,4365,4366,4367,4368,4369,4370,4371,4372,4373,4374,4375,4376,4377,4378,4379,4380,4381,4382,4383,4384,4385,4386,4387,4388,4389,4390,4391,4392,4393,4394,4395,4396,4397,4398,4399,4400,4401,4402,4403,4404,4405,4406,4407,4408,4409,4410,4411,4412,4413,4414,4415,4416,4417,4418,4419,4420,4421,4422,4423,4424,4425,4426,4427,4428,4429,4430,4431,4432,4433,4434,4435,4436,4437,4438,4439,4440,4441,4442,4443,4444,4445,4446,4447,4448,4449,4450,4451,4452,4453,4454,4455,4456,4457,4458,4459,4460,4461,4462,4463,4464,4465,4466,4467,4468,4469,4470,4471,4472,4473,4474,4475,4476,4477,4478,4479,4480,4481,4482,4483,4484,4485,4486,4487,4488,4489,4490,4491,4492,4493,4494,4495,4496,4497,4498,4499,4500,4501,4502,4503,4504,4505,4506,4507,4508,4509,4510,4511,4512,4513,4514,4515,4516,4517,4518,4519,4520,4521,4522,4523,4524,4525,4526,4527,4528,4529,4530,4531,4532,4533,4534,4535,4536,4537,4538,4539,4540,4541,4542,4543,4544,4545,4546,4547,4548,4549,4550,4551,4552,4553,4554,4555,4556,4557,4558,4559,4560,4561,4562,4563,4564,4565,4566,4567,4568,4569,4570,4571,4572,4573,4574,4575,4576,4577,4578,4579,4580,4581,4582,4583,4584,4585,4586,4587,4588,4589,4590,4591,4592,4593,4594,4595,4596,4597,4598,4599,4600,4601,4602,4603,4604,4605,4606,4607,4608,4609,4610,4611,4612,4613,4614,4615,4616,4617,4618,4619,4620,4621,4622,4623,4624,4625,4626,4627,4628,4629,4630,4631,4632,4633,4634,4635,4636,4637,4638,4639,4640,4641,4642,4643,4644,4645,4646,4647,4648,4649,4650,4651,4652,4653,4654,4655,4656,4657,4658,4659,4660,4661,4662,4663,4664,4665,4666,4667,4668,4669,4670,4671,4672,4673,4674,4675,4676,4677,4678,4679,4680,4681,4682,4683,4684,4685,4686,4687,4688,4689,4690,4691,4692,4693,4694,4695,4696,4697,4698,4699,4700,4701,4702,4703,4704,4705,4706,4707,4708,4709,4710,4711,4712,4713,4714,4715,4716,4717,4718,4719,4720,4721,4722,4723,4724,4725,4726,4727,4728,4729,4730,4731,4732,4733,4734,4735,4736,4737,4738,4739,4740,4741,4742,4743,4744,4745,4746,4747,4748,4749,4750,4751,4752,4753,4754,4755,4756,4757,4758,4759,4760,4761,4762,4763,4764,4765,4766,4767,4768,4769,4770,4771,4772,4773,4774,4775,4776,4777,4778,4779,4780,4781,4782,4783,4784,4785,4786,4787,4788,4789,4790,4791,4792,4793,4794,4795,4796,4797,4798,4799,4800,4801,4802,4803,4804,4805,4806,4807,4808,4809,4810,4811,4812,4813,4814,4815,4816,4817,4818,4819,4820,4821,4822,4823,4824,4825,4826,4827,4828,4829,4830,4831,4832,4833,4834,4835,4836,4837,4838,4839,4840,4841,4842,4843,4844,4845,4846,4847,4848,4849,4850,4851,4852,4853,4854,4855,4856,4857,4858,4859,4860,4861,4862,4863,4864,4865,4866,4867,4868,4869,4870,4871,4872,4873,4874,4875,4876,4877,4878,4879,4880,4881,4882,4883,4884,4885,4886,4887,4888,4889,4890,4891,4892,4893,4894,4895,4896,4897,4898,4899,4900,4901,4902,4903,4904,4905,4906,4907,4908,4909,4910,4911,4912,4913,4914,4915,4916,4917,4918,4919,4920,4921,4922,4923,4924,4925,4926,4927,4928,4929,4930,4931,4932,4933,4934,4935,4936,4937,4938,4939,4940,4941,4942,4943,4944,4945,4946,4947,4948,4949,4950,4951,4952,4953,4954,4955,4956,4957,4958,4959,4960,4961,4962,4963,4964,4965,4966,4967,4968,4969,4970,4971,4972,4973,4974,4975,4976,4977,4978,4979,4980,4981,4982,4983,4984,4985,4986,4987,4988,4989,4990,4991,4992,4993,4994,4995,4996,4997,4998,4999,5000,5001,5002,5003,5004,5005,5006,5007,5008,5009,5010,5011,5012,5013,5014,5015,5016,5017,5018,5019,5020,5021,5022,5023,5024,5025,5026,5027,5028,5029,5030,5031,5032,5033,5034,5035,5036,5037,5038,5039,5040,5041,5042,5043,5044,5045,5046,5047,5048,5049,5050,5051,5052,5053,5054,5055,5056,5057,5058,5059,5060,5061,5062,5063,5064,5065,5066,5067,5068,5069,5070,5071,5072,5073,5074,5075,5076,5077,5078,5079,5080,5081,5082,5083,5084,5085,5086,5087,5088,5089,5090,5091,5092,5093,5094,5095,5096,5097,5098,5099,5100,5101,5102,5103,5104,5105,5106,5107,5108,5109,5110,5111,5112,5113,5114,5115,5116,5117,5118,5119,5120,5121,5122,5123,5124,5125,5126,5127,5128,5129,5130,5131,5132,5133,5134,5135,5136,5137,5138,5139,5140,5141,5142,5143,5144,5145,5146,5147,5148,5149,5150,5151,5152,5153,5154,5155,5156,5157,5158,5159,5160,5161,5162,5163,5164,5165,5166,5167,5168,5169,5170,5171,5172,5173,5174,5175,5176,5177,5178,5179,5180,5181,5182,5183,5184,5185,5186,5187,5188,5189,5190,5191,5192,5193,5194,5195,5196,5197,5198,5199,5200,5201,5202,5203,5204,5205,5206,5207,5208,5209,5210,5211,5212,5213,5214,5215,5216,5217,5218,5219,5220,5221,5222,5223,5224,5225,5226,5227,5228,5229,5230,5231,5232,5233,5234,5235,5236,5237,5238,5239,5240,5241,5242,5243,5244,5245,5246,5247,5248,5249,5250,5251,5252,5253,5254,5255,5256,5257,5258,5259,5260,5261,5262,5263,5264,5265,5266,5267,5268,5269,5270,5271,5272,5273,5274,5275,5276,5277,5278,5279,5280,5281,5282,5283,5284,5285,5286,5287,5288,5289,5290,5291,5292,5293,5294,5295,5296,5297,5298,5299,5300,5301,5302,5303,5304,5305,5306,5307,5308,5309,5310,5311,5312,5313,5314,5315,5316,5317,5318,5319,5320,5321,5322,5323,5324,5325,5326,5327,5328,5329,5330,5331,5332,5333,5334,5335,5336,5337,5338,5339,5340,5341,5342,5343,5344,5345,5346,5347,5348,5349,5350,5351,5352,5353,5354,5355,5356,5357,5358,5359,5360,5361,5362,5363,5364,5365,5366,5367,5368,5369,5370,5371,5372,5373,5374,5375,5376,5377,5378,5379,5380,5381,5382,5383,5384,5385,5386,5387,5388,5389,5390,5391,5392,5393,5394,5395,5396,5397,5398,5399,5400,5401,5402,5403,5404,5405,5406,5407,5408,5409,5410,5411,5412,5413,5414,5415,5416,5417,5418,5419,5420,5421,5422,5423,5424,5425,5426,5427,5428,5429,5430,5431,5432,5433,5434,5435,5436,5437,5438,5439,5440,5441,5442,5443,5444,5445,5446,5447,5448,5449,5450,5451,5452,5453,5454,5455,5456,5457,5458,5459,5460,5461,5462,5463,5464,5465,5466,5467,5468,5469,5470,5471,5472,5473,5474,5475,5476,5477,5478,5479,5480,5481,5482,5483,5484,5485,5486,5487,5488,5489,5490,5491,5492,5493,5494,5495,5496,5497,5498,5499,5500,5501,5502,5503,5504,5505,5506,5507,5508,5509,5510,5511,5512,5513,5514,5515,5516,5517,5518,5519,5520,5521,5522,5523,5524,5525,5526,5527,5528,5529,5530,5531,5532,5533,5534,5535,5536,5537,5538,5539,5540,5541,5542,5543,5544,5545,5546,5547,5548,5549,5550,5551,5552,5553,5554,5555,5556,5557,5558,5559,5560,5561,5562,5563,5564,5565,5566,5567,5568,5569,5570,5571,5572,5573,5574,5575,5576,5577,5578,5579,5580,5581,5582,5583,5584,5585,5586,5587,5588,5589,5590,5591,5592,5593,5594,5595,5596,5597,5598,5599,5600,5601,5602,5603,5604,5605,5606,5607,5608,5609,5610,5611,5612,5613,5614,5615,5616,5617,5618,5619,5620,5621,5622,5623,5624,5625,5626,5627,5628,5629,5630,5631,5632,5633,5634,5635,5636,5637,5638,5639,5640,5641,5642,5643,5644,5645,5646,5647,5648,5649,5650,5651,5652,5653,5654,5655,5656,5657,5658,5659,5660,5661,5662,5663,5664,5665,5666,5667,5668,5669,5670,5671,5672,5673,5674,5675,5676,5677,5678,5679,5680,5681,5682,5683,5684,5685,5686,5687,5688,5689,5690,5691,5692,5693,5694,5695,5696,5697,5698,5699,5700,5701,5702,5703,5704,5705,5706,5707,5708,5709,5710,5711,5712,5713,5714,5715,5716,5717,5718,5719,5720,5721,5722,5723,5724,5725,5726,5727,5728,5729,5730,5731,5732,5733,5734,5735,5736,5737,5738,5739,5740,5741,5742,5743,5744,5745,5746,5747,5748,5749,5750,5751,5752,5753,5754,5755,5756,5757,5758,5759,5760,5761,5762,5763,5764,5765,5766,5767,5768,5769,5770,5771,5772,5773,5774,5775,5776,5777,5778,5779,5780,5781,5782,5783,5784,5785,5786,5787,5788,5789,5790,5791,5792,5793,5794,5795,5796,5797,5798,5799,5800,5801,5802,5803,5804,5805,5806,5807,5808,5809,5810,5811,5812,5813,5814,5815,5816,5817,5818,5819,5820,5821,5822,5823,5824,5825,5826,5827,5828,5829,5830,5831,5832,5833,5834,5835,5836,5837,5838,5839,5840,5841,5842,5843,5844,5845,5846,5847,5848,5849,5850,5851,5852,5853,5854,5855,5856,5857,5858,5859,5860,5861,5862,5863,5864,5865,5866,5867,5868,5869,5870,5871,5872,5873,5874,5875,5876,5877,5878,5879,5880,5881,5882,5883,5884,5885,5886,5887,5888,5889,5890,5891,5892,5893,5894,5895,5896,5897,5898,5899,5900,5901,5902,5903,5904,5905,5906,5907,5908,5909,5910,5911,5912,5913,5914,5915,5916,5917,5918,5919,5920,5921,5922,5923,5924,5925,5926,5927,5928,5929,5930,5931,5932,5933,5934,5935,5936,5937,5938,5939,5940,5941,5942,5943,5944,5945,5946,5947,5948,5949,5950,5951,5952,5953,5954,5955,5956,5957,5958,5959,5960,5961,5962,5963,5964,5965,5966,5967,5968,5969,5970,5971,5972,5973,5974,5975,5976,5977,5978,5979,5980,5981,5982,5983,5984,5985,5986,5987,5988,5989,5990,5991,5992,5993,5994,5995,5996,5997,5998,5999,6000,6001,6002,6003,6004,6005,6006,6007,6008,6009,6010,6011,6012,6013,6014,6015,6016,6017,6018,6019,6020,6021,6022,6023,6024,6025,6026,6027,6028,6029,6030,6031,6032,6033,6034,6035,6036,6037,6038,6039,6040,6041,6042,6043,6044,6045,6046,6047,6048,6049,6050,6051,6052,6053,6054,6055,6056,6057,6058,6059,6060,6061,6062,6063,6064,6065,6066,6067,6068,6069,6070,6071,6072,6073,6074,6075,6076,6077,6078,6079,6080,6081,6082,6083,6084,6085,6086,6087,6088,6089,6090,6091,6092,6093,6094,6095,6096,6097,6098,6099,6100,6101,6102,6103,6104,6105,6106,6107,6108,6109,6110,6111,6112,6113,6114,6115,6116,6117,6118,6119,6120,6121,6122,6123,6124,6125,6126,6127,6128,6129,6130,6131,6132,6133,6134,6135,6136,6137,6138,6139,6140,6141,6142,6143,6144,6145,6146,6147,6148,6149,6150,6151,6152,6153,6154,6155,6156,6157,6158,6159,6160,6161,6162,6163,6164,6165,6166,6167,6168,6169,6170,6171,6172,6173,6174,6175,6176,6177,6178,6179,6180,6181,6182,6183,6184,6185,6186,6187,6188,6189,6190,6191,6192,6193,6194,6195,6196,6197,6198,6199,6200,6201,6202,6203,6204,6205,6206,6207,6208,6209,6210,6211,6212,6213,6214,6215,6216,6217,6218,6219,6220,6221,6222,6223,6224,6225,6226,6227,6228,6229,6230,6231,6232,6233,6234,6235,6236,6237,6238,6239,6240,6241,6242,6243,6244,6245,6246,6247,6248,6249,6250,6251,6252,6253,6254,6255,6256,6257,6258,6259,6260,6261,6262,6263,6264,6265,6266,6267,6268,6269,6270,6271,6272,6273,6274,6275,6276,6277,6278,6279,6280,6281,6282,6283,6284,6285,6286,6287,6288,6289,6290,6291,6292,6293,6294,6295,6296,6297,6298,6299,6300,6301,6302,6303,6304,6305,6306,6307,6308,6309,6310,6311,6312,6313,6314,6315,6316,6317,6318,6319,6320,6321,6322,6323,6324,6325,6326,6327,6328,6329,6330,6331,6332,6333,6334,6335,6336,6337,6338,6339,6340,6341,6342,6343,6344,6345,6346,6347,6348,6349,6350,6351,6352,6353,6354,6355,6356,6357,6358,6359,6360,6361,6362,6363,6364,6365,6366,6367,6368,6369,6370,6371,6372,6373,6374,6375,6376,6377,6378,6379,6380,6381,6382,6383,6384,6385,6386,6387,6388,6389,6390,6391,6392,6393,6394,6395,6396,6397,6398,6399,6400,6401,6402,6403,6404,6405,6406,6407,6408,6409,6410,6411,6412,6413,6414,6415,6416,6417,6418,6419,6420,6421,6422,6423,6424,6425,6426,6427,6428,6429,6430,6431,6432,6433,6434,6435,6436,6437,6438,6439,6440,6441,6442,6443,6444,6445,6446,6447,6448,6449,6450,6451,6452,6453,6454,6455,6456,6457,6458,6459,6460,6461,6462,6463,6464,6465,6466,6467,6468,6469,6470,6471,6472,6473,6474,6475,6476,6477,6478,6479,6480,6481,6482,6483,6484,6485,6486,6487,6488,6489,6490,6491,6492,6493,6494,6495,6496,6497,6498,6499,6500,6501,6502,6503,6504,6505,6506,6507,6508,6509,6510,6511,6512,6513,6514,6515,6516,6517,6518,6519,6520,6521,6522,6523,6524,6525,6526,6527,6528,6529,6530,6531,6532,6533,6534,6535,6536,6537,6538,6539,6540,6541,6542,6543,6544,6545,6546,6547,6548,6549,6550,6551,6552,6553,6554,6555,6556,6557,6558,6559,6560,6561,6562,6563,6564,6565,6566,6567,6568,6569,6570,6571,6572,6573,6574,6575,6576,6577,6578,6579,6580,6581,6582,6583,6584,6585,6586,6587,6588,6589,6590,6591,6592,6593,6594,6595,6596,6597,6598,6599,6600,6601,6602,6603,6604,6605,6606,6607,6608,6609,6610,6611,6612,6613,6614,6615,6616,6617,6618,6619,6620,6621,6622,6623,6624,6625,6626,6627,6628,6629,6630,6631,6632,6633,6634,6635,6636,6637,6638,6639,6640,6641,6642,6643,6644,6645,6646,6647,6648,6649,6650,6651,6652,6653,6654,6655,6656,6657,6658,6659,6660,6661,6662,6663,6664,6665,6666,6667,6668,6669,6670,6671,6672,6673,6674,6675,6676,6677,6678,6679,6680,6681,6682,6683,6684,6685,6686,6687,6688,6689,6690,6691,6692,6693,6694,6695,6696,6697,6698,6699,6700,6701,6702,6703,6704,6705,6706,6707,6708,6709,6710,6711,6712,6713,6714,6715,6716,6717,6718,6719,6720,6721,6722,6723,6724,6725,6726,6727,6728,6729,6730,6731,6732,6733,6734,6735,6736,6737,6738,6739,6740,6741,6742,6743,6744,6745,6746,6747,6748,6749,6750,6751,6752,6753,6754,6755,6756,6757,6758,6759,6760,6761,6762,6763,6764,6765,6766,6767,6768,6769,6770,6771,6772,6773,6774,6775,6776,6777,6778,6779,6780,6781,6782,6783,6784,6785,6786,6787,6788,6789,6790,6791,6792,6793,6794,6795,6796,6797,6798,6799,6800,6801,6802,6803,6804,6805,6806,6807,6808,6809,6810,6811,6812,6813,6814,6815,6816,6817,6818,6819,6820,6821,6822,6823,6824,6825,6826,6827,6828,6829,6830,6831,6832,6833,6834,6835,6836,6837,6838,6839,6840,6841,6842,6843,6844,6845,6846,6847,6848,6849,6850,6851,6852,6853,6854,6855,6856,6857,6858,6859,6860,6861,6862,6863,6864,6865,6866,6867,6868,6869,6870,6871,6872,6873,6874,6875,6876,6877,6878,6879,6880,6881,6882,6883,6884,6885,6886,6887,6888,6889,6890,6891,6892,6893,6894,6895,6896,6897,6898,6899,6900,6901,6902,6903,6904,6905,6906,6907,6908,6909,6910,6911,6912,6913,6914,6915,6916,6917,6918,6919,6920,6921,6922,6923,6924,6925,6926,6927,6928,6929,6930,6931,6932,6933,6934,6935,6936,6937,6938,6939,6940,6941,6942,6943,6944,6945,6946,6947,6948,6949,6950,6951,6952,6953,6954,6955,6956,6957,6958,6959,6960,6961,6962,6963,6964,6965,6966,6967,6968,6969,6970,6971,6972,6973,6974,6975,6976,6977,6978,6979,6980,6981,6982,6983,6984,6985,6986,6987,6988,6989,6990,6991,6992,6993,6994,6995,6996,6997,6998,6999,7000,7001,7002,7003,7004,7005,7006,7007,7008,7009,7010,7011,7012,7013,7014,7015,7016,7017,7018,7019,7020,7021,7022,7023,7024,7025,7026,7027,7028,7029,7030,7031,7032,7033,7034,7035,7036,7037,7038,7039,7040,7041,7042,7043,7044,7045,7046,7047,7048,7049,7050,7051,7052,7053,7054,7055,7056,7057,7058,7059,7060,7061,7062,7063,7064,7065,7066,7067,7068,7069,7070,7071,7072,7073,7074,7075,7076,7077,7078,7079,7080,7081,7082,7083,7084,7085,7086,7087,7088,7089,7090,7091,7092,7093,7094,7095,7096,7097,7098,7099,7100,7101,7102,7103,7104,7105,7106,7107,7108,7109,7110,7111,7112,7113,7114,7115,7116,7117,7118,7119,7120,7121,7122,7123,7124,7125,7126,7127,7128,7129,7130,7131,7132,7133,7134,7135,7136,7137,7138,7139,7140,7141,7142,7143,7144,7145,7146,7147,7148,7149,7150,7151,7152,7153,7154,7155,7156,7157,7158,7159,7160,7161,7162,7163,7164,7165,7166,7167,7168,7169,7170,7171,7172,7173,7174,7175,7176,7177,7178,7179,7180,7181,7182,7183,7184,7185,7186,7187,7188,7189,7190,7191,7192,7193,7194,7195,7196,7197,7198,7199,7200,7201,7202,7203,7204,7205,7206,7207,7208,7209,7210,7211,7212,7213,7214,7215,7216,7217,7218,7219,7220,7221,7222,7223,7224,7225,7226,7227,7228,7229,7230,7231,7232,7233,7234,7235,7236,7237,7238,7239,7240,7241,7242,7243,7244,7245,7246,7247,7248,7249,7250,7251,7252,7253,7254,7255,7256,7257,7258,7259,7260,7261,7262,7263,7264,7265,7266,7267,7268,7269,7270,7271,7272,7273,7274,7275,7276,7277,7278,7279,7280,7281,7282,7283,7284,7285,7286,7287,7288,7289,7290,7291,7292,7293,7294,7295,7296,7297,7298,7299,7300,7301,7302,7303,7304,7305,7306,7307,7308,7309,7310,7311,7312,7313,7314,7315,7316,7317,7318,7319,7320,7321,7322,7323,7324,7325,7326,7327,7328,7329,7330,7331,7332,7333,7334,7335,7336,7337,7338,7339,7340,7341,7342,7343,7344,7345,7346,7347,7348,7349,7350,7351,7352,7353,7354,7355,7356,7357,7358,7359,7360,7361,7362,7363,7364,7365,7366,7367,7368,7369,7370,7371,7372,7373,7374,7375,7376,7377,7378,7379,7380,7381,7382,7383,7384,7385,7386,7387,7388,7389,7390,7391,7392,7393,7394,7395,7396,7397,7398,7399,7400,7401,7402,7403,7404,7405,7406,7407,7408,7409,7410,7411,7412,7413,7414,7415,7416,7417,7418,7419,7420,7421,7422,7423,7424,7425,7426,7427,7428,7429,7430,7431,7432,7433,7434,7435,7436,7437,7438,7439,7440,7441,7442,7443,7444,7445,7446,7447,7448,7449,7450,7451,7452,7453,7454,7455,7456,7457,7458,7459,7460,7461,7462,7463,7464,7465,7466,7467,7468,7469,7470,7471,7472,7473,7474,7475,7476,7477,7478,7479,7480,7481,7482,7483,7484,7485,7486,7487,7488,7489,7490,7491,7492,7493,7494,7495,7496,7497,7498,7499,7500,7501,7502,7503,7504,7505,7506,7507,7508,7509,7510,7511,7512,7513,7514,7515,7516,7517,7518,7519,7520,7521,7522,7523,7524,7525,7526,7527,7528,7529,7530,7531,7532,7533,7534,7535,7536,7537,7538,7539,7540,7541,7542,7543,7544,7545,7546,7547,7548,7549,7550,7551,7552,7553,7554,7555,7556,7557,7558,7559,7560,7561,7562,7563,7564,7565,7566,7567,7568,7569,7570,7571,7572,7573,7574,7575,7576,7577,7578,7579,7580,7581,7582,7583,7584,7585,7586,7587,7588,7589,7590,7591,7592,7593,7594,7595,7596,7597,7598,7599,7600,7601,7602,7603,7604,7605,7606,7607,7608,7609,7610,7611,7612,7613,7614,7615,7616,7617,7618,7619,7620,7621,7622,7623,7624,7625,7626,7627,7628,7629,7630,7631,7632,7633,7634,7635,7636,7637,7638,7639,7640,7641,7642,7643,7644,7645,7646,7647,7648,7649,7650,7651,7652,7653,7654,7655,7656,7657,7658,7659,7660,7661,7662,7663,7664,7665,7666,7667,7668,7669,7670,7671,7672,7673,7674,7675,7676,7677,7678,7679,7680,7681,7682,7683,7684,7685,7686,7687,7688,7689,7690,7691,7692,7693,7694,7695,7696,7697,7698,7699,7700,7701,7702,7703,7704,7705,7706,7707,7708,7709,7710,7711,7712,7713,7714,7715,7716,7717,7718,7719,7720,7721,7722,7723,7724,7725,7726,7727,7728,7729,7730,7731,7732,7733,7734,7735,7736,7737,7738,7739,7740,7741,7742,7743,7744,7745,7746,7747,7748,7749,7750,7751,7752,7753,7754,7755,7756,7757,7758,7759,7760,7761,7762,7763,7764,7765,7766,7767,7768,7769,7770,7771,7772,7773,7774,7775,7776,7777,7778,7779,7780,7781,7782,7783,7784,7785,7786,7787,7788,7789,7790,7791,7792,7793,7794,7795,7796,7797,7798,7799,7800,7801,7802,7803,7804,7805,7806,7807,7808,7809,7810,7811,7812,7813,7814,7815,7816,7817,7818,7819,7820,7821,7822,7823,7824,7825,7826,7827,7828,7829,7830,7831,7832,7833,7834,7835,7836,7837,7838,7839,7840,7841,7842,7843,7844,7845,7846,7847,7848,7849,7850,7851,7852,7853,7854,7855,7856,7857,7858,7859,7860,7861,7862,7863,7864,7865,7866,7867,7868,7869,7870,7871,7872,7873,7874,7875,7876,7877,7878,7879,7880,7881,7882,7883,7884,7885,7886,7887,7888,7889,7890,7891,7892,7893,7894,7895,7896,7897,7898,7899,7900,7901,7902,7903,7904,7905,7906,7907,7908,7909,7910,7911,7912,7913,7914,7915,7916,7917,7918,7919,7920,7921,7922,7923,7924,7925,7926,7927,7928,7929,7930,7931,7932,7933,7934,7935,7936,7937,7938,7939,7940,7941,7942,7943,7944,7945,7946,7947,7948,7949,7950,7951,7952,7953,7954,7955,7956,7957,7958,7959,7960,7961,7962,7963,7964,7965,7966,7967,7968,7969,7970,7971,7972,7973,7974,7975,7976,7977,7978,7979,7980,7981,7982,7983,7984,7985,7986,7987,7988,7989,7990,7991,7992,7993,7994,7995,7996,7997,7998,7999,8000,8001,8002,8003,8004,8005,8006,8007,8008,8009,8010,8011,8012,8013,8014,8015,8016,8017,8018,8019,8020,8021,8022,8023,8024,8025,8026,8027,8028,8029,8030,8031,8032,8033,8034,8035,8036,8037,8038,8039,8040,8041,8042,8043,8044,8045,8046,8047,8048,8049,8050,8051,8052,8053,8054,8055,8056,8057,8058,8059,8060,8061,8062,8063,8064,8065,8066,8067,8068,8069,8070,8071,8072,8073,8074,8075,8076,8077,8078,8079,8080,8081,8082,8083,8084,8085,8086,8087,8088,8089,8090,8091,8092,8093,8094,8095,8096,8097,8098,8099,8100,8101,8102,8103,8104,8105,8106,8107,8108,8109,8110,8111,8112,8113,8114,8115,8116,8117,8118,8119,8120,8121,8122,8123,8124,8125,8126,8127,8128,8129,8130,8131,8132,8133,8134,8135,8136,8137,8138,8139,8140,8141,8142,8143,8144,8145,8146,8147,8148,8149,8150,8151,8152,8153,8154,8155,8156,8157,8158,8159,8160,8161,8162,8163,8164,8165,8166,8167,8168,8169,8170,8171,8172,8173,8174,8175,8176,8177,8178,8179,8180,8181,8182,8183,8184,8185,8186,8187,8188,8189,8190,8191,8192,8193,8194,8195,8196,8197,8198,8199,8200,8201,8202,8203,8204,8205,8206,8207,8208,8209,8210,8211,8212,8213,8214,8215,8216,8217,8218,8219,8220,8221,8222,8223,8224,8225,8226,8227,8228,8229,8230,8231,8232,8233,8234,8235,8236,8237,8238,8239,8240,8241,8242,8243,8244,8245,8246,8247,8248,8249,8250,8251,8252,8253,8254,8255,8256,8257,8258,8259,8260,8261,8262,8263,8264,8265,8266,8267,8268,8269,8270,8271,8272,8273,8274,8275,8276,8277,8278,8279,8280,8281,8282,8283,8284,8285,8286,8287,8288,8289,8290,8291,8292,8293,8294,8295,8296,8297,8298,8299,8300,8301,8302,8303,8304,8305,8306,8307,8308,8309,8310,8311,8312,8313,8314,8315,8316,8317,8318,8319,8320,8321,8322,8323,8324,8325,8326,8327,8328,8329,8330,8331,8332,8333,8334,8335,8336,8337,8338,8339,8340,8341,8342,8343,8344,8345,8346,8347,8348,8349,8350,8351,8352,8353,8354,8355,8356,8357,8358,8359,8360,8361,8362,8363,8364,8365,8366,8367,8368,8369,8370,8371,8372,8373,8374,8375,8376,8377,8378,8379,8380,8381,8382,8383,8384,8385,8386,8387,8388,8389,8390,8391,8392,8393,8394,8395,8396,8397,8398,8399,8400,8401,8402,8403,8404,8405,8406,8407,8408,8409
0.0,0.7748486148335569,0.4940220052578628,0.18530518092759074,-1.6513668055918505,0.45451346397418924,-1.2352970905235452,-2.083989236595028,0.986937527160757,0.850099567252748,0.45925989899865094,1.0033279433489266,0.1372679240720167,-0.6351613136057104,0.27528649106564806,0.4183012913197448,0.29772736011389433,1.0758786104975364,0.8619987905524571,0.3355159210032941,0.515211304327801,-0.19974680539234768,1.0380900496081384,-0.24634068423638134,-1.2061870711937033,0.09401883602205352,0.3179307462021814,0.4640587818804214,-0.06314133718256087,-0.7748486148335569,0.0,-0.28082660957569416,-0.5895434339059662,-2.4262154204254074,-0.3203351508593677,-2.010145705357102,-2.858837851428585,0.21208891232720006,0.07525095241919111,-0.315588715834906,0.22847932851536967,-0.6375806907615402,-1.4100099284392673,-0.49956212376790887,-0.35654732351381213,-0.4771212547196626,0.3010299956639795,0.08715017571890016,-0.43933269383026285,-0.2596373105057559,-0.9745954202259046,0.2632414347745815,-1.0211892990699383,-1.9810356860272602,-0.6808297788115034,-0.4569178686313755,-0.31078983295313556,-0.8379899520161178,-0.4940220052578628,0.28082660957569416,0.0,-0.30871682433027203,-2.1453888108497132,-0.03950854128367354,-1.729319095781408,-2.5780112418528907,0.4929155219028942,0.35607756199488527,-0.034762106259211834,0.5093059380910638,-0.35675408118584606,-1.1291833188635731,-0.2187355141922147,-0.07572071393811797,-0.19629464514396844,0.5818566052396736,0.3679767852945943,-0.1585060842545687,0.021189299069938272,-0.6937688106502105,0.5440680443502757,-0.7403626894942441,-1.700209076451566,-0.40000316923580925,-0.17609125905568135,-0.029963223377441395,-0.5571633424404236,-0.18530518092759074,0.5895434339059662,0.30871682433027203,0.0,-1.8366719865194412,0.2692082830465985,-1.420602271451136,-2.2692944175226186,0.8016323462331663,0.6647943863251573,0.2739547180710602,0.8180227624213359,-0.04803725685557403,-0.8204664945333011,0.08998131013805732,0.23299611039215407,0.1124221791863036,0.8905734295699457,0.6766936096248664,0.15021074007570334,0.3299061234002103,-0.3850519863199384,0.8527848686805477,-0.4316458651639721,-1.391492252121294,-0.09128634490553722,0.13262556527459068,0.27875360095283064,-0.24844651811015162,1.6513668055918505,2.4262154204254074,2.1453888108497132,1.8366719865194412,0.0,2.1058802695660397,0.41606971506830526,-0.43262243100317743,2.6383043327526075,2.5014663728445985,2.1106267045905014,2.654694748940777,1.7886347296638672,1.01620549198614,1.9266532966574985,2.0696680969115953,1.9490941657057448,2.727245416089387,2.5133655961443075,1.9868827265951445,2.1665781099196515,1.4516200001995028,2.689456855199989,1.4050261213554691,0.4451797343981472,1.745385641613904,1.9692975517940319,2.115425587472272,1.5882254684092896,-0.45451346397418924,0.3203351508593677,0.03950854128367354,-0.2692082830465985,-2.1058802695660397,0.0,-1.6898105544977344,-2.538502700569217,0.5324240631865678,0.3955861032785588,0.004746435024461704,0.5488144793747374,-0.3172455399021725,-1.0896747775798996,-0.17922697290854117,-0.03621217265444443,-0.1567861038602949,0.6213651465233472,0.40748532657826786,-0.11899754297089515,0.06069784035361181,-0.6542602693665369,0.5835765856339492,-0.7008541482105706,-1.6607005351678925,-0.3604946279521357,-0.1365827177720078,0.009545317906232142,-0.5176548011567501,1.2352970905235452,2.010145705357102,1.729319095781408,1.420602271451136,-0.41606971506830526,1.6898105544977344,0.0,-0.8486921460714827,2.222234617684302,2.0853966577762932,1.6945569895221961,2.238625033872472,1.372565014595562,0.6001357769178348,1.5105835815891933,1.65359838184329,1.5330244506374395,2.3111757010210816,2.0972958810760023,1.5708130115268393,1.7505083948513462,1.0355502851311975,2.2733871401316836,0.9889564062871639,0.02911001932984192,1.3293159265455987,1.5532278367257266,1.6993558724039666,1.1721557533409843,2.083989236595028,2.858837851428585,2.5780112418528907,2.2692944175226186,0.43262243100317743,2.538502700569217,0.8486921460714827,0.0,3.070926763755785,2.934088803847776,2.543249135593679,3.0873171799439545,2.2212571606670446,1.4488279229893175,2.359275727660676,2.5022905279147727,2.381716596708922,3.1598678470925643,2.945988027147485,2.419505157598322,2.599200540922829,1.8842424312026802,3.1220792862031663,1.8376485523586465,0.8778021654013246,2.1780080726170814,2.4019199827972093,2.5480480184754493,2.020847899412467,-0.986937527160757,-0.21208891232720006,-0.4929155219028942,-0.8016323462331663,-2.6383043327526075,-0.5324240631865678,-2.222234617684302,-3.070926763755785,0.0,-0.13683795990800895,-0.5276776281621061,0.01639041618816961,-0.8496696030887403,-1.6220988407664674,-0.7116510360951089,-0.5686362358410122,-0.6892101670468627,0.08894108333677941,-0.1249387366082999,-0.6514216061574629,-0.47172622283295595,-1.1866843325531047,0.05115252244738144,-1.2332782113971383,-2.1931245983544603,-0.8929186911387035,-0.6690067809585756,-0.5228787452803356,-1.0500788643433179,-0.850099567252748,-0.07525095241919111,-0.35607756199488527,-0.6647943863251573,-2.5014663728445985,-0.3955861032785588,-2.0853966577762932,-2.934088803847776,0.13683795990800895,0.0,-0.3908396682540971,0.15322837609617856,-0.7128316431807313,-1.4852608808584584,-0.5748130761871,-0.43179827593300324,-0.5523722071388537,0.22577904324478837,0.01189922329970905,-0.514583646249454,-0.334888262924947,-1.0498463726450957,0.1879904823553904,-1.0964402514891294,-2.0562866384464513,-0.7560807312306945,-0.5321688210505666,-0.38604078537232667,-0.9132409044353089,-0.45925989899865094,0.315588715834906,0.034762106259211834,-0.2739547180710602,-2.1106267045905014,-0.004746435024461704,-1.6945569895221961,-2.543249135593679,0.5276776281621061,0.3908396682540971,0.0,0.5440680443502757,-0.32199197492663423,-1.0944212126043613,-0.18397340793300287,-0.040958607678906134,-0.1615325388847566,0.6166187114988855,0.40273889155380616,-0.12374397799535686,0.055951405329150106,-0.6590067043909986,0.5788301506094875,-0.7056005832350323,-1.6654469701923542,-0.3652410629765974,-0.14132915279646951,0.004798882881770439,-0.5224012361812118,-1.0033279433489266,-0.22847932851536967,-0.5093059380910638,-0.8180227624213359,-2.654694748940777,-0.5488144793747374,-2.238625033872472,-3.0873171799439545,-0.01639041618816961,-0.15322837609617856,-0.5440680443502757,0.0,-0.8660600192769099,-1.638489256954637,-0.7280414522832785,-0.5850266520291818,-0.7056005832350323,0.0725506671486098,-0.14132915279646951,-0.6678120223456325,-0.48811663902112556,-1.2030747487412743,0.034762106259211834,-1.249668627585308,-2.20951501454263,-0.9093091073268731,-0.6853971971467452,-0.5392691614685052,-1.0664692805314875,-0.1372679240720167,0.6375806907615402,0.35675408118584606,0.04803725685557403,-1.7886347296638672,0.3172455399021725,-1.372565014595562,-2.2212571606670446,0.8496696030887403,0.7128316431807313,0.32199197492663423,0.8660600192769099,0.0,-0.7724292376777271,0.13801856699363135,0.2810333672477281,0.16045943604187762,0.9386106864255197,0.7247308664804404,0.19824799693127737,0.37794338025578433,-0.3370147294643644,0.9008221255361217,-0.38360860830839805,-1.34345499526572,-0.04324908804996319,0.1806628221301647,0.32679085780840467,-0.2004092612545776,0.6351613136057104,1.4100099284392673,1.1291833188635731,0.8204664945333011,-1.01620549198614,1.0896747775798996,-0.6001357769178348,-1.4488279229893175,1.6220988407664674,1.4852608808584584,1.0944212126043613,1.638489256954637,0.7724292376777271,0.0,0.9104478046713584,1.0534626049254552,0.9328886737196047,1.7110399241032468,1.4971601041581675,0.9706772346090045,1.1503726179335114,0.4354145082133627,1.6732513632138488,0.38882062936932904,-0.5710257575879929,0.7291801496277639,0.9530920598078918,1.0992200954861318,0.5720199764231495,-0.27528649106564806,0.49956212376790887,0.2187355141922147,-0.08998131013805732,-1.9266532966574985,0.17922697290854117,-1.5105835815891933,-2.359275727660676,0.7116510360951089,0.5748130761871,0.18397340793300287,0.7280414522832785,-0.13801856699363135,-0.9104478046713584,0.0,0.14301480025409674,0.02244086904824627,0.8005921194318883,0.586712299486809,0.06022942993764602,0.23992481326215298,-0.47503329645799575,0.7628035585424904,-0.5216271753020294,-1.4814735622593513,-0.18126765504359454,0.04264425513653336,0.1887722908147733,-0.33842782824820894,-0.4183012913197448,0.35654732351381213,0.07572071393811797,-0.23299611039215407,-2.0696680969115953,0.03621217265444443,-1.65359838184329,-2.5022905279147727,0.5686362358410122,0.43179827593300324,0.040958607678906134,0.5850266520291818,-0.2810333672477281,-1.0534626049254552,-0.14301480025409674,0.0,-0.12057393120585047,0.6575773191777916,0.4436974992327123,-0.08278537031645072,0.09691001300805624,-0.6180480967120925,0.6197887582883936,-0.6646419755561261,-1.624488362513448,-0.3242824552976913,-0.10037054511756338,0.04575749056067657,-0.4814426285023057,-0.29772736011389433,0.4771212547196626,0.19629464514396844,-0.1124221791863036,-1.9490941657057448,0.1567861038602949,-1.5330244506374395,-2.381716596708922,0.6892101670468627,0.5523722071388537,0.1615325388847566,0.7056005832350323,-0.16045943604187762,-0.9328886737196047,-0.02244086904824627,0.12057393120585047,0.0,0.7781512503836421,0.5642714304385628,0.03778856088939975,0.2174839442139067,-0.497474165506242,0.7403626894942441,-0.5440680443502757,-1.5039144313075976,-0.20370852409184081,0.02020338608828709,0.16633142176652704,-0.3608686972964552,-1.0758786104975364,-0.3010299956639795,-0.5818566052396736,-0.8905734295699457,-2.727245416089387,-0.6213651465233472,-2.3111757010210816,-3.1598678470925643,-0.08894108333677941,-0.22577904324478837,-0.6166187114988855,-0.0725506671486098,-0.9386106864255197,-1.7110399241032468,-0.8005921194318883,-0.6575773191777916,-0.7781512503836421,0.0,-0.21387981994507932,-0.7403626894942423,-0.5606673061697354,-1.275625415889884,-0.03778856088939797,-1.3222192947339177,-2.2820656816912397,-0.9818597744754829,-0.757947864295355,-0.611819828617115,-1.1390199476800973,-0.8619987905524571,-0.08715017571890016,-0.3679767852945943,-0.6766936096248664,-2.5133655961443075,-0.40748532657826786,-2.0972958810760023,-2.945988027147485,0.1249387366082999,-0.01189922329970905,-0.40273889155380616,0.14132915279646951,-0.7247308664804404,-1.4971601041581675,-0.586712299486809,-0.4436974992327123,-0.5642714304385628,0.21387981994507932,0.0,-0.526482869549163,-0.34678748622465605,-1.0617455959448048,0.17609125905568135,-1.1083394747888384,-2.0681858617461604,-0.7679799545304036,-0.5440680443502757,-0.3979400086720357,-0.925140127735018,-0.3355159210032941,0.43933269383026285,0.1585060842545687,-0.15021074007570334,-1.9868827265951445,0.11899754297089515,-1.5708130115268393,-2.419505157598322,0.6514216061574629,0.514583646249454,0.12374397799535686,0.6678120223456325,-0.19824799693127737,-0.9706772346090045,-0.06022942993764602,0.08278537031645072,-0.03778856088939975,0.7403626894942423,0.526482869549163,0.0,0.17969538332450696,-0.5352627263956418,0.7025741286048444,-0.5818566052396754,-1.5417029921969974,-0.24149708498124056,-0.017585174801112657,0.1285428608771273,-0.39865725818585496,-0.515211304327801,0.2596373105057559,-0.021189299069938272,-0.3299061234002103,-2.1665781099196515,-0.06069784035361181,-1.7505083948513462,-2.599200540922829,0.47172622283295595,0.334888262924947,-0.055951405329150106,0.48811663902112556,-0.37794338025578433,-1.1503726179335114,-0.23992481326215298,-0.09691001300805624,-0.2174839442139067,0.5606673061697354,0.34678748622465605,-0.17969538332450696,0.0,-0.7149581097201487,0.5228787452803374,-0.7615519885641824,-1.7213983755215043,-0.4211924683057475,-0.19728055812561962,-0.05115252244737967,-0.5783526415103619,0.19974680539234768,0.9745954202259046,0.6937688106502105,0.3850519863199384,-1.4516200001995028,0.6542602693665369,-1.0355502851311975,-1.8842424312026802,1.1866843325531047,1.0498463726450957,0.6590067043909986,1.2030747487412743,0.3370147294643644,-0.4354145082133627,0.47503329645799575,0.6180480967120925,0.497474165506242,1.275625415889884,1.0617455959448048,0.5352627263956418,0.7149581097201487,0.0,1.2378368550004861,-0.046593878844033654,-1.0064402658013556,0.2937656414144012,0.5176775515945291,0.6638055872727691,0.1366054682097868,-1.0380900496081384,-0.2632414347745815,-0.5440680443502757,-0.8527848686805477,-2.689456855199989,-0.5835765856339492,-2.2733871401316836,-3.1220792862031663,-0.05115252244738144,-0.1879904823553904,-0.5788301506094875,-0.034762106259211834,-0.9008221255361217,-1.6732513632138488,-0.7628035585424904,-0.6197887582883936,-0.7403626894942441,0.03778856088939797,-0.17609125905568135,-0.7025741286048444,-0.5228787452803374,-1.2378368550004861,0.0,-1.2844307338445198,-2.2442771208018417,-0.9440712135860849,-0.720159303405957,-0.5740312677277171,-1.1012313867906993,0.24634068423638134,1.0211892990699383,0.7403626894942441,0.4316458651639721,-1.4050261213554691,0.7008541482105706,-0.9889564062871639,-1.8376485523586465,1.2332782113971383,1.0964402514891294,0.7056005832350323,1.249668627585308,0.38360860830839805,-0.38882062936932904,0.5216271753020294,0.6646419755561261,0.5440680443502757,1.3222192947339177,1.1083394747888384,0.5818566052396754,0.7615519885641824,0.046593878844033654,1.2844307338445198,0.0,-0.9598463869573219,0.34035952025843486,0.5642714304385628,0.7103994661168027,0.18319934705382046,1.2061870711937033,1.9810356860272602,1.700209076451566,1.391492252121294,-0.4451797343981472,1.6607005351678925,-0.02911001932984192,-0.8778021654013246,2.1931245983544603,2.0562866384464513,1.6654469701923542,2.20951501454263,1.34345499526572,0.5710257575879929,1.4814735622593513,1.624488362513448,1.5039144313075976,2.2820656816912397,2.0681858617461604,1.5417029921969974,1.7213983755215043,1.0064402658013556,2.2442771208018417,0.9598463869573219,0.0,1.3002059072157568,1.5241178173958847,1.6702458530741247,1.1430457340111424,-0.09401883602205352,0.6808297788115034,0.40000316923580925,0.09128634490553722,-1.745385641613904,0.3604946279521357,-1.3293159265455987,-2.1780080726170814,0.8929186911387035,0.7560807312306945,0.3652410629765974,0.9093091073268731,0.04324908804996319,-0.7291801496277639,0.18126765504359454,0.3242824552976913,0.20370852409184081,0.9818597744754829,0.7679799545304036,0.24149708498124056,0.4211924683057475,-0.2937656414144012,0.9440712135860849,-0.34035952025843486,-1.3002059072157568,0.0,0.2239119101801279,0.37003994585836786,-0.1571601732046144,-0.3179307462021814,0.4569178686313755,0.17609125905568135,-0.13262556527459068,-1.9692975517940319,0.1365827177720078,-1.5532278367257266,-2.4019199827972093,0.6690067809585756,0.5321688210505666,0.14132915279646951,0.6853971971467452,-0.1806628221301647,-0.9530920598078918,-0.04264425513653336,0.10037054511756338,-0.02020338608828709,0.757947864295355,0.5440680443502757,0.017585174801112657,0.19728055812561962,-0.5176775515945291,0.720159303405957,-0.5642714304385628,-1.5241178173958847,-0.2239119101801279,0.0,0.14612803567823995,-0.3810720833847423,-0.4640587818804214,0.31078983295313556,0.029963223377441395,-0.27875360095283064,-2.115425587472272,-0.009545317906232142,-1.6993558724039666,-2.5480480184754493,0.5228787452803356,0.38604078537232667,-0.004798882881770439,0.5392691614685052,-0.32679085780840467,-1.0992200954861318,-0.1887722908147733,-0.04575749056067657,-0.16633142176652704,0.611819828617115,0.3979400086720357,-0.1285428608771273,0.05115252244737967,-0.6638055872727691,0.5740312677277171,-0.7103994661168027,-1.6702458530741247,-0.37003994585836786,-0.14612803567823995,0.0,-0.5272001190629823,0.06314133718256087,0.8379899520161178,0.5571633424404236,0.24844651811015162,-1.5882254684092896,0.5176548011567501,-1.1721557533409843,-2.020847899412467,1.0500788643433179,0.9132409044353089,0.5224012361812118,1.0664692805314875,0.2004092612545776,-0.5720199764231495,0.33842782824820894,0.4814426285023057,0.3608686972964552,1.1390199476800973,0.925140127735018,0.39865725818585496,0.5783526415103619,-0.1366054682097868,1.1012313867906993,-0.18319934705382046,-1.1430457340111424,0.1571601732046144,0.3810720833847423,0.5272001190629823,0.0,0.0,1.081280305145473,0.23690428438630207,0.3792908600356757,0.811658773733118,1.223387066890787,1.0335075233494724,0.7557073684039661,0.8727639561349445,1.4475770323220445,1.52441706255477,1.413718765061077,0.8604427189239789,-0.2830743200206651,1.2997754127542418,1.7370251554362124,0.5343361278867356,0.8171216694346164,1.0567373640679474,1.1407174929973412,1.510628778069135,1.230448921378274,1.2449267447468966,0.30906097405228294,1.3625662426136973,0.36741874540810926,1.65405092037145,0.4692360929109096,1.413718765061077,-1.081280305145473,0.0,-0.8443760207591708,-0.7019894451097972,-0.2696215314123549,0.142106761745314,-0.04777278179600053,-0.3255729367415068,-0.2085163490105284,0.3662967271765716,0.44313675740929703,0.33243845991560406,-0.22083758622149396,-1.364354625166138,0.2184951076087689,0.6557448502907395,-0.5469441772587373,-0.2641586357108565,-0.024542941077525526,0.059437187851868245,0.4293484729236621,0.1491686162328012,0.16364643960142367,-0.77221933109319,0.2812859374682244,-0.7138615597373636,0.572770615225977,-0.6120442122345633,0.33243845991560406,-0.23690428438630207,0.8443760207591708,0.0,0.14238657564937363,0.5747544893468159,0.9864827825044848,0.7966032389631703,0.5188030840176641,0.6358596717486424,1.2106727479357424,1.2875127781684679,1.176814480674775,0.6235384345376769,-0.5199786044069672,1.0628711283679397,1.5001208710499103,0.2974318435004335,0.5802173850483143,0.8198330796816453,0.9038132086110391,1.273724493682833,0.993544636991972,1.0080224603605945,0.07215668966598088,1.1256619582273952,0.1305144610218072,1.417146635985148,0.23233180852460755,1.176814480674775,-0.3792908600356757,0.7019894451097972,-0.14238657564937363,0.0,0.4323679136974423,0.8440962068551112,0.6542166633137967,0.37641650836829044,0.4934730960992688,1.0682861722863688,1.1451262025190942,1.0344279050254013,0.48115185888830325,-0.6623651800563408,0.9204845527185661,1.3577342954005367,0.15504526785105988,0.4378308093989407,0.6774465040322717,0.7614266329616655,1.1313379180334593,0.8511580613425984,0.8656358847112209,-0.07022988598339275,0.9832753825780216,-0.011872114627566432,1.2747600603357743,0.08994523287523393,1.0344279050254013,-0.811658773733118,0.2696215314123549,-0.5747544893468159,-0.4323679136974423,0.0,0.4117282931576689,0.22184874961635437,-0.05595140532915188,0.0611051824018265,0.6359182585889265,0.7127582888216519,0.602059991327959,0.04878394519086093,-1.0947330937537831,0.4881166390211238,0.9253663817030944,-0.27732264584638244,0.0054628957014983826,0.24507859033482937,0.32905871926422314,0.698970004336017,0.4187901476451561,0.43326797101377856,-0.5025977996808351,0.5509074688805793,-0.44424002832500875,0.842392146638332,-0.3424226808222084,0.602059991327959,-1.223387066890787,-0.142106761745314,-0.9864827825044848,-0.8440962068551112,-0.4117282931576689,0.0,-0.18987954354131453,-0.4676796984868208,-0.3506231107558424,0.22418996543125758,0.30102999566398303,0.19033169817029005,-0.36294434796680797,-1.506461386911452,0.07638834586345489,0.5136380885454255,-0.6890509390040513,-0.4062653974561705,-0.16664970282283953,-0.08266957389344576,0.28724171117834807,0.007061854487487196,0.021539677856109662,-0.914326092838504,0.1391791757229104,-0.8559683214826777,0.43066385348066305,-0.7541509739798773,0.19033169817029005,-1.0335075233494724,0.04777278179600053,-0.7966032389631703,-0.6542166633137967,-0.22184874961635437,0.18987954354131453,0.0,-0.27780015494550625,-0.16074356721452787,0.4140695089725721,0.49090953920529756,0.3802112417116046,-0.17306480442549343,-1.3165818433701375,0.2662678894047694,0.70351763208674,-0.4991713954627368,-0.21638585391485599,0.023229840718475003,0.10720996964786877,0.4771212547196626,0.19694139802880173,0.2114192213974242,-0.7244465492971894,0.3290587192642249,-0.6660887779413631,0.6205433970219776,-0.5642714304385628,0.3802112417116046,-0.7557073684039661,0.3255729367415068,-0.5188030840176641,-0.37641650836829044,0.05595140532915188,0.4676796984868208,0.27780015494550625,0.0,0.11705658773097838,0.6918696639180784,0.7687096941508038,0.6580113966571108,0.10473535052001282,-1.0387816884246313,0.5440680443502757,0.9813177870322463,-0.22137124051723056,0.061414301030650265,0.30102999566398125,0.385010124593375,0.7549214096651689,0.474741552974308,0.48921937634293045,-0.4466463943516832,0.6068588742097312,-0.38828862299585687,0.8983435519674838,-0.2864712754930565,0.6580113966571108,-0.8727639561349445,0.2085163490105284,-0.6358596717486424,-0.4934730960992688,-0.0611051824018265,0.3506231107558424,0.16074356721452787,-0.11705658773097838,0.0,0.5748130761871,0.6516531064198254,0.5409548089261325,-0.012321237210965563,-1.1558382761556096,0.4270114566192973,0.8642611993012679,-0.33842782824820894,-0.055642286700328114,0.18397340793300287,0.26795353686239665,0.6378648219341905,0.3576849652433296,0.37216278861195207,-0.5637029820826616,0.4898022864787528,-0.5053452107268352,0.7812869642365055,-0.4035278632240349,0.5409548089261325,-1.4475770323220445,-0.3662967271765716,-1.2106727479357424,-1.0682861722863688,-0.6359182585889265,-0.22418996543125758,-0.4140695089725721,-0.6918696639180784,-0.5748130761871,0.0,0.07684003023272545,-0.03385826726096752,-0.5871343133980655,-1.7306513523427096,-0.1478016195678027,0.2894481231141679,-0.9132409044353089,-0.6304553628874281,-0.3908396682540971,-0.30685953932470333,0.06305174574709049,-0.21712811094377038,-0.2026502875751479,-1.1385160582697615,-0.08501078970834719,-1.0801582869139352,0.20647388804940547,-0.9783409394111349,-0.03385826726096752,-1.52441706255477,-0.44313675740929703,-1.2875127781684679,-1.1451262025190942,-0.7127582888216519,-0.30102999566398303,-0.49090953920529756,-0.7687096941508038,-0.6516531064198254,-0.07684003023272545,0.0,-0.11069829749369298,-0.663974343630791,-1.807491382575435,-0.22464164980052814,0.21260809288144245,-0.9900809346680344,-0.7072953931201535,-0.46767969848682256,-0.3836995695574288,-0.01378828448563496,-0.29396814117649583,-0.27949031780787337,-1.215356088502487,-0.16185081994107264,-1.1569983171466607,0.12963385781668002,-1.0551809696438603,-0.11069829749369298,-1.413718765061077,-0.33243845991560406,-1.176814480674775,-1.0344279050254013,-0.602059991327959,-0.19033169817029005,-0.3802112417116046,-0.6580113966571108,-0.5409548089261325,0.03385826726096752,0.11069829749369298,0.0,-0.553276046137098,-1.696793085081742,-0.11394335230683517,0.3233063903751354,-0.8793826371743414,-0.5965970956264606,-0.3569814009931296,-0.2730012720637358,0.09691001300805802,-0.18326984368280286,-0.1687920203141804,-1.104657791008794,-0.05115252244737967,-1.0463000196529677,0.240332155310373,-0.9444826721501673,0.0,-0.8604427189239789,0.22083758622149396,-0.6235384345376769,-0.48115185888830325,-0.04878394519086093,0.36294434796680797,0.17306480442549343,-0.10473535052001282,0.012321237210965563,0.5871343133980655,0.663974343630791,0.553276046137098,0.0,-1.143517038944644,0.43933269383026285,0.8765824365122334,-0.3261065910372434,-0.04332104948936255,0.19629464514396844,0.2802747740733622,0.650186059145156,0.37000620245429516,0.38448402582291763,-0.551381744871696,0.5021235236897184,-0.4930239735158697,0.793608201447471,-0.3912066260130693,0.553276046137098,0.2830743200206651,1.364354625166138,0.5199786044069672,0.6623651800563408,1.0947330937537831,1.506461386911452,1.3165818433701375,1.0387816884246313,1.1558382761556096,1.7306513523427096,1.807491382575435,1.696793085081742,1.143517038944644,0.0,1.582849732774907,2.0200994754568775,0.8174104479074007,1.1001959894552815,1.3398116840886125,1.4237918130180063,1.7937030980898,1.5135232413989392,1.5280010647675617,0.5921352940729481,1.6456405626343624,0.6504930654287744,1.937125240392115,0.7523104129315747,1.696793085081742,-1.2997754127542418,-0.2184951076087689,-1.0628711283679397,-0.9204845527185661,-0.4881166390211238,-0.07638834586345489,-0.2662678894047694,-0.5440680443502757,-0.4270114566192973,0.1478016195678027,0.22464164980052814,0.11394335230683517,-0.43933269383026285,-1.582849732774907,0.0,0.4372497426819706,-0.7654392848675062,-0.4826537433196254,-0.24303804868629442,-0.15905791975690065,0.21085336531489318,-0.06932649137596769,-0.054848668007345225,-0.9907144387019589,0.0627908298594555,-0.9323566673461325,0.35427550761720816,-0.8305393198433322,0.11394335230683517,-1.7370251554362124,-0.6557448502907395,-1.5001208710499103,-1.3577342954005367,-0.9253663817030944,-0.5136380885454255,-0.70351763208674,-0.9813177870322463,-0.8642611993012679,-0.2894481231141679,-0.21260809288144245,-0.3233063903751354,-0.8765824365122334,-2.0200994754568775,-0.4372497426819706,0.0,-1.2026890275494768,-0.919903486001596,-0.680287791368265,-0.5963076624388712,-0.2263963773670774,-0.5065762340579383,-0.4920984106893158,-1.4279641813839294,-0.3744589128225151,-1.3696064100281031,-0.08297423506476242,-1.2677890625253028,-0.3233063903751354,-0.5343361278867356,0.5469441772587373,-0.2974318435004335,-0.15504526785105988,0.27732264584638244,0.6890509390040513,0.4991713954627368,0.22137124051723056,0.33842782824820894,0.9132409044353089,0.9900809346680344,0.8793826371743414,0.3261065910372434,-0.8174104479074007,0.7654392848675062,1.2026890275494768,0.0,0.2827855415478808,0.5224012361812118,0.6063813651106056,0.9762926501823994,0.6961127934915385,0.710590616860161,-0.22527515383445262,0.8282301147269617,-0.1669173824786263,1.1197147924847144,-0.06510003497582595,0.8793826371743414,-0.8171216694346164,0.2641586357108565,-0.5802173850483143,-0.4378308093989407,-0.0054628957014983826,0.4062653974561705,0.21638585391485599,-0.061414301030650265,0.055642286700328114,0.6304553628874281,0.7072953931201535,0.5965970956264606,0.04332104948936255,-1.1001959894552815,0.4826537433196254,0.919903486001596,-0.2827855415478808,0.0,0.239615694633331,0.32359582356272476,0.6935071086345186,0.4133272519436577,0.4278050753122802,-0.5080606953823334,0.5454445731790809,-0.44970292402650713,0.8369292509368336,-0.3478855765237068,0.5965970956264606,-1.0567373640679474,0.024542941077525526,-0.8198330796816453,-0.6774465040322717,-0.24507859033482937,0.16664970282283953,-0.023229840718475003,-0.30102999566398125,-0.18397340793300287,0.3908396682540971,0.46767969848682256,0.3569814009931296,-0.19629464514396844,-1.3398116840886125,0.24303804868629442,0.680287791368265,-0.5224012361812118,-0.239615694633331,0.0,0.08398012892939377,0.4538914140011876,0.17371155731032673,0.1881893806789492,-0.7476763900156644,0.3058288785457499,-0.6893186186598381,0.5973135563035026,-0.5875012711570378,0.3569814009931296,-1.1407174929973412,-0.059437187851868245,-0.9038132086110391,-0.7614266329616655,-0.32905871926422314,0.08266957389344576,-0.10720996964786877,-0.385010124593375,-0.26795353686239665,0.30685953932470333,0.3836995695574288,0.2730012720637358,-0.2802747740733622,-1.4237918130180063,0.15905791975690065,0.5963076624388712,-0.6063813651106056,-0.32359582356272476,-0.08398012892939377,0.0,0.3699112850717938,0.08973142838093295,0.10420925174955542,-0.8316565189450582,0.22184874961635614,-0.7732987475892319,0.5133334273741088,-0.6714814000864315,0.2730012720637358,-1.510628778069135,-0.4293484729236621,-1.273724493682833,-1.1313379180334593,-0.698970004336017,-0.28724171117834807,-0.4771212547196626,-0.7549214096651689,-0.6378648219341905,-0.06305174574709049,0.01378828448563496,-0.09691001300805802,-0.650186059145156,-1.7937030980898,-0.21085336531489318,0.2263963773670774,-0.9762926501823994,-0.6935071086345186,-0.4538914140011876,-0.3699112850717938,0.0,-0.2801798566908609,-0.2657020333222384,-1.201567804016852,-0.14806253545543768,-1.1432100326610257,0.14342214230231498,-1.0413926851582254,-0.09691001300805802,-1.230448921378274,-0.1491686162328012,-0.993544636991972,-0.8511580613425984,-0.4187901476451561,-0.007061854487487196,-0.19694139802880173,-0.474741552974308,-0.3576849652433296,0.21712811094377038,0.29396814117649583,0.18326984368280286,-0.37000620245429516,-1.5135232413989392,0.06932649137596769,0.5065762340579383,-0.6961127934915385,-0.4133272519436577,-0.17371155731032673,-0.08973142838093295,0.2801798566908609,0.0,0.014477823368622467,-0.9213879473259912,0.1321173212354232,-0.8630301759701648,0.42360199899317585,-0.7612128284673645,0.18326984368280286,-1.2449267447468966,-0.16364643960142367,-1.0080224603605945,-0.8656358847112209,-0.43326797101377856,-0.021539677856109662,-0.2114192213974242,-0.48921937634293045,-0.37216278861195207,0.2026502875751479,0.27949031780787337,0.1687920203141804,-0.38448402582291763,-1.5280010647675617,0.054848668007345225,0.4920984106893158,-0.710590616860161,-0.4278050753122802,-0.1881893806789492,-0.10420925174955542,0.2657020333222384,-0.014477823368622467,0.0,-0.9358657706946136,0.11763949786680072,-0.8775079993387873,0.4091241756245534,-0.775690651835987,0.1687920203141804,-0.30906097405228294,0.77221933109319,-0.07215668966598088,0.07022988598339275,0.5025977996808351,0.914326092838504,0.7244465492971894,0.4466463943516832,0.5637029820826616,1.1385160582697615,1.215356088502487,1.104657791008794,0.551381744871696,-0.5921352940729481,0.9907144387019589,1.4279641813839294,0.22527515383445262,0.5080606953823334,0.7476763900156644,0.8316565189450582,1.201567804016852,0.9213879473259912,0.9358657706946136,0.0,1.0535052685614144,0.058357771355826316,1.344989946319167,0.16017511885862667,1.104657791008794,-1.3625662426136973,-0.2812859374682244,-1.1256619582273952,-0.9832753825780216,-0.5509074688805793,-0.1391791757229104,-0.3290587192642249,-0.6068588742097312,-0.4898022864787528,0.08501078970834719,0.16185081994107264,0.05115252244737967,-0.5021235236897184,-1.6456405626343624,-0.0627908298594555,0.3744589128225151,-0.8282301147269617,-0.5454445731790809,-0.3058288785457499,-0.22184874961635614,0.14806253545543768,-0.1321173212354232,-0.11763949786680072,-1.0535052685614144,0.0,-0.995147497205588,0.29148467775775266,-0.8933301497027877,0.05115252244737967,-0.36741874540810926,0.7138615597373636,-0.1305144610218072,0.011872114627566432,0.44424002832500875,0.8559683214826777,0.6660887779413631,0.38828862299585687,0.5053452107268352,1.0801582869139352,1.1569983171466607,1.0463000196529677,0.4930239735158697,-0.6504930654287744,0.9323566673461325,1.3696064100281031,0.1669173824786263,0.44970292402650713,0.6893186186598381,0.7732987475892319,1.1432100326610257,0.8630301759701648,0.8775079993387873,-0.058357771355826316,0.995147497205588,0.0,1.2866321749633407,0.10181734750280036,1.0463000196529677,-1.65405092037145,-0.572770615225977,-1.417146635985148,-1.2747600603357743,-0.842392146638332,-0.43066385348066305,-0.6205433970219776,-0.8983435519674838,-0.7812869642365055,-0.20647388804940547,-0.12963385781668002,-0.240332155310373,-0.793608201447471,-1.937125240392115,-0.35427550761720816,0.08297423506476242,-1.1197147924847144,-0.8369292509368336,-0.5973135563035026,-0.5133334273741088,-0.14342214230231498,-0.42360199899317585,-0.4091241756245534,-1.344989946319167,-0.29148467775775266,-1.2866321749633407,0.0,-1.1848148274605403,-0.240332155310373,-0.4692360929109096,0.6120442122345633,-0.23233180852460755,-0.08994523287523393,0.3424226808222084,0.7541509739798773,0.5642714304385628,0.2864712754930565,0.4035278632240349,0.9783409394111349,1.0551809696438603,0.9444826721501673,0.3912066260130693,-0.7523104129315747,0.8305393198433322,1.2677890625253028,0.06510003497582595,0.3478855765237068,0.5875012711570378,0.6714814000864315,1.0413926851582254,0.7612128284673645,0.775690651835987,-0.16017511885862667,0.8933301497027877,-0.10181734750280036,1.1848148274605403,0.0,0.9444826721501673,-1.413718765061077,-0.33243845991560406,-1.176814480674775,-1.0344279050254013,-0.602059991327959,-0.19033169817029005,-0.3802112417116046,-0.6580113966571108,-0.5409548089261325,0.03385826726096752,0.11069829749369298,0.0,-0.553276046137098,-1.696793085081742,-0.11394335230683517,0.3233063903751354,-0.8793826371743414,-0.5965970956264606,-0.3569814009931296,-0.2730012720637358,0.09691001300805802,-0.18326984368280286,-0.1687920203141804,-1.104657791008794,-0.05115252244737967,-1.0463000196529677,0.240332155310373,-0.9444826721501673,0.0,0.0,0.31666912997115837,-0.48221160527123175,-0.7843902249369581,-1.4815209698509921,0.7219083773846933,-0.12841589274819754,-0.6873654861372156,1.0456023576846185,0.38217067872758825,-0.3093288688548945,0.6934198395732558,-0.33266572874098443,0.8695110986289372,0.036394355897794384,-0.8948073903903513,-0.10163216134858821,-1.379687258762175,0.6865804150429504,1.214006788074009,0.17469705406407599,0.19173039336285846,0.420878381720712,0.23268900104176282,0.38555041937896917,0.30806895820923863,0.5789465366431212,1.0456023576846185,-0.7525054504306237,-0.31666912997115837,0.0,-0.7988807352423901,-1.1010593549081165,-1.7981900998221505,0.4052392474135349,-0.4450850227193559,-1.004034616108374,0.7289332277134601,0.06550154875642988,-0.6259979988260529,0.37675070960209744,-0.6493348587121428,0.5528419686577788,-0.280274774073364,-1.2114765203615097,-0.4183012913197466,-1.6963563887333333,0.36991128507179205,0.8973376581028507,-0.14197207590708238,-0.1249387366082999,0.10420925174955364,-0.08398012892939555,0.0688812894078108,-0.00860017176191974,0.26227740667196286,0.7289332277134601,-1.069174580401782,0.48221160527123175,0.7988807352423901,0.0,-0.30217861966572634,-0.9993093645797604,1.204119982655925,0.3537957125230342,-0.20515388086598385,1.5278139629558503,0.86438228399882,0.17288273641633722,1.1756314448444876,0.1495458765302473,1.351722703900169,0.5186059611690261,-0.41259578511911954,0.38057944392264353,-0.8974756534909432,1.1687920203141822,1.6962183933452408,0.6569086593353077,0.6739419986340902,0.9030899869919438,0.7149006063129946,0.8677620246502009,0.7902805634804704,1.061158141914353,1.5278139629558503,-0.2702938451593919,0.7843902249369581,1.1010593549081165,0.30217861966572634,0.0,-0.697130744914034,1.5062986023216514,0.6559743321887606,0.0970247387997425,1.8299925826215766,1.1665609036645463,0.47506135608206357,1.477810064510214,0.45172449619597366,1.6539013235658953,0.8207845808347525,-0.1104171654533932,0.6827580635883699,-0.5952970338252168,1.4709706399799085,1.9983970130109672,0.9590872790010341,0.9761206182998166,1.20526860665767,1.017079225978721,1.1699406443159273,1.0924591831461967,1.3633367615800793,1.8299925826215766,0.03188477450633442,1.4815209698509921,1.7981900998221505,0.9993093645797604,0.697130744914034,0.0,2.2034293472356854,1.3531050771027946,0.7941554837137765,2.5271233275356106,1.8636916485785804,1.1721921009960976,2.174940809424248,1.1488552411100077,2.3510320684799293,1.5179153257487865,0.5867135794606408,1.379888808502404,0.10183371108881722,2.1681013848939426,2.695527757925001,1.6562180239150681,1.6732513632138506,1.9023993515717041,1.714209970892755,1.8670713892299613,1.7895899280602308,2.0604675064941134,2.5271233275356106,0.7290155194203685,-0.7219083773846933,-0.4052392474135349,-1.204119982655925,-1.5062986023216514,-2.2034293472356854,0.0,-0.8503242701328908,-1.4092738635219089,0.32369398029992524,-0.339737698657105,-1.0312372462395878,-0.028488537811437453,-1.0545741061256777,0.1476027212442439,-0.6855140214868989,-1.6167157677750446,-0.8235405387332815,-2.101595636146868,-0.03532796234174285,0.4920984106893158,-0.5472113233206173,-0.5301779840218348,-0.30102999566398125,-0.48921937634293045,-0.3363579580057241,-0.41383941917545464,-0.14296184074157203,0.32369398029992524,-1.474413827815317,0.12841589274819754,0.4450850227193559,-0.3537957125230342,-0.6559743321887606,-1.3531050771027946,0.8503242701328908,0.0,-0.5589495933890181,1.174018250432816,0.5105865714757858,-0.180912976106697,0.8218357323214533,-0.2042498359927869,0.9979269913771347,0.16481024864599192,-0.7663914976421538,0.026783731399609323,-1.2512713660139774,0.814996307791148,1.3424226808222066,0.3031129468122735,0.320146286111056,0.5492942744689095,0.36110489378996036,0.5139663121271667,0.43648485095743617,0.7073624293913188,1.174018250432816,-0.6240895576824261,0.6873654861372156,1.004034616108374,0.20515388086598385,-0.0970247387997425,-0.7941554837137765,1.4092738635219089,0.5589495933890181,0.0,1.732967843821834,1.0695361648648039,0.3780366172823211,1.3807853257104714,0.35469975739623116,1.5568765847661528,0.72375984203501,-0.2074419042531357,0.5857333247886274,-0.6923217726249593,1.373945901180166,1.9013722742112247,0.8620625402012916,0.8790958795000741,1.1082438678579276,0.9200544871789784,1.0729159055161848,0.9954344443464542,1.2663120227803368,1.732967843821834,-0.06513996429340807,-1.0456023576846185,-0.7289332277134601,-1.5278139629558503,-1.8299925826215766,-2.5271233275356106,-0.32369398029992524,-1.174018250432816,-1.732967843821834,0.0,-0.6634316789570303,-1.354931226539513,-0.3521825181113627,-1.378268086425603,-0.17609125905568135,-1.0092080017868241,-1.9404097480749698,-1.1472345190332067,-2.4252896164467934,-0.3590219426416681,0.16840443038939057,-0.8709053036205425,-0.85387196432176,-0.6247239759639065,-0.8129133566428557,-0.6600519383056493,-0.7375333994753799,-0.4666558210414973,0.0,-1.7981078081152422,-0.38217067872758825,-0.06550154875642988,-0.86438228399882,-1.1665609036645463,-1.8636916485785804,0.339737698657105,-0.5105865714757858,-1.0695361648648039,0.6634316789570303,0.0,-0.6914995475824828,0.31124916084566756,-0.7148364074685727,0.4873404199013489,-0.34577632282979387,-1.2769780691179395,-0.48380284007617647,-1.7618579374897632,0.30440973631536217,0.8318361093464208,-0.20747362466351227,-0.1904402853647298,0.03870770299312376,-0.14948167768582543,0.0033797406513809136,-0.07410172051834962,0.19677585791553298,0.6634316789570303,-1.134676129158212,0.3093288688548945,0.6259979988260529,-0.17288273641633722,-0.47506135608206357,-1.1721921009960976,1.0312372462395878,0.180912976106697,-0.3780366172823211,1.354931226539513,0.6914995475824828,0.0,1.0027487084281503,-0.02333685988608991,1.1788399674838317,0.3457232247526889,-0.5854785215354568,0.2076967075063063,-1.0703583899072804,0.9959092838978449,1.5233356569289036,0.4840259229189705,0.501059262217753,0.7302072505756065,0.5420178698966573,0.6948792882338637,0.6173978270641332,0.8882754054980158,1.354931226539513,-0.44317658157572914,-0.6934198395732558,-0.37675070960209744,-1.1756314448444876,-1.477810064510214,-2.174940809424248,0.028488537811437453,-0.8218357323214533,-1.3807853257104714,0.3521825181113627,-0.31124916084566756,-1.0027487084281503,0.0,-1.0260855683142402,0.17609125905568135,-0.6570254836754614,-1.588227229963607,-0.795052000921844,-2.0731070983354307,-0.0068394245303053935,0.5205869485007533,-0.5187227855091798,-0.5016894462103973,-0.2725414578525438,-0.460730838531493,-0.30786942019428665,-0.3853508813640172,-0.11447330293013458,0.3521825181113627,-1.4459252900038795,0.33266572874098443,0.6493348587121428,-0.1495458765302473,-0.45172449619597366,-1.1488552411100077,1.0545741061256777,0.2042498359927869,-0.35469975739623116,1.378268086425603,0.7148364074685727,0.02333685988608991,1.0260855683142402,0.0,1.2021768273699216,0.3690600846387788,-0.5621416616493669,0.23103356739239622,-1.0470215300211905,1.0192461437839349,1.5466725168149935,0.5073627828050604,0.5243961221038429,0.7535441104616964,0.5653547297827473,0.7182161481199536,0.6407346869502231,0.9116122653841057,1.378268086425603,-0.41983972168963923,-0.8695110986289372,-0.5528419686577788,-1.351722703900169,-1.6539013235658953,-2.3510320684799293,-0.1476027212442439,-0.9979269913771347,-1.5568765847661528,0.17609125905568135,-0.4873404199013489,-1.1788399674838317,-0.17609125905568135,-1.2021768273699216,0.0,-0.8331167427311428,-1.7643184890192884,-0.9711432599775254,-2.249198357391112,-0.18293068358598674,0.3444956894450719,-0.6948140445648612,-0.6777807052660787,-0.44863271690822515,-0.6368220975871743,-0.483960679249968,-0.5614421404196985,-0.29056456198581593,0.17609125905568135,-1.6220165490595608,-0.036394355897794384,0.280274774073364,-0.5186059611690261,-0.8207845808347525,-1.5179153257487865,0.6855140214868989,-0.16481024864599192,-0.72375984203501,1.0092080017868241,0.34577632282979387,-0.3457232247526889,0.6570254836754614,-0.3690600846387788,0.8331167427311428,0.0,-0.9312017462881457,-0.1380265172463826,-1.4160816146599693,0.650186059145156,1.1776124321762147,0.1383026981662816,0.15533603746506408,0.38448402582291763,0.19629464514396844,0.3491560634811748,0.27167460231144425,0.5425521807453269,1.0092080017868241,-0.788899806328418,0.8948073903903513,1.2114765203615097,0.41259578511911954,0.1104171654533932,-0.5867135794606408,1.6167157677750446,0.7663914976421538,0.2074419042531357,1.9404097480749698,1.2769780691179395,0.5854785215354568,1.588227229963607,0.5621416616493669,1.7643184890192884,0.9312017462881457,0.0,0.7931752290417631,-0.4848798683718236,1.5813878054333017,2.1088141784643604,1.0695044444544273,1.0865377837532098,1.3156857721110633,1.127496391432114,1.2803578097693205,1.20287634859959,1.4737539270334725,1.9404097480749698,0.14230193995972762,0.10163216134858821,0.4183012913197466,-0.38057944392264353,-0.6827580635883699,-1.379888808502404,0.8235405387332815,-0.026783731399609323,-0.5857333247886274,1.1472345190332067,0.48380284007617647,-0.2076967075063063,0.795052000921844,-0.23103356739239622,0.9711432599775254,0.1380265172463826,-0.7931752290417631,0.0,-1.2780550974135867,0.7882125763915386,1.3156389494225973,0.2763292154126642,0.2933625547114467,0.5225105430693002,0.33432116239035103,0.4871825807275574,0.40970111955782684,0.6805786979917094,1.1472345190332067,-0.6508732890820355,1.379687258762175,1.6963563887333333,0.8974756534909432,0.5952970338252168,-0.10183371108881722,2.101595636146868,1.2512713660139774,0.6923217726249593,2.4252896164467934,1.7618579374897632,1.0703583899072804,2.0731070983354307,1.0470215300211905,2.249198357391112,1.4160816146599693,0.4848798683718236,1.2780550974135867,0.0,2.0662676738051253,2.593694046836184,1.554384312826251,1.5714176521250334,1.800565640482887,1.6123762598039377,1.765237678141144,1.6877562169714135,1.9586337954052961,2.4252896164467934,0.6271818083315512,-0.6865804150429504,-0.36991128507179205,-1.1687920203141822,-1.4709706399799085,-2.1681013848939426,0.03532796234174285,-0.814996307791148,-1.373945901180166,0.3590219426416681,-0.30440973631536217,-0.9959092838978449,0.0068394245303053935,-1.0192461437839349,0.18293068358598674,-0.650186059145156,-1.5813878054333017,-0.7882125763915386,-2.0662676738051253,0.0,0.5274263730310587,-0.5118833609788744,-0.49485002168009196,-0.2657020333222384,-0.4538914140011876,-0.30102999566398125,-0.3785114568337118,-0.10763387839982919,0.3590219426416681,-1.439085865473574,-1.214006788074009,-0.8973376581028507,-1.6962183933452408,-1.9983970130109672,-2.695527757925001,-0.4920984106893158,-1.3424226808222066,-1.9013722742112247,-0.16840443038939057,-0.8318361093464208,-1.5233356569289036,-0.5205869485007533,-1.5466725168149935,-0.3444956894450719,-1.1776124321762147,-2.1088141784643604,-1.3156389494225973,-2.593694046836184,-0.5274263730310587,0.0,-1.039309734009933,-1.0222763947111506,-0.7931284063532971,-0.9813177870322463,-0.8284563686950399,-0.9059378298647704,-0.6350602514308878,-0.16840443038939057,-1.9665122385046327,-0.17469705406407599,0.14197207590708238,-0.6569086593353077,-0.9590872790010341,-1.6562180239150681,0.5472113233206173,-0.3031129468122735,-0.8620625402012916,0.8709053036205425,0.20747362466351227,-0.4840259229189705,0.5187227855091798,-0.5073627828050604,0.6948140445648612,-0.1383026981662816,-1.0695044444544273,-0.2763292154126642,-1.554384312826251,0.5118833609788744,1.039309734009933,0.0,0.01703333929878248,0.24618132765663603,0.05799194697768684,0.21085336531489318,0.13337190414516265,0.40424948257904525,0.8709053036205425,-0.9272025044946997,-0.19173039336285846,0.1249387366082999,-0.6739419986340902,-0.9761206182998166,-1.6732513632138506,0.5301779840218348,-0.320146286111056,-0.8790958795000741,0.85387196432176,0.1904402853647298,-0.501059262217753,0.5016894462103973,-0.5243961221038429,0.6777807052660787,-0.15533603746506408,-1.0865377837532098,-0.2933625547114467,-1.5714176521250334,0.49485002168009196,1.0222763947111506,-0.01703333929878248,0.0,0.22914798835785355,0.04095860767890436,0.1938200260161107,0.11633856484638017,0.38721614328026277,0.85387196432176,-0.9442358437934821,-0.420878381720712,-0.10420925174955364,-0.9030899869919438,-1.20526860665767,-1.9023993515717041,0.30102999566398125,-0.5492942744689095,-1.1082438678579276,0.6247239759639065,-0.03870770299312376,-0.7302072505756065,0.2725414578525438,-0.7535441104616964,0.44863271690822515,-0.38448402582291763,-1.3156857721110633,-0.5225105430693002,-1.800565640482887,0.2657020333222384,0.7931284063532971,-0.24618132765663603,-0.22914798835785355,0.0,-0.1881893806789492,-0.03532796234174285,-0.11280942351147338,0.15806815492240922,0.6247239759639065,-1.1733838321513357,-0.23268900104176282,0.08398012892939555,-0.7149006063129946,-1.017079225978721,-1.714209970892755,0.48921937634293045,-0.36110489378996036,-0.9200544871789784,0.8129133566428557,0.14948167768582543,-0.5420178698966573,0.460730838531493,-0.5653547297827473,0.6368220975871743,-0.19629464514396844,-1.127496391432114,-0.33432116239035103,-1.6123762598039377,0.4538914140011876,0.9813177870322463,-0.05799194697768684,-0.04095860767890436,0.1881893806789492,0.0,0.15286141833720635,0.07537995716747581,0.3462575356013584,0.8129133566428557,-0.9851944514723865,-0.38555041937896917,-0.0688812894078108,-0.8677620246502009,-1.1699406443159273,-1.8670713892299613,0.3363579580057241,-0.5139663121271667,-1.0729159055161848,0.6600519383056493,-0.0033797406513809136,-0.6948792882338637,0.30786942019428665,-0.7182161481199536,0.483960679249968,-0.3491560634811748,-1.2803578097693205,-0.4871825807275574,-1.765237678141144,0.30102999566398125,0.8284563686950399,-0.21085336531489318,-0.1938200260161107,0.03532796234174285,-0.15286141833720635,0.0,-0.07748146116973054,0.19339611726415207,0.6600519383056493,-1.1380558698095928,-0.30806895820923863,0.00860017176191974,-0.7902805634804704,-1.0924591831461967,-1.7895899280602308,0.41383941917545464,-0.43648485095743617,-0.9954344443464542,0.7375333994753799,0.07410172051834962,-0.6173978270641332,0.3853508813640172,-0.6407346869502231,0.5614421404196985,-0.27167460231144425,-1.20287634859959,-0.40970111955782684,-1.6877562169714135,0.3785114568337118,0.9059378298647704,-0.13337190414516265,-0.11633856484638017,0.11280942351147338,-0.07537995716747581,0.07748146116973054,0.0,0.2708775784338826,0.7375333994753799,-1.0605744086398623,-0.5789465366431212,-0.26227740667196286,-1.061158141914353,-1.3633367615800793,-2.0604675064941134,0.14296184074157203,-0.7073624293913188,-1.2663120227803368,0.4666558210414973,-0.19677585791553298,-0.8882754054980158,0.11447330293013458,-0.9116122653841057,0.29056456198581593,-0.5425521807453269,-1.4737539270334725,-0.6805786979917094,-1.9586337954052961,0.10763387839982919,0.6350602514308878,-0.40424948257904525,-0.38721614328026277,-0.15806815492240922,-0.3462575356013584,-0.19339611726415207,-0.2708775784338826,0.0,0.4666558210414973,-1.331451987073745,-1.0456023576846185,-0.7289332277134601,-1.5278139629558503,-1.8299925826215766,-2.5271233275356106,-0.32369398029992524,-1.174018250432816,-1.732967843821834,0.0,-0.6634316789570303,-1.354931226539513,-0.3521825181113627,-1.378268086425603,-0.17609125905568135,-1.0092080017868241,-1.9404097480749698,-1.1472345190332067,-2.4252896164467934,-0.3590219426416681,0.16840443038939057,-0.8709053036205425,-0.85387196432176,-0.6247239759639065,-0.8129133566428557,-0.6600519383056493,-0.7375333994753799,-0.4666558210414973,0.0,-1.7981078081152422,0.7525054504306237,1.069174580401782,0.2702938451593919,-0.03188477450633442,-0.7290155194203685,1.474413827815317,0.6240895576824261,0.06513996429340807,1.7981078081152422,1.134676129158212,0.44317658157572914,1.4459252900038795,0.41983972168963923,1.6220165490595608,0.788899806328418,-0.14230193995972762,0.6508732890820355,-0.6271818083315512,1.439085865473574,1.9665122385046327,0.9272025044946997,0.9442358437934821,1.1733838321513357,0.9851944514723865,1.1380558698095928,1.0605744086398623,1.331451987073745,1.7981078081152422,0.0,0.0,-0.5619427681199802,0.11650556907143717,-0.5654310959658009,-0.5177391056279266,-0.4597471586502415,0.05435766232259098,-0.27470105694163216,0.13353890837021964,-0.4728424567403895,-0.9062716457781335,-0.49790486064295436,0.20925962230833584,-0.14976232033333226,-0.05958568998424418,-0.7403626894942441,-0.5723248039137001,-1.3922830437864455,-1.1040048297726575,-0.8868223742774894,-0.28806501849961386,-0.810943763779953,0.10011515288326756,-0.4080403355763629,-2.0717737449393923,0.16975108102466407,-0.554880913632493,-0.1927969525585329,-1.9805380524538716,0.5619427681199802,0.0,0.6784483371914174,-0.003488327845820649,0.04420366249205365,0.10219560946973871,0.6163004304425712,0.28724171117834807,0.6954816764901999,0.08910031137959074,-0.34432887765815323,0.06403790747702587,0.7712023904283161,0.412180447786648,0.502357078135736,-0.17841992137426388,-0.01038203579371988,-0.8303402756664653,-0.5420620616526772,-0.3248796061575092,0.2738777496203664,-0.2490009956599728,0.6620579210032478,0.15390243254361735,-1.509830976819412,0.7316938491446443,0.007061854487487196,0.3691458155614473,-1.4185952843338914,-0.11650556907143717,-0.6784483371914174,0.0,-0.681936665037238,-0.6342446746993637,-0.5762527277216787,-0.06214790674884618,-0.3912066260130693,0.01703333929878248,-0.5893480258118267,-1.0227772148495706,-0.6144104297143915,0.09275405323689867,-0.2662678894047694,-0.17609125905568135,-0.8568682585656813,-0.6888303729851373,-1.5087886128578827,-1.2205103988440946,-1.0033279433489266,-0.404570587571051,-0.9274493328513902,-0.01639041618816961,-0.5245459046478,-2.1882793140108294,0.05324551195322691,-0.6713864827039302,-0.3093025216299701,-2.0970436215253088,0.5654310959658009,0.003488327845820649,0.681936665037238,0.0,0.0476919903378743,0.10568393731555936,0.6197887582883919,0.2907300390241687,0.6989700043360205,0.09258863922541138,-0.3408405498123326,0.06752623532284652,0.7746907182741367,0.4156687756324686,0.5058454059815567,-0.17493159352844323,-0.00689370794789923,-0.8268519478206446,-0.5385737338068566,-0.32139127831168857,0.277366077466187,-0.24551266781415215,0.6655462488490684,0.157390760389438,-1.5063426489735914,0.735182176990465,0.010550182333307845,0.37263414340726797,-1.4151069564880707,0.5177391056279266,-0.04420366249205365,0.6342446746993637,-0.0476919903378743,0.0,0.05799194697768506,0.5720967679505176,0.24303804868629442,0.6512780139981462,0.04489664888753708,-0.3885325401502069,0.019834244984972216,0.7269987279362624,0.3679767852945943,0.4581534156436824,-0.22262358386631753,-0.05458569828577353,-0.8745439381585189,-0.5862657241447309,-0.36908326864956287,0.22967408712831272,-0.29320465815202645,0.6178542585111941,0.1096987700515637,-1.5540346393114657,0.6874901866525907,-0.03714180800456646,0.32494215306939367,-1.462798946825945,0.4597471586502415,-0.10219560946973871,0.5762527277216787,-0.10568393731555936,-0.05799194697768506,0.0,0.5141048209728325,0.18504610170860936,0.5932860670204612,-0.013095298090147978,-0.44652448712789194,-0.038157701992712845,0.6690067809585774,0.30998483831690926,0.40016146866599733,-0.2806155308440026,-0.11257764526345859,-0.932535885136204,-0.6442576711224159,-0.42707521562724793,0.17168214015062766,-0.3511966051297115,0.5598623115335091,0.05170682307387864,-1.6120265862891507,0.6294982396749056,-0.09513375498225152,0.2669502060917086,-1.52079089380363,-0.05435766232259098,-0.6163004304425712,0.06214790674884618,-0.6197887582883919,-0.5720967679505176,-0.5141048209728325,0.0,-0.32905871926422314,0.07918124604762866,-0.5272001190629805,-0.9606293081007244,-0.5522625229655453,0.15490195998574485,-0.20411998265592324,-0.11394335230683517,-0.7947203518168351,-0.6266824662362911,-1.4466407061090365,-1.1583624920952484,-0.9411800366000804,-0.34242268082220484,-0.865301426102544,0.04575749056067657,-0.46239799789895386,-2.1261314072619832,0.11539341870207309,-0.609238575955084,-0.2471546148811239,-2.0348957147764626,0.27470105694163216,-0.28724171117834807,0.3912066260130693,-0.2907300390241687,-0.24303804868629442,-0.18504610170860936,0.32905871926422314,0.0,0.4082399653118518,-0.19814139979875733,-0.6315705888365013,-0.2232038037013222,0.483960679249968,0.1249387366082999,0.21511536695738798,-0.46566163255261195,-0.29762374697206795,-1.1175819868448134,-0.8293037728310253,-0.6121213173358573,-0.013363961557981696,-0.5362427068383209,0.3748162098248997,-0.13333927863473072,-1.79707268799776,0.44445213796629623,-0.2801798566908609,0.08190410438309925,-1.7058369955122394,-0.13353890837021964,-0.6954816764901999,-0.01703333929878248,-0.6989700043360205,-0.6512780139981462,-0.5932860670204612,-0.07918124604762866,-0.4082399653118518,0.0,-0.6063813651106091,-1.039810554148353,-0.631443769013174,0.07572071393811619,-0.2833012287035519,-0.19312459835446383,-0.8739015978644638,-0.7058637122839198,-1.5258219521566652,-1.237543738142877,-1.020361282647709,-0.4216039268698335,-0.9444826721501727,-0.03342375548695209,-0.5415792439465825,-2.205312653309612,0.03621217265444443,-0.6884198220027127,-0.32633586092875255,-2.1140769608240912,0.4728424567403895,-0.08910031137959074,0.5893480258118267,-0.09258863922541138,-0.04489664888753708,0.013095298090147978,0.5272001190629805,0.19814139979875733,0.6063813651106091,0.0,-0.43342918903774397,-0.025062403902564867,0.6821020790487253,0.32308013640705724,0.4132567667561453,-0.2675202327538546,-0.09948234717331061,-0.919440587046056,-0.631162373032268,-0.41397991753709995,0.18477743824077564,-0.33810130703956354,0.572957609623657,0.06480212116402662,-1.5989312881990028,0.6425935377650536,-0.08203845689210354,0.2800455041818566,-1.507695595713482,0.9062716457781335,0.34432887765815323,1.0227772148495706,0.3408405498123326,0.3885325401502069,0.44652448712789194,0.9606293081007244,0.6315705888365013,1.039810554148353,0.43342918903774397,0.0,0.4083667851351791,1.1155312680864693,0.7565093254448012,0.8466859557938893,0.16590895628388935,0.33394684186443335,-0.48601139800831206,-0.197733183994524,0.019449271500644016,0.6182066272785196,0.09532788199818043,1.006386798661401,0.4982313102017706,-1.1655020991612588,1.0760227268027975,0.3513907321456404,0.7134746932196006,-1.0742664066757381,0.49790486064295436,-0.06403790747702587,0.6144104297143915,-0.06752623532284652,-0.019834244984972216,0.038157701992712845,0.5522625229655453,0.2232038037013222,0.631443769013174,0.025062403902564867,-0.4083667851351791,0.0,0.7071644829512902,0.3481425403096221,0.4383191706587102,-0.24245782885128975,-0.07441994327074575,-0.8943781831434912,-0.6060999691297031,-0.3889175136345351,0.2098398421433405,-0.31303890313699867,0.5980200135262219,0.08986452506659148,-1.573868884296438,0.6676559416676184,-0.05697605298953867,0.30510790808442145,-1.4826331918109172,-0.20925962230833584,-0.7712023904283161,-0.09275405323689867,-0.7746907182741367,-0.7269987279362624,-0.6690067809585774,-0.15490195998574485,-0.483960679249968,-0.07572071393811619,-0.6821020790487253,-1.1155312680864693,-0.7071644829512902,0.0,-0.3590219426416681,-0.26884531229258,-0.9496223118025799,-0.7815844262220359,-1.6015426660947814,-1.3132644520809933,-1.0960819965858253,-0.4973246408079497,-1.0202033860882889,-0.10914446942506828,-0.6172999578846987,-2.281033367247728,-0.03950854128367176,-0.7641405359408289,-0.40205657486686874,-2.1897976747622074,0.14976232033333226,-0.412180447786648,0.2662678894047694,-0.4156687756324686,-0.3679767852945943,-0.30998483831690926,0.20411998265592324,-0.1249387366082999,0.2833012287035519,-0.32308013640705724,-0.7565093254448012,-0.3481425403096221,0.3590219426416681,0.0,0.09017663034908807,-0.5906003691609119,-0.42256248358036785,-1.2425207234531133,-0.9542425094393252,-0.7370600539441572,-0.1383026981662816,-0.6611814434466208,0.2498774732165998,-0.2582780152430306,-1.92201142460606,0.31951340135799633,-0.4051185932991608,-0.04303463222520065,-1.8307757321205393,0.05958568998424418,-0.502357078135736,0.17609125905568135,-0.5058454059815567,-0.4581534156436824,-0.40016146866599733,0.11394335230683517,-0.21511536695738798,0.19312459835446383,-0.4132567667561453,-0.8466859557938893,-0.4383191706587102,0.26884531229258,-0.09017663034908807,0.0,-0.6807769995099999,-0.5127391139294559,-1.3326973538022013,-1.0444191397884133,-0.8272366842932453,-0.22847932851536967,-0.7513580737957088,0.15970084286751174,-0.3484546455921187,-2.012188054955148,0.22933677100890826,-0.49529522364824885,-0.13321126257428872,-1.9209523624696274,0.7403626894942441,0.17841992137426388,0.8568682585656813,0.17493159352844323,0.22262358386631753,0.2806155308440026,0.7947203518168351,0.46566163255261195,0.8739015978644638,0.2675202327538546,-0.16590895628388935,0.24245782885128975,0.9496223118025799,0.5906003691609119,0.6807769995099999,0.0,0.168037885580544,-0.6519203542922014,-0.36364214027841335,-0.14645968478324534,0.45229767099463025,-0.07058107428570892,0.8404778423775117,0.33232235391788123,-1.3314110554451482,0.9101137705189082,0.18548177586175107,0.5475657369357112,-1.2401753629596275,0.5723248039137001,0.01038203579371988,0.6888303729851373,0.00689370794789923,0.05458569828577353,0.11257764526345859,0.6266824662362911,0.29762374697206795,0.7058637122839198,0.09948234717331061,-0.33394684186443335,0.07441994327074575,0.7815844262220359,0.42256248358036785,0.5127391139294559,-0.168037885580544,0.0,-0.8199582398727454,-0.5316800258589574,-0.31449757036378934,0.28425978541408625,-0.23861895986625292,0.6724399567969677,0.16428446833733723,-1.4994489410256922,0.7420758849383642,0.017443890281207075,0.3795278513551672,-1.4082132485401715,1.3922830437864455,0.8303402756664653,1.5087886128578827,0.8268519478206446,0.8745439381585189,0.932535885136204,1.4466407061090365,1.1175819868448134,1.5258219521566652,0.919440587046056,0.48601139800831206,0.8943781831434912,1.6015426660947814,1.2425207234531133,1.3326973538022013,0.6519203542922014,0.8199582398727454,0.0,0.28827821401378806,0.5054606695089561,1.1042180252868317,0.5813392800064925,1.492398196669713,0.9842427082100826,-0.6794907011529467,1.5620341248111096,0.8374021301539525,1.1994860912279126,-0.5882550086674261,1.1040048297726575,0.5420620616526772,1.2205103988440946,0.5385737338068566,0.5862657241447309,0.6442576711224159,1.1583624920952484,0.8293037728310253,1.237543738142877,0.631162373032268,0.197733183994524,0.6060999691297031,1.3132644520809933,0.9542425094393252,1.0444191397884133,0.36364214027841335,0.5316800258589574,-0.28827821401378806,0.0,0.21718245549516801,0.8159398112730436,0.29306106599270443,1.204119982655925,0.6959644941962946,-0.9677689151667348,1.2737559107973215,0.5491239161401644,0.9112078772141246,-0.8765332226812141,0.8868223742774894,0.3248796061575092,1.0033279433489266,0.32139127831168857,0.36908326864956287,0.42707521562724793,0.9411800366000804,0.6121213173358573,1.020361282647709,0.41397991753709995,-0.019449271500644016,0.3889175136345351,1.0960819965858253,0.7370600539441572,0.8272366842932453,0.14645968478324534,0.31449757036378934,-0.5054606695089561,-0.21718245549516801,0.0,0.5987573557778756,0.07587861049753641,0.986937527160757,0.47878203870112657,-1.1849513706619028,1.0565734553021535,0.3319414606449964,0.6940254217189565,-1.0937156781763822,0.28806501849961386,-0.2738777496203664,0.404570587571051,-0.277366077466187,-0.22967408712831272,-0.17168214015062766,0.34242268082220484,0.013363961557981696,0.4216039268698335,-0.18477743824077564,-0.6182066272785196,-0.2098398421433405,0.4973246408079497,0.1383026981662816,0.22847932851536967,-0.45229767099463025,-0.28425978541408625,-1.1042180252868317,-0.8159398112730436,-0.5987573557778756,0.0,-0.5228787452803392,0.3881801713828814,-0.11997531707674902,-1.7837087264397784,0.45781609952427793,-0.2668158951328792,0.09526806594108095,-1.6924730339542577,0.810943763779953,0.2490009956599728,0.9274493328513902,0.24551266781415215,0.29320465815202645,0.3511966051297115,0.865301426102544,0.5362427068383209,0.9444826721501727,0.33810130703956354,-0.09532788199818043,0.31303890313699867,1.0202033860882889,0.6611814434466208,0.7513580737957088,0.07058107428570892,0.23861895986625292,-0.5813392800064925,-0.29306106599270443,-0.07587861049753641,0.5228787452803392,0.0,0.9110589166632206,0.40290342820359015,-1.2608299811594392,0.9806948448046171,0.25606285014746,0.6181468112214201,-1.1695942886739186,-0.10011515288326756,-0.6620579210032478,0.01639041618816961,-0.6655462488490684,-0.6178542585111941,-0.5598623115335091,-0.04575749056067657,-0.3748162098248997,0.03342375548695209,-0.572957609623657,-1.006386798661401,-0.5980200135262219,0.10914446942506828,-0.2498774732165998,-0.15970084286751174,-0.8404778423775117,-0.6724399567969677,-1.492398196669713,-1.204119982655925,-0.986937527160757,-0.3881801713828814,-0.9110589166632206,0.0,-0.5081554884596304,-2.17188889782266,0.06963592814139652,-0.6549960665157606,-0.29291210544180046,-2.080653205337139,0.4080403355763629,-0.15390243254361735,0.5245459046478,-0.157390760389438,-0.1096987700515637,-0.05170682307387864,0.46239799789895386,0.13333927863473072,0.5415792439465825,-0.06480212116402662,-0.4982313102017706,-0.08986452506659148,0.6172999578846987,0.2582780152430306,0.3484546455921187,-0.33232235391788123,-0.16428446833733723,-0.9842427082100826,-0.6959644941962946,-0.47878203870112657,0.11997531707674902,-0.40290342820359015,0.5081554884596304,0.0,-1.6637334093630294,0.577791416601027,-0.14684057805613016,0.21524338301782997,-1.5724977168775087,2.0717737449393923,1.509830976819412,2.1882793140108294,1.5063426489735914,1.5540346393114657,1.6120265862891507,2.1261314072619832,1.79707268799776,2.205312653309612,1.5989312881990028,1.1655020991612588,1.573868884296438,2.281033367247728,1.92201142460606,2.012188054955148,1.3314110554451482,1.4994489410256922,0.6794907011529467,0.9677689151667348,1.1849513706619028,1.7837087264397784,1.2608299811594392,2.17188889782266,1.6637334093630294,0.0,2.2415248259640563,1.5168928313068992,1.8789767923808594,0.09123569248552066,-0.16975108102466407,-0.7316938491446443,-0.05324551195322691,-0.735182176990465,-0.6874901866525907,-0.6294982396749056,-0.11539341870207309,-0.44445213796629623,-0.03621217265444443,-0.6425935377650536,-1.0760227268027975,-0.6676559416676184,0.03950854128367176,-0.31951340135799633,-0.22933677100890826,-0.9101137705189082,-0.7420758849383642,-1.5620341248111096,-1.2737559107973215,-1.0565734553021535,-0.45781609952427793,-0.9806948448046171,-0.06963592814139652,-0.577791416601027,-2.2415248259640563,0.0,-0.7246319946571571,-0.362548033583197,-2.1502891334785357,0.554880913632493,-0.007061854487487196,0.6713864827039302,-0.010550182333307845,0.03714180800456646,0.09513375498225152,0.609238575955084,0.2801798566908609,0.6884198220027127,0.08203845689210354,-0.3513907321456404,0.05697605298953867,0.7641405359408289,0.4051185932991608,0.49529522364824885,-0.18548177586175107,-0.017443890281207075,-0.8374021301539525,-0.5491239161401644,-0.3319414606449964,0.2668158951328792,-0.25606285014746,0.6549960665157606,0.14684057805613016,-1.5168928313068992,0.7246319946571571,0.0,0.3620839610739601,-1.4256571388213786,0.1927969525585329,-0.3691458155614473,0.3093025216299701,-0.37263414340726797,-0.32494215306939367,-0.2669502060917086,0.2471546148811239,-0.08190410438309925,0.32633586092875255,-0.2800455041818566,-0.7134746932196006,-0.30510790808442145,0.40205657486686874,0.04303463222520065,0.13321126257428872,-0.5475657369357112,-0.3795278513551672,-1.1994860912279126,-0.9112078772141246,-0.6940254217189565,-0.09526806594108095,-0.6181468112214201,0.29291210544180046,-0.21524338301782997,-1.8789767923808594,0.362548033583197,-0.3620839610739601,0.0,-1.7877410998953387,1.9805380524538716,1.4185952843338914,2.0970436215253088,1.4151069564880707,1.462798946825945,1.52079089380363,2.0348957147764626,1.7058369955122394,2.1140769608240912,1.507695595713482,1.0742664066757381,1.4826331918109172,2.1897976747622074,1.8307757321205393,1.9209523624696274,1.2401753629596275,1.4082132485401715,0.5882550086674261,0.8765332226812141,1.0937156781763822,1.6924730339542577,1.1695942886739186,2.080653205337139,1.5724977168775087,-0.09123569248552066,2.1502891334785357,1.4256571388213786,1.7877410998953387,0.0,0.0,0.2730012720637358,-1.342948779592664,-0.9358430172769996,-1.2358649788747194,-0.12926011039094476,-1.8891148689986306,-0.12926011039094476,-0.09806659020799913,-1.1946068335198952,0.5326385825694917,0.26227740667196464,-0.32905871926422314,0.023802914672623743,0.26227740667196464,-1.563481085394411,-0.11171047087454333,-1.9603121890783086,-1.397244581010387,0.029963223377444947,-0.5858365793648481,-0.5033366375564352,0.08973142838093295,-0.22184874961635614,-1.1049421081920485,-0.07432874325321137,0.18486518336318625,-0.5432400279280447,0.2730012720637358,-0.2730012720637358,0.0,-1.6159500516563998,-1.2088442893407354,-1.5088662509384552,-0.40226138245468057,-2.1621161410623664,-0.40226138245468057,-0.37106786227173494,-1.467608105583631,0.2596373105057559,-0.01072386539177117,-0.602059991327959,-0.24919835739111207,-0.01072386539177117,-1.8364823574581468,-0.38471174293827914,-2.2333134611420444,-1.6702458530741229,-0.24303804868629086,-0.8588378514285839,-0.776337909620171,-0.18326984368280286,-0.49485002168009196,-1.3779433802557843,-0.3473300153169472,-0.08813608870054956,-0.8162412999917805,0.0,1.342948779592664,1.6159500516563998,0.0,0.4071057623156644,0.10708380071794465,1.2136886692017193,-0.5461660894059666,1.2136886692017193,1.2448821893846649,0.14834194607276885,1.8755873621621557,1.6052261862646287,1.0138900603284409,1.3667516942652878,1.6052261862646287,-0.220532305801747,1.2312383087181207,-0.6173634094856446,-0.054295801417723055,1.372912002970109,0.7571122002278159,0.8396121420362288,1.432680207973597,1.1211000299763079,0.2380066714006155,1.2686200363394526,1.5278139629558503,0.7997087516646193,1.6159500516563998,0.9358430172769996,1.2088442893407354,-0.4071057623156644,0.0,-0.30002196159771977,0.8065829068860548,-0.953271851721631,0.8065829068860548,0.8377764270690005,-0.2587638162428956,1.4684815998464913,1.1981204239489642,0.6067842980127764,0.9596459319496233,1.1981204239489642,-0.6276380681174114,0.8241325464024563,-1.024469171801309,-0.4614015637333875,0.9658062406544445,0.35000643791215147,0.4325063797205644,1.0255744456579325,0.7139942676606434,-0.16909909091504893,0.8615142740237882,1.1207082006401858,0.3926029893489549,1.2088442893407354,1.2358649788747194,1.5088662509384552,-0.10708380071794465,0.30002196159771977,0.0,1.1066048684837746,-0.6532498901239112,1.1066048684837746,1.1377983886667202,0.041258145354824194,1.768503561444211,1.498142385546684,0.9068062596104962,1.259667893547343,1.498142385546684,-0.32761610651969164,1.124154508000176,-0.7244472102035893,-0.1613796021356677,1.2658282022521643,0.6500283995098712,0.7325283413182841,1.3255964072556523,1.0140162292583632,0.13092287068267083,1.161536235621508,1.4207301622379056,0.6926249509466746,1.5088662509384552,0.12926011039094476,0.40226138245468057,-1.2136886692017193,-0.8065829068860548,-1.1066048684837746,0.0,-1.7598547586076858,0.0,0.031193520182945633,-1.0653467231289504,0.6618986929604365,0.3915375170629094,-0.19979860887327838,0.1530630250635685,0.3915375170629094,-1.4342209750034662,0.017549639516401427,-1.8310520786873639,-1.2679844706194423,0.1592233337683897,-0.45657646897390336,-0.37407652716549045,0.21899153877187771,-0.09258863922541138,-0.9756819978011038,0.05493136713773339,0.314125293754131,-0.41397991753709995,0.40226138245468057,1.8891148689986306,2.1621161410623664,0.5461660894059666,0.953271851721631,0.6532498901239112,1.7598547586076858,0.0,1.7598547586076858,1.7910482787906314,0.6945080354787354,2.4217534515681223,2.151392275670595,1.5600561497344074,1.9129177836712543,2.151392275670595,0.3256337836042196,1.7774043981240872,-0.07119732007967805,0.4918702879882435,1.9190780923760755,1.3032782896337824,1.3857782314421954,1.9788462973795635,1.6672661193822744,0.784172760806582,1.8147861257454192,2.073980052361817,1.3458748410705859,2.1621161410623664,0.12926011039094476,0.40226138245468057,-1.2136886692017193,-0.8065829068860548,-1.1066048684837746,0.0,-1.7598547586076858,0.0,0.031193520182945633,-1.0653467231289504,0.6618986929604365,0.3915375170629094,-0.19979860887327838,0.1530630250635685,0.3915375170629094,-1.4342209750034662,0.017549639516401427,-1.8310520786873639,-1.2679844706194423,0.1592233337683897,-0.45657646897390336,-0.37407652716549045,0.21899153877187771,-0.09258863922541138,-0.9756819978011038,0.05493136713773339,0.314125293754131,-0.41397991753709995,0.40226138245468057,0.09806659020799913,0.37106786227173494,-1.2448821893846649,-0.8377764270690005,-1.1377983886667202,-0.031193520182945633,-1.7910482787906314,-0.031193520182945633,0.0,-1.096540243311896,0.6307051727774908,0.36034399687996377,-0.23099212905622402,0.12186950488062287,0.36034399687996377,-1.4654144951864119,-0.013643880666544206,-1.8622455988703095,-1.299177990802388,0.12802981358544407,-0.487769989156849,-0.4052700473484361,0.18779801858893208,-0.12378215940835702,-1.0068755179840494,0.023737846954787756,0.2829317735711854,-0.4451734377200456,0.37106786227173494,1.1946068335198952,1.467608105583631,-0.14834194607276885,0.2587638162428956,-0.041258145354824194,1.0653467231289504,-0.6945080354787354,1.0653467231289504,1.096540243311896,0.0,1.7272454160893869,1.4568842401918598,0.865548114255672,1.218409748192519,1.4568842401918598,-0.36887425187451583,1.0828963626453518,-0.7657053555584135,-0.2026377474904919,1.22457005689734,0.608770254155047,0.69127019596346,1.2843382619008281,0.972758083903539,0.08966472532784664,1.1202780902666838,1.3794720168830814,0.6513668055918505,1.467608105583631,-0.5326385825694917,-0.2596373105057559,-1.8755873621621557,-1.4684815998464913,-1.768503561444211,-0.6618986929604365,-2.4217534515681223,-0.6618986929604365,-0.6307051727774908,-1.7272454160893869,0.0,-0.27036117589752706,-0.8616973018337148,-0.508835667896868,-0.27036117589752706,-2.0961196679639027,-0.644349053444035,-2.4929507716478003,-1.9298831635798788,-0.5026753591920468,-1.1184751619343398,-1.035975220125927,-0.44290715418855875,-0.7544873321858478,-1.6375806907615402,-0.6069673258227031,-0.34777339920630546,-1.0758786104975364,-0.2596373105057559,-0.26227740667196464,0.01072386539177117,-1.6052261862646287,-1.1981204239489642,-1.498142385546684,-0.3915375170629094,-2.151392275670595,-0.3915375170629094,-0.36034399687996377,-1.4568842401918598,0.27036117589752706,0.0,-0.5913361259361878,-0.2384744919993409,0.0,-1.8257584920663756,-0.373987877546508,-2.2225895957502733,-1.6595219876823517,-0.2323141832945197,-0.8481139860368128,-0.7656140442283998,-0.1725459782910317,-0.4841261562883208,-1.3672195148640132,-0.336606149925176,-0.0774122233087784,-0.8055174346000094,0.01072386539177117,0.32905871926422314,0.602059991327959,-1.0138900603284409,-0.6067842980127764,-0.9068062596104962,0.19979860887327838,-1.5600561497344074,0.19979860887327838,0.23099212905622402,-0.865548114255672,0.8616973018337148,0.5913361259361878,0.0,0.3528616339368469,0.5913361259361878,-1.2344223661301879,0.2173482483896798,-1.6312534698140855,-1.068185861746164,0.3590219426416681,-0.256777860100625,-0.17427791829221206,0.4187901476451561,0.107209969647867,-0.7758833889278254,0.25472997601101177,0.5139239026274094,-0.21418130866382157,0.602059991327959,-0.023802914672623743,0.24919835739111207,-1.3667516942652878,-0.9596459319496233,-1.259667893547343,-0.1530630250635685,-1.9129177836712543,-0.1530630250635685,-0.12186950488062287,-1.218409748192519,0.508835667896868,0.2384744919993409,-0.3528616339368469,0.0,0.2384744919993409,-1.5872840000670347,-0.13551338554716708,-1.9841151037509324,-1.4210474956830108,0.006160308704821205,-0.6096394940374719,-0.527139552229059,0.06592851370830921,-0.2456516642889799,-1.1287450228646723,-0.09813165792583511,0.1610622686905625,-0.5670429426006685,0.24919835739111207,-0.26227740667196464,0.01072386539177117,-1.6052261862646287,-1.1981204239489642,-1.498142385546684,-0.3915375170629094,-2.151392275670595,-0.3915375170629094,-0.36034399687996377,-1.4568842401918598,0.27036117589752706,0.0,-0.5913361259361878,-0.2384744919993409,0.0,-1.8257584920663756,-0.373987877546508,-2.2225895957502733,-1.6595219876823517,-0.2323141832945197,-0.8481139860368128,-0.7656140442283998,-0.1725459782910317,-0.4841261562883208,-1.3672195148640132,-0.336606149925176,-0.0774122233087784,-0.8055174346000094,0.01072386539177117,1.563481085394411,1.8364823574581468,0.220532305801747,0.6276380681174114,0.32761610651969164,1.4342209750034662,-0.3256337836042196,1.4342209750034662,1.4654144951864119,0.36887425187451583,2.0961196679639027,1.8257584920663756,1.2344223661301879,1.5872840000670347,1.8257584920663756,0.0,1.4517706145198677,-0.3968311036838976,0.16623650438402393,1.593444308771856,0.9776445060295629,1.0601444478379758,1.653212513775344,1.3416323357780549,0.4585389772023625,1.4891523421411996,1.7483462687575972,1.0202410574663663,1.8364823574581468,0.11171047087454333,0.38471174293827914,-1.2312383087181207,-0.8241325464024563,-1.124154508000176,-0.017549639516401427,-1.7774043981240872,-0.017549639516401427,0.013643880666544206,-1.0828963626453518,0.644349053444035,0.373987877546508,-0.2173482483896798,0.13551338554716708,0.373987877546508,-1.4517706145198677,0.0,-1.8486017182037653,-1.2855341101358437,0.14167369425198828,-0.4741261084903048,-0.3916261666818919,0.2014418992554763,-0.11013827874181281,-0.9932316373175052,0.03738172762133196,0.2965756542377296,-0.4315295570535014,0.38471174293827914,1.9603121890783086,2.2333134611420444,0.6173634094856446,1.024469171801309,0.7244472102035893,1.8310520786873639,0.07119732007967805,1.8310520786873639,1.8622455988703095,0.7657053555584135,2.4929507716478003,2.2225895957502733,1.6312534698140855,1.9841151037509324,2.2225895957502733,0.3968311036838976,1.8486017182037653,0.0,0.5630676080679216,1.9902754124557536,1.3744756097134605,1.4569755515218734,2.0500436174592416,1.7384634394619525,0.8553700808862601,1.8859834458250972,2.145177372441495,1.417072161150264,2.2333134611420444,1.397244581010387,1.6702458530741229,0.054295801417723055,0.4614015637333875,0.1613796021356677,1.2679844706194423,-0.4918702879882435,1.2679844706194423,1.299177990802388,0.2026377474904919,1.9298831635798788,1.6595219876823517,1.068185861746164,1.4210474956830108,1.6595219876823517,-0.16623650438402393,1.2855341101358437,-0.5630676080679216,0.0,1.427207804387832,0.811408001645539,0.8939079434539519,1.48697600939132,1.175395831394031,0.29230247281833854,1.3229158377571757,1.5821097643735733,0.8540045530823424,1.6702458530741229,-0.029963223377444947,0.24303804868629086,-1.372912002970109,-0.9658062406544445,-1.2658282022521643,-0.1592233337683897,-1.9190780923760755,-0.1592233337683897,-0.12802981358544407,-1.22457005689734,0.5026753591920468,0.2323141832945197,-0.3590219426416681,-0.006160308704821205,0.2323141832945197,-1.593444308771856,-0.14167369425198828,-1.9902754124557536,-1.427207804387832,0.0,-0.6157998027422931,-0.5332998609338802,0.059768205003488006,-0.2518119729938011,-1.1349053315694935,-0.10429196663065632,0.1549019599857413,-0.5732032513054897,0.24303804868629086,0.5858365793648481,0.8588378514285839,-0.7571122002278159,-0.35000643791215147,-0.6500283995098712,0.45657646897390336,-1.3032782896337824,0.45657646897390336,0.487769989156849,-0.608770254155047,1.1184751619343398,0.8481139860368128,0.256777860100625,0.6096394940374719,0.8481139860368128,-0.9776445060295629,0.4741261084903048,-1.3744756097134605,-0.811408001645539,0.6157998027422931,0.0,0.08249994180841291,0.6755680077457811,0.363987829748492,-0.5191055288272004,0.5115078361116367,0.7707017627280344,0.04259655143680341,0.8588378514285839,0.5033366375564352,0.776337909620171,-0.8396121420362288,-0.4325063797205644,-0.7325283413182841,0.37407652716549045,-1.3857782314421954,0.37407652716549045,0.4052700473484361,-0.69127019596346,1.035975220125927,0.7656140442283998,0.17427791829221206,0.527139552229059,0.7656140442283998,-1.0601444478379758,0.3916261666818919,-1.4569755515218734,-0.8939079434539519,0.5332998609338802,-0.08249994180841291,0.0,0.5930680659373682,0.28148788794007906,-0.6016054706356133,0.42900789430322384,0.6882018209196215,-0.039903390371609504,0.776337909620171,-0.08973142838093295,0.18326984368280286,-1.432680207973597,-1.0255744456579325,-1.3255964072556523,-0.21899153877187771,-1.9788462973795635,-0.21899153877187771,-0.18779801858893208,-1.2843382619008281,0.44290715418855875,0.1725459782910317,-0.4187901476451561,-0.06592851370830921,0.1725459782910317,-1.653212513775344,-0.2014418992554763,-2.0500436174592416,-1.48697600939132,-0.059768205003488006,-0.6755680077457811,-0.5930680659373682,0.0,-0.3115801779972891,-1.1946735365729815,-0.16406017163414433,0.0951337549822533,-0.6329714563089777,0.18326984368280286,0.22184874961635614,0.49485002168009196,-1.1211000299763079,-0.7139942676606434,-1.0140162292583632,0.09258863922541138,-1.6672661193822744,0.09258863922541138,0.12378215940835702,-0.972758083903539,0.7544873321858478,0.4841261562883208,-0.107209969647867,0.2456516642889799,0.4841261562883208,-1.3416323357780549,0.11013827874181281,-1.7384634394619525,-1.175395831394031,0.2518119729938011,-0.363987829748492,-0.28148788794007906,0.3115801779972891,0.0,-0.8830933585756924,0.14752000636314477,0.4067139329795424,-0.32139127831168857,0.49485002168009196,1.1049421081920485,1.3779433802557843,-0.2380066714006155,0.16909909091504893,-0.13092287068267083,0.9756819978011038,-0.784172760806582,0.9756819978011038,1.0068755179840494,-0.08966472532784664,1.6375806907615402,1.3672195148640132,0.7758833889278254,1.1287450228646723,1.3672195148640132,-0.4585389772023625,0.9932316373175052,-0.8553700808862601,-0.29230247281833854,1.1349053315694935,0.5191055288272004,0.6016054706356133,1.1946735365729815,0.8830933585756924,0.0,1.0306133649388372,1.2898072915552348,0.5617020802640038,1.3779433802557843,0.07432874325321137,0.3473300153169472,-1.2686200363394526,-0.8615142740237882,-1.161536235621508,-0.05493136713773339,-1.8147861257454192,-0.05493136713773339,-0.023737846954787756,-1.1202780902666838,0.6069673258227031,0.336606149925176,-0.25472997601101177,0.09813165792583511,0.336606149925176,-1.4891523421411996,-0.03738172762133196,-1.8859834458250972,-1.3229158377571757,0.10429196663065632,-0.5115078361116367,-0.42900789430322384,0.16406017163414433,-0.14752000636314477,-1.0306133649388372,0.0,0.2591939266163976,-0.46891128467483334,0.3473300153169472,-0.18486518336318625,0.08813608870054956,-1.5278139629558503,-1.1207082006401858,-1.4207301622379056,-0.314125293754131,-2.073980052361817,-0.314125293754131,-0.2829317735711854,-1.3794720168830814,0.34777339920630546,0.0774122233087784,-0.5139239026274094,-0.1610622686905625,0.0774122233087784,-1.7483462687575972,-0.2965756542377296,-2.145177372441495,-1.5821097643735733,-0.1549019599857413,-0.7707017627280344,-0.6882018209196215,-0.0951337549822533,-0.4067139329795424,-1.2898072915552348,-0.2591939266163976,0.0,-0.728105211291231,0.08813608870054956,0.5432400279280447,0.8162412999917805,-0.7997087516646193,-0.3926029893489549,-0.6926249509466746,0.41397991753709995,-1.3458748410705859,0.41397991753709995,0.4451734377200456,-0.6513668055918505,1.0758786104975364,0.8055174346000094,0.21418130866382157,0.5670429426006685,0.8055174346000094,-1.0202410574663663,0.4315295570535014,-1.417072161150264,-0.8540045530823424,0.5732032513054897,-0.04259655143680341,0.039903390371609504,0.6329714563089777,0.32139127831168857,-0.5617020802640038,0.46891128467483334,0.728105211291231,0.0,0.8162412999917805,-0.2730012720637358,0.0,-1.6159500516563998,-1.2088442893407354,-1.5088662509384552,-0.40226138245468057,-2.1621161410623664,-0.40226138245468057,-0.37106786227173494,-1.467608105583631,0.2596373105057559,-0.01072386539177117,-0.602059991327959,-0.24919835739111207,-0.01072386539177117,-1.8364823574581468,-0.38471174293827914,-2.2333134611420444,-1.6702458530741229,-0.24303804868629086,-0.8588378514285839,-0.776337909620171,-0.18326984368280286,-0.49485002168009196,-1.3779433802557843,-0.3473300153169472,-0.08813608870054956,-0.8162412999917805,0.0,0.0,0.44972024810681965,0.3722555832738692,0.584185267558258,0.9452131928975263,1.0243944389451496,0.17245697440058727,1.2004856980008292,0.49008623188403,0.8263486040014172,1.4734869700645703,-0.262909532212074,0.8142840926000368,0.4127891297109567,1.0978233561036834,0.3809417624589617,0.7855123500300127,1.2973957110088872,1.3988533517676647,0.6401804547798697,0.45489048157291023,-0.3578227854640552,0.06376513084442514,0.4957633647757209,-0.16187109465370675,0.1751798327360614,-2.3948267732478943,1.0341542762343057,0.6690067809585756,-0.44972024810681965,0.0,-0.07746466483295045,0.1344650194514383,0.4954929447907066,0.5746741908383299,-0.2772632737062324,0.7507654498940095,0.040365983777210346,0.37662835589459753,1.0237667219577506,-0.7126297803188937,0.3645638444932171,-0.03693111839586294,0.6481031079968638,-0.06877848564785793,0.3357921019231931,0.8476754629020675,0.949133103660845,0.19046020667305008,0.005170233466090579,-0.8075430335708749,-0.3859551172623945,0.04604311666890126,-0.6115913427605264,-0.27454041537075824,-2.844547021354714,0.584434028127486,0.21928653285175592,-0.3722555832738692,0.07746466483295045,0.0,0.21192968428438874,0.572957609623657,0.6521388556712804,-0.19979860887328194,0.82823011472696,0.11783064861016079,0.454093020727548,1.101231386790701,-0.6351651154859432,0.44202850932616755,0.04053354643708751,0.7255677728298142,0.008686179185092513,0.41325676675614353,0.925140127735018,1.0265977684937955,0.26792487150600053,0.08263489829904103,-0.7300783687379244,-0.30849045242944406,0.12350778150185171,-0.534126677927576,-0.1970757505378078,-2.7670823565217635,0.6618986929604365,0.29675119768470637,-0.584185267558258,-0.1344650194514383,-0.21192968428438874,0.0,0.3610279253392683,0.44020917138689164,-0.4117282931576707,0.6163004304425712,-0.09409903567422795,0.24216333644315924,0.8893017025063124,-0.847094799770332,0.2300988250417788,-0.17139613784730123,0.5136380885454255,-0.20324350509929623,0.2013270824717548,0.7132104434506292,0.8146680842094067,0.055995187221611786,-0.12929478598534772,-0.9420080530223132,-0.5204201367138328,-0.08842190278253703,-0.7460563622119647,-0.40900543482219653,-2.9790120408061522,0.4499690086760477,0.08482151340031763,-0.9452131928975263,-0.4954929447907066,-0.572957609623657,-0.3610279253392683,0.0,0.07918124604762333,-0.772756218496939,0.2552725051033029,-0.45512696101349626,-0.11886458889610907,0.528273777167044,-1.2081227251096003,-0.1309291002974895,-0.5324240631865695,0.15261016320615717,-0.5642714304385645,-0.15970084286751351,0.3521825181113609,0.4536401588701384,-0.3050327381176565,-0.490322711324616,-1.3030359783615815,-0.8814480620531011,-0.44944982812180534,-1.107084287551233,-0.7700333601614648,-3.3400399661454205,0.08894108333677941,-0.2762064119389507,-1.0243944389451496,-0.5746741908383299,-0.6521388556712804,-0.44020917138689164,-0.07918124604762333,0.0,-0.8519374645445623,0.17609125905567957,-0.5343082070611196,-0.1980458349437324,0.4490925311194207,-1.2873039711572236,-0.21011034634511283,-0.6116053092341929,0.07342891715853384,-0.6434526764861879,-0.23888208891513685,0.2730012720637376,0.3744589128225151,-0.38421398416527985,-0.5695039573722394,-1.3822172244092048,-0.9606293081007244,-0.5286310741694287,-1.1862655335988563,-0.8492146062090882,-3.419221212193044,0.009759837289156081,-0.355387657986574,-0.17245697440058727,0.2772632737062324,0.19979860887328194,0.4117282931576707,0.772756218496939,0.8519374645445623,0.0,1.028028723600242,0.31762925748344273,0.6538916296008299,1.301029995663983,-0.4353665066126613,0.6418271181994495,0.24033215531036944,0.9253663817030962,0.20848478805837445,0.6130553756294255,1.1249387366083,1.2263963773670774,0.46772348037928246,0.28243350717232296,-0.5302797598646425,-0.10869184355616213,0.32330639037513365,-0.334328069054294,0.002722858335474143,-2.5672837476484816,0.8616973018337184,0.4965498065579883,-1.2004856980008292,-0.7507654498940095,-0.82823011472696,-0.6163004304425712,-0.2552725051033029,-0.17609125905567957,-1.028028723600242,0.0,-0.7103994661167992,-0.374137093999412,0.27300127206374114,-1.4633952302129032,-0.3862016054007924,-0.7876965682898724,-0.10266234189714574,-0.8195439355418674,-0.4149733479708164,0.09691001300805802,0.19836765376683552,-0.5603052432209594,-0.7455952164279189,-1.5583084834648844,-1.136720567156404,-0.7047223332251082,-1.362356792654536,-1.0253058652647677,-3.5953124712487234,-0.1663314217665235,-0.5314789170422536,-0.49008623188403,-0.040365983777210346,-0.11783064861016079,0.09409903567422795,0.45512696101349626,0.5343082070611196,-0.31762925748344273,0.7103994661167992,0.0,0.3362623721173872,0.9834007381805403,-0.752995764096104,0.32419786071600676,-0.07729710217307328,0.6077371242196534,-0.10914446942506828,0.29542611814598274,0.8073094791248572,0.9087671198836347,0.15009422289583974,-0.03519575031111977,-0.8479090173480852,-0.42632110103960486,0.005677132891690917,-0.6519573265377367,-0.3149063991479686,-2.8849130051319243,0.5440680443502757,0.17892054907454558,-0.8263486040014172,-0.37662835589459753,-0.454093020727548,-0.24216333644315924,0.11886458889610907,0.1980458349437324,-0.6538916296008299,0.374137093999412,-0.3362623721173872,0.0,0.6471383660631531,-1.0892581362134912,-0.012064511401380429,-0.41355947429046047,0.27147475210226624,-0.44540684154245547,-0.040836253971404446,0.47104710700747,0.5725047477662475,-0.18616814922154745,-0.37145812242850695,-1.1841713894654724,-0.762583473156992,-0.33058523922569627,-0.9882196986551239,-0.6511687712653558,-3.2211753772493115,0.20780567223288848,-0.1573418230428416,-1.4734869700645703,-1.0237667219577506,-1.101231386790701,-0.8893017025063124,-0.528273777167044,-0.4490925311194207,-1.301029995663983,-0.27300127206374114,-0.9834007381805403,-0.6471383660631531,0.0,-1.7363965022766443,-0.6592028774645335,-1.0606978403536136,-0.3756636139608869,-1.0925452076056086,-0.6879746200345576,-0.17609125905568312,-0.07463361829690562,-0.8333065152847006,-1.01859648849166,-1.8313097555286255,-1.4097218392201452,-0.9777236052888494,-1.635358064718277,-1.2983071373285089,-3.8683137433124646,-0.43933269383026463,-0.8044801891059947,0.262909532212074,0.7126297803188937,0.6351651154859432,0.847094799770332,1.2081227251096003,1.2873039711572236,0.4353665066126613,1.4633952302129032,0.752995764096104,1.0892581362134912,1.7363965022766443,0.0,1.0771936248121108,0.6756986619230307,1.3607328883157574,0.6438512946710357,1.0484218822420868,1.5603052432209612,1.6617628839797387,0.9030899869919438,0.7178000137849843,-0.09491325325198119,0.32667466305649917,0.7586728969877949,0.10103843755836728,0.43808936494813544,-2.1319172410358203,1.2970638084463797,0.9319163131706496,-0.8142840926000368,-0.3645638444932171,-0.44202850932616755,-0.2300988250417788,0.1309291002974895,0.21011034634511283,-0.6418271181994495,0.3862016054007924,-0.32419786071600676,0.012064511401380429,0.6592028774645335,-1.0771936248121108,0.0,-0.40149496288908004,0.28353926350364667,-0.43334233014107504,-0.028771742570024017,0.4831116184088504,0.5845692591676279,-0.17410363782016702,-0.3593936110271265,-1.172106878064092,-0.7505189617556116,-0.31852072782431584,-0.9761551872537435,-0.6391042598639753,-3.209110865847931,0.2198701836342689,-0.14527731164146118,-0.4127891297109567,0.03693111839586294,-0.04053354643708751,0.17139613784730123,0.5324240631865695,0.6116053092341929,-0.24033215531036944,0.7876965682898724,0.07729710217307328,0.41355947429046047,1.0606978403536136,-0.6756986619230307,0.40149496288908004,0.0,0.6850342263927267,-0.031847367251994996,0.372723220319056,0.8846065812979305,0.986064222056708,0.22739132506891302,0.04210135186195352,-0.7706119151750119,-0.34902399886653157,0.0829742350647642,-0.5746602243646635,-0.2376092969748953,-2.807615902958851,0.621365146523349,0.25621765124761886,-1.0978233561036834,-0.6481031079968638,-0.7255677728298142,-0.5136380885454255,-0.15261016320615717,-0.07342891715853384,-0.9253663817030962,0.10266234189714574,-0.6077371242196534,-0.27147475210226624,0.3756636139608869,-1.3607328883157574,-0.28353926350364667,-0.6850342263927267,0.0,-0.7168815936447217,-0.3123110060736707,0.19957235490520375,0.30102999566398125,-0.4576429013238137,-0.6429328745307732,-1.4556461415677386,-1.0340582252592583,-0.6020599913279625,-1.2596944507573902,-0.922643523367622,-3.4926501293515777,-0.06366907986937775,-0.42881657514510785,-0.3809417624589617,0.06877848564785793,-0.008686179185092513,0.20324350509929623,0.5642714304385645,0.6434526764861879,-0.20848478805837445,0.8195439355418674,0.10914446942506828,0.44540684154245547,1.0925452076056086,-0.6438512946710357,0.43334233014107504,0.031847367251994996,0.7168815936447217,0.0,0.404570587571051,0.9164539485499255,1.017911589308703,0.259238692320908,0.07394871911394851,-0.7387645479230169,-0.3171766316145366,0.1148216023167592,-0.5428128571126685,-0.2057619297229003,-2.775768535706856,0.653212513775344,0.28806501849961386,-0.7855123500300127,-0.3357921019231931,-0.41325676675614353,-0.2013270824717548,0.15970084286751351,0.23888208891513685,-0.6130553756294255,0.4149733479708164,-0.29542611814598274,0.040836253971404446,0.6879746200345576,-1.0484218822420868,0.028771742570024017,-0.372723220319056,0.3123110060736707,-0.404570587571051,0.0,0.5118833609788744,0.6133410017376519,-0.145331895250143,-0.3306218684571025,-1.143335135494068,-0.7217472191855876,-0.2897489852542918,-0.9473834446837195,-0.6103325172939513,-3.180339123277907,0.24864192620429293,-0.11650556907143717,-1.2973957110088872,-0.8476754629020675,-0.925140127735018,-0.7132104434506292,-0.3521825181113609,-0.2730012720637376,-1.1249387366083,-0.09691001300805802,-0.8073094791248572,-0.47104710700747,0.17609125905568312,-1.5603052432209612,-0.4831116184088504,-0.8846065812979305,-0.19957235490520375,-0.9164539485499255,-0.5118833609788744,0.0,0.1014576407587775,-0.6572152562290174,-0.8425052294359769,-1.6552184964729424,-1.233630580164462,-0.8016323462331663,-1.459266805662594,-1.1222158782728258,-3.6922224842567815,-0.2632414347745815,-0.6283889300503116,-1.3988533517676647,-0.949133103660845,-1.0265977684937955,-0.8146680842094067,-0.4536401588701384,-0.3744589128225151,-1.2263963773670774,-0.19836765376683552,-0.9087671198836347,-0.5725047477662475,0.07463361829690562,-1.6617628839797387,-0.5845692591676279,-0.986064222056708,-0.30102999566398125,-1.017911589308703,-0.6133410017376519,-0.1014576407587775,0.0,-0.7586728969877949,-0.9439628701947544,-1.75667613723172,-1.3350882209232395,-0.9030899869919438,-1.5607244464213714,-1.2236735190316033,-3.793680125015559,-0.364699075533359,-0.7298465708090891,-0.6401804547798697,-0.19046020667305008,-0.26792487150600053,-0.055995187221611786,0.3050327381176565,0.38421398416527985,-0.46772348037928246,0.5603052432209594,-0.15009422289583974,0.18616814922154745,0.8333065152847006,-0.9030899869919438,0.17410363782016702,-0.22739132506891302,0.4576429013238137,-0.259238692320908,0.145331895250143,0.6572152562290174,0.7586728969877949,0.0,-0.1852899732069595,-0.998003240243925,-0.5764153239354446,-0.14441709000414882,-0.8020515494335765,-0.4650006220438083,-3.035007228027764,0.39397382145443594,0.02882632617870584,-0.45489048157291023,-0.005170233466090579,-0.08263489829904103,0.12929478598534772,0.490322711324616,0.5695039573722394,-0.28243350717232296,0.7455952164279189,0.03519575031111977,0.37145812242850695,1.01859648849166,-0.7178000137849843,0.3593936110271265,-0.04210135186195352,0.6429328745307732,-0.07394871911394851,0.3306218684571025,0.8425052294359769,0.9439628701947544,0.1852899732069595,0.0,-0.8127132670369654,-0.3911253507284851,0.040872883202810684,-0.616761576226617,-0.2797106488368488,-2.8497172548208045,0.5792637946613954,0.21411629938566534,0.3578227854640552,0.8075430335708749,0.7300783687379244,0.9420080530223132,1.3030359783615815,1.3822172244092048,0.5302797598646425,1.5583084834648844,0.8479090173480852,1.1841713894654724,1.8313097555286255,0.09491325325198119,1.172106878064092,0.7706119151750119,1.4556461415677386,0.7387645479230169,1.143335135494068,1.6552184964729424,1.75667613723172,0.998003240243925,0.8127132670369654,0.0,0.42158791630848036,0.8535861502397761,0.19595169081034847,0.5330026182001166,-2.037003987783839,1.3919770616983609,1.0268295664226308,-0.06376513084442514,0.3859551172623945,0.30849045242944406,0.5204201367138328,0.8814480620531011,0.9606293081007244,0.10869184355616213,1.136720567156404,0.42632110103960486,0.762583473156992,1.4097218392201452,-0.32667466305649917,0.7505189617556116,0.34902399886653157,1.0340582252592583,0.3171766316145366,0.7217472191855876,1.233630580164462,1.3350882209232395,0.5764153239354446,0.3911253507284851,-0.42158791630848036,0.0,0.43199823393129577,-0.2256362254981319,0.11141470189163627,-2.4585919040923194,0.9703891453898805,0.6052416501141504,-0.4957633647757209,-0.04604311666890126,-0.12350778150185171,0.08842190278253703,0.44944982812180534,0.5286310741694287,-0.32330639037513365,0.7047223332251082,-0.005677132891690917,0.33058523922569627,0.9777236052888494,-0.7586728969877949,0.31852072782431584,-0.0829742350647642,0.6020599913279625,-0.1148216023167592,0.2897489852542918,0.8016323462331663,0.9030899869919438,0.14441709000414882,-0.040872883202810684,-0.8535861502397761,-0.43199823393129577,0.0,-0.6576344594294277,-0.3205835320396595,-2.890590138023615,0.5383909114585848,0.17324341618285466,0.16187109465370675,0.6115913427605264,0.534126677927576,0.7460563622119647,1.107084287551233,1.1862655335988563,0.334328069054294,1.362356792654536,0.6519573265377367,0.9882196986551239,1.635358064718277,-0.10103843755836728,0.9761551872537435,0.5746602243646635,1.2596944507573902,0.5428128571126685,0.9473834446837195,1.459266805662594,1.5607244464213714,0.8020515494335765,0.616761576226617,-0.19595169081034847,0.2256362254981319,0.6576344594294277,0.0,0.33705092738976816,-2.2329556785941875,1.1960253708880124,0.8308778756122823,-0.1751798327360614,0.27454041537075824,0.1970757505378078,0.40900543482219653,0.7700333601614648,0.8492146062090882,-0.002722858335474143,1.0253058652647677,0.3149063991479686,0.6511687712653558,1.2983071373285089,-0.43808936494813544,0.6391042598639753,0.2376092969748953,0.922643523367622,0.2057619297229003,0.6103325172939513,1.1222158782728258,1.2236735190316033,0.4650006220438083,0.2797106488368488,-0.5330026182001166,-0.11141470189163627,0.3205835320396595,-0.33705092738976816,0.0,-2.5700066059839557,0.8589744434982443,0.49382694822251416,2.3948267732478943,2.844547021354714,2.7670823565217635,2.9790120408061522,3.3400399661454205,3.419221212193044,2.5672837476484816,3.5953124712487234,2.8849130051319243,3.2211753772493115,3.8683137433124646,2.1319172410358203,3.209110865847931,2.807615902958851,3.4926501293515777,2.775768535706856,3.180339123277907,3.6922224842567815,3.793680125015559,3.035007228027764,2.8497172548208045,2.037003987783839,2.4585919040923194,2.890590138023615,2.2329556785941875,2.5700066059839557,0.0,3.4289810494822,3.06383355420647,-1.0341542762343057,-0.584434028127486,-0.6618986929604365,-0.4499690086760477,-0.08894108333677941,-0.009759837289156081,-0.8616973018337184,0.1663314217665235,-0.5440680443502757,-0.20780567223288848,0.43933269383026463,-1.2970638084463797,-0.2198701836342689,-0.621365146523349,0.06366907986937775,-0.653212513775344,-0.24864192620429293,0.2632414347745815,0.364699075533359,-0.39397382145443594,-0.5792637946613954,-1.3919770616983609,-0.9703891453898805,-0.5383909114585848,-1.1960253708880124,-0.8589744434982443,-3.4289810494822,0.0,-0.3651474952757301,-0.6690067809585756,-0.21928653285175592,-0.29675119768470637,-0.08482151340031763,0.2762064119389507,0.355387657986574,-0.4965498065579883,0.5314789170422536,-0.17892054907454558,0.1573418230428416,0.8044801891059947,-0.9319163131706496,0.14527731164146118,-0.25621765124761886,0.42881657514510785,-0.28806501849961386,0.11650556907143717,0.6283889300503116,0.7298465708090891,-0.02882632617870584,-0.21411629938566534,-1.0268295664226308,-0.6052416501141504,-0.17324341618285466,-0.8308778756122823,-0.49382694822251416,-3.06383355420647,0.3651474952757301,0.0,0.0,-0.5753040596679604,0.5201558869448633,-0.036648978808345944,0.1802078252505126,-0.38631384069845964,0.0027400373660260158,0.11503729364570248,0.3753223216196222,-0.7955521241749306,0.10797543915821528,0.0941871546725821,-0.6201164040843228,-0.07506467985279386,0.36888821161421426,0.05838232406635413,-0.8660457184559291,0.0941871546725821,-0.786715715947901,0.20139712432045087,0.16397062637982707,0.04002912208547649,-0.6619257358000059,-0.5261441327081045,0.13693913509353273,0.4455222686479594,-0.1249387366082999,-0.16033071169714042,0.7242758696007865,0.5753040596679604,0.0,1.0954599466128236,0.5386550808596144,0.755511884918473,0.18899021896950075,0.5780440970339864,0.6903413533136629,0.9506263812875826,-0.2202480645069702,0.6832794988261757,0.6694912143405425,-0.04481234441636239,0.5002393798151665,0.9441922712821746,0.6336863837343145,-0.29074165878796876,0.6694912143405425,-0.21141165627994063,0.7767011839884113,0.7392746860477875,0.6153331817534369,-0.08662167613204552,0.04915992695985594,0.7122431947614931,1.0208263283159198,0.4503653230596605,0.41497334797082,1.2995799292687469,-0.5201558869448633,-1.0954599466128236,0.0,-0.5568048657532092,-0.33994806169435066,-0.9064697276433229,-0.5174158495788372,-0.4051185932991608,-0.14483356532524105,-1.3157080111197939,-0.412180447786648,-0.42596873227228116,-1.140272291029186,-0.5952205667976571,-0.151267675330649,-0.4617735628785091,-1.3862016054007924,-0.42596873227228116,-1.3068716028927643,-0.3187587626244124,-0.3561852605650362,-0.48012676485938677,-1.1820816227448692,-1.0463000196529677,-0.38321675185133053,-0.07463361829690385,-0.6450946235531632,-0.6804865986420037,0.20411998265592324,0.036648978808345944,-0.5386550808596144,0.5568048657532092,0.0,0.21685680405885854,-0.3496648618901137,0.03938901617437196,0.15168627245404842,0.41197130042796815,-0.7589031453665847,0.14462441796656123,0.13083613348092804,-0.5834674252759768,-0.038415701044447914,0.4055371904225602,0.09503130287470007,-0.8293967396475832,0.13083613348092804,-0.7500667371395551,0.23804610312879682,0.200619605188173,0.07667810089382243,-0.62527675699166,-0.4894951538997585,0.17358811390187867,0.48217124745630535,-0.08828975779995396,-0.12368173288879447,0.7609248484091324,-0.1802078252505126,-0.755511884918473,0.33994806169435066,-0.21685680405885854,0.0,-0.5665216659489722,-0.17746778788448658,-0.06517053160481012,0.1951144963691096,-0.9757599494254432,-0.07223238609229732,-0.0860206705779305,-0.8003242293348354,-0.25527250510330646,0.18868038636370166,-0.12182550118415847,-1.0462535437064417,-0.0860206705779305,-0.9669235411984136,0.021189299069938272,-0.016237198870685532,-0.1401787031650361,-0.8421335610505185,-0.706351957958617,-0.04326869015697987,0.2653144433974468,-0.3051465618588125,-0.340538536947653,0.5440680443502739,0.38631384069845964,-0.18899021896950075,0.9064697276433229,0.3496648618901137,0.5665216659489722,0.0,0.38905387806448566,0.5013511343441621,0.7616361623180818,-0.40923828347647095,0.4942892798566749,0.48050099537104174,-0.23380256338586314,0.3112491608456658,0.7552020523126739,0.4446961647648138,-0.4797318777574695,0.48050099537104174,-0.4004018752494414,0.5877109650189105,0.5502844670782867,0.42634296278393613,-0.27561189510154627,-0.1398302920096448,0.5232529757919924,0.831836109346419,0.26137510409015974,0.22598312900131923,1.1105897102992461,-0.0027400373660260158,-0.5780440970339864,0.5174158495788372,-0.03938901617437196,0.17746778788448658,-0.38905387806448566,0.0,0.11229725627967646,0.3725822842535962,-0.7982921615409566,0.10523540179218926,0.09144711730655608,-0.6228564414503488,-0.07780471721881987,0.36614817424818824,0.055642286700328114,-0.8687857558219552,0.09144711730655608,-0.789455753313927,0.19865708695442486,0.16123058901380105,0.03728908471945047,-0.6646657731660319,-0.5288841700741305,0.1341990977275067,0.4427822312819334,-0.12767877397432592,-0.16307074906316643,0.7215358322347605,-0.11503729364570248,-0.6903413533136629,0.4051185932991608,-0.15168627245404842,0.06517053160481012,-0.5013511343441621,-0.11229725627967646,0.0,0.2602850279739197,-0.9105894178206331,-0.007061854487487196,-0.02085013897312038,-0.7351536977300253,-0.19010197349849633,0.2538509179685118,-0.05665496957934835,-0.9810830121016316,-0.02085013897312038,-0.9017530095936035,0.0863598306747484,0.04893333273412459,-0.07500817156022599,-0.7769630294457084,-0.6411814263538069,0.02190184144783025,0.33048497500225693,-0.23997603025400238,-0.2753680053428429,0.609238575955084,-0.3753223216196222,-0.9506263812875826,0.14483356532524105,-0.41197130042796815,-0.1951144963691096,-0.7616361623180818,-0.3725822842535962,-0.2602850279739197,0.0,-1.1708744457945528,-0.2673468824614069,-0.2811351669470401,-0.995438725703945,-0.45038700147241606,-0.006434110005407945,-0.31693999755326807,-1.2413680400755513,-0.2811351669470401,-1.1620380375675232,-0.17392519729917133,-0.21135169523979513,-0.3352931995341457,-1.0372480574196281,-0.9014664543277267,-0.23838318652608947,0.0701999470283372,-0.5002610582279221,-0.5356530333167626,0.3489535479811643,0.7955521241749306,0.2202480645069702,1.3157080111197939,0.7589031453665847,0.9757599494254432,0.40923828347647095,0.7982921615409566,0.9105894178206331,1.1708744457945528,0.0,0.9035275633331459,0.8897392788475127,0.17543572009060782,0.7204874443221367,1.1644403357891449,0.8539344482412847,-0.07049359428099855,0.8897392788475127,0.00883640822702958,0.9969492484953815,0.9595227505547577,0.8355812462604071,0.1336263883749247,0.26940799146682615,0.9324912592684633,1.24107439282289,0.6706133875666307,0.6352214124777902,1.519827993775717,-0.10797543915821528,-0.6832794988261757,0.412180447786648,-0.14462441796656123,0.07223238609229732,-0.4942892798566749,-0.10523540179218926,0.007061854487487196,0.2673468824614069,-0.9035275633331459,0.0,-0.013788284485633184,-0.7280918432425381,-0.18304011901100914,0.260912772455999,-0.04959311509186115,-0.9740211576141444,-0.013788284485633184,-0.8946911551061163,0.09342168516223559,0.055995187221611786,-0.0679463170727388,-0.7699011749582212,-0.6341195718663197,0.028963695935317446,0.3375468294897441,-0.23291417576651519,-0.2683061508553557,0.6163004304425712,-0.0941871546725821,-0.6694912143405425,0.42596873227228116,-0.13083613348092804,0.0860206705779305,-0.48050099537104174,-0.09144711730655608,0.02085013897312038,0.2811351669470401,-0.8897392788475127,0.013788284485633184,0.0,-0.7143035587569049,-0.16925183452537595,0.27470105694163216,-0.035804830606227966,-0.9602328731285112,0.0,-0.8809028706204831,0.10720996964786877,0.06978347170724497,-0.05415803258710561,-0.756112890472588,-0.6203312873806865,0.04275198042095063,0.3513351139753773,-0.219125891280882,-0.2545178663697225,0.6300887149282044,0.6201164040843228,0.04481234441636239,1.140272291029186,0.5834674252759768,0.8003242293348354,0.23380256338586314,0.6228564414503488,0.7351536977300253,0.995438725703945,-0.17543572009060782,0.7280918432425381,0.7143035587569049,0.0,0.5450517242315289,0.989004615698537,0.6784987281506769,-0.24592931437160637,0.7143035587569049,-0.16659931186357824,0.8215135284047737,0.7840870304641498,0.6601455261697993,-0.04180933171568313,0.09397227137621833,0.7570555391778555,1.0656386727322822,0.4951776674760229,0.45978569238718237,1.3443922736851093,0.07506467985279386,-0.5002393798151665,0.5952205667976571,0.038415701044447914,0.25527250510330646,-0.3112491608456658,0.07780471721881987,0.19010197349849633,0.45038700147241606,-0.7204874443221367,0.18304011901100914,0.16925183452537595,-0.5450517242315289,0.0,0.4439528914670081,0.133447003919148,-0.7909810386031353,0.16925183452537595,-0.7116510360951072,0.27646180417324473,0.23903530623262093,0.11509380193827035,-0.586861055947212,-0.4510794528553106,0.21200381494632659,0.5205869485007533,-0.04987405675550605,-0.08526603184434656,0.7993405494535804,-0.36888821161421426,-0.9441922712821746,0.151267675330649,-0.4055371904225602,-0.18868038636370166,-0.7552020523126739,-0.36614817424818824,-0.2538509179685118,0.006434110005407945,-1.1644403357891449,-0.260912772455999,-0.27470105694163216,-0.989004615698537,-0.4439528914670081,0.0,-0.3105058875478601,-1.2349339300701434,-0.27470105694163216,-1.1556039275621153,-0.16749108729376339,-0.2049175852343872,-0.32885908952873777,-1.0308139474142202,-0.8950323443223187,-0.23194907652068153,0.07663405703374515,-0.49382694822251416,-0.5292189233113547,0.35538765798657224,-0.05838232406635413,-0.6336863837343145,0.4617735628785091,-0.09503130287470007,0.12182550118415847,-0.4446961647648138,-0.055642286700328114,0.05665496957934835,0.31693999755326807,-0.8539344482412847,0.04959311509186115,0.035804830606227966,-0.6784987281506769,-0.133447003919148,0.3105058875478601,0.0,-0.9244280425222833,0.035804830606227966,-0.8450980400142551,0.14301480025409674,0.10558830231347294,-0.018353201980877643,-0.72030805986636,-0.5845264567744586,0.0785568110271786,0.3871399445816053,-0.18332106067465403,-0.21871303576349455,0.6658935455344324,0.8660457184559291,0.29074165878796876,1.3862016054007924,0.8293967396475832,1.0462535437064417,0.4797318777574695,0.8687857558219552,0.9810830121016316,1.2413680400755513,0.07049359428099855,0.9740211576141444,0.9602328731285112,0.24592931437160637,0.7909810386031353,1.2349339300701434,0.9244280425222833,0.0,0.9602328731285112,0.07933000250802813,1.06744284277638,1.0300163448357562,0.9060748405414056,0.20411998265592324,0.3399015857478247,1.0029848535494619,1.3115679871038886,0.7411069818476292,0.7057150067587887,1.5903215880567156,-0.0941871546725821,-0.6694912143405425,0.42596873227228116,-0.13083613348092804,0.0860206705779305,-0.48050099537104174,-0.09144711730655608,0.02085013897312038,0.2811351669470401,-0.8897392788475127,0.013788284485633184,0.0,-0.7143035587569049,-0.16925183452537595,0.27470105694163216,-0.035804830606227966,-0.9602328731285112,0.0,-0.8809028706204831,0.10720996964786877,0.06978347170724497,-0.05415803258710561,-0.756112890472588,-0.6203312873806865,0.04275198042095063,0.3513351139753773,-0.219125891280882,-0.2545178663697225,0.6300887149282044,0.786715715947901,0.21141165627994063,1.3068716028927643,0.7500667371395551,0.9669235411984136,0.4004018752494414,0.789455753313927,0.9017530095936035,1.1620380375675232,-0.00883640822702958,0.8946911551061163,0.8809028706204831,0.16659931186357824,0.7116510360951072,1.1556039275621153,0.8450980400142551,-0.07933000250802813,0.8809028706204831,0.0,0.9881128402683519,0.9506863423277281,0.8267448380333775,0.12478998014789511,0.26057158323979657,0.9236548510414337,1.2322379845958604,0.6617769793396011,0.6263850042507606,1.5109915855486875,-0.20139712432045087,-0.7767011839884113,0.3187587626244124,-0.23804610312879682,-0.021189299069938272,-0.5877109650189105,-0.19865708695442486,-0.0863598306747484,0.17392519729917133,-0.9969492484953815,-0.09342168516223559,-0.10720996964786877,-0.8215135284047737,-0.27646180417324473,0.16749108729376339,-0.14301480025409674,-1.06744284277638,-0.10720996964786877,-0.9881128402683519,0.0,-0.037426497940623804,-0.16136800223497438,-0.8633228601204568,-0.7275412570285553,-0.06445798922691814,0.24412514432750854,-0.3263358609287508,-0.3617278360175913,0.5228787452803356,-0.16397062637982707,-0.7392746860477875,0.3561852605650362,-0.200619605188173,0.016237198870685532,-0.5502844670782867,-0.16123058901380105,-0.04893333273412459,0.21135169523979513,-0.9595227505547577,-0.055995187221611786,-0.06978347170724497,-0.7840870304641498,-0.23903530623262093,0.2049175852343872,-0.10558830231347294,-1.0300163448357562,-0.06978347170724497,-0.9506863423277281,0.037426497940623804,0.0,-0.12394150429435058,-0.825896362179833,-0.6901147590879315,-0.02703149128629434,0.28155164226813234,-0.28890936298812697,-0.3243013380769675,0.5603052432209594,-0.04002912208547649,-0.6153331817534369,0.48012676485938677,-0.07667810089382243,0.1401787031650361,-0.42634296278393613,-0.03728908471945047,0.07500817156022599,0.3352931995341457,-0.8355812462604071,0.0679463170727388,0.05415803258710561,-0.6601455261697993,-0.11509380193827035,0.32885908952873777,0.018353201980877643,-0.9060748405414056,0.05415803258710561,-0.8267448380333775,0.16136800223497438,0.12394150429435058,0.0,-0.7019548578854824,-0.5661732547935809,0.09691001300805624,0.4054931465624829,-0.1649678586937764,-0.2003598337826169,0.68424674751531,0.6619257358000059,0.08662167613204552,1.1820816227448692,0.62527675699166,0.8421335610505185,0.27561189510154627,0.6646657731660319,0.7769630294457084,1.0372480574196281,-0.1336263883749247,0.7699011749582212,0.756112890472588,0.04180933171568313,0.586861055947212,1.0308139474142202,0.72030805986636,-0.20411998265592324,0.756112890472588,-0.12478998014789511,0.8633228601204568,0.825896362179833,0.7019548578854824,0.0,0.13578160309190146,0.7988648708935386,1.1074480044479653,0.536986999191706,0.5015950241028655,1.3862016054007924,0.5261441327081045,-0.04915992695985594,1.0463000196529677,0.4894951538997585,0.706351957958617,0.1398302920096448,0.5288841700741305,0.6411814263538069,0.9014664543277267,-0.26940799146682615,0.6341195718663197,0.6203312873806865,-0.09397227137621833,0.4510794528553106,0.8950323443223187,0.5845264567744586,-0.3399015857478247,0.6203312873806865,-0.26057158323979657,0.7275412570285553,0.6901147590879315,0.5661732547935809,-0.13578160309190146,0.0,0.6630832678016372,0.9716664013560639,0.40120539609980455,0.36581342101096403,1.250420002308891,-0.13693913509353273,-0.7122431947614931,0.38321675185133053,-0.17358811390187867,0.04326869015697987,-0.5232529757919924,-0.1341990977275067,-0.02190184144783025,0.23838318652608947,-0.9324912592684633,-0.028963695935317446,-0.04275198042095063,-0.7570555391778555,-0.21200381494632659,0.23194907652068153,-0.0785568110271786,-1.0029848535494619,-0.04275198042095063,-0.9236548510414337,0.06445798922691814,0.02703149128629434,-0.09691001300805624,-0.7988648708935386,-0.6630832678016372,0.0,0.3085831335544267,-0.26187787170183263,-0.29726984679067314,0.5873367345072538,-0.4455222686479594,-1.0208263283159198,0.07463361829690385,-0.48217124745630535,-0.2653144433974468,-0.831836109346419,-0.4427822312819334,-0.33048497500225693,-0.0701999470283372,-1.24107439282289,-0.3375468294897441,-0.3513351139753773,-1.0656386727322822,-0.5205869485007533,-0.07663405703374515,-0.3871399445816053,-1.3115679871038886,-0.3513351139753773,-1.2322379845958604,-0.24412514432750854,-0.28155164226813234,-0.4054931465624829,-1.1074480044479653,-0.9716664013560639,-0.3085831335544267,0.0,-0.5704610052562593,-0.6058529803450998,0.2787536009528271,0.1249387366082999,-0.4503653230596605,0.6450946235531632,0.08828975779995396,0.3051465618588125,-0.26137510409015974,0.12767877397432592,0.23997603025400238,0.5002610582279221,-0.6706133875666307,0.23291417576651519,0.219125891280882,-0.4951776674760229,0.04987405675550605,0.49382694822251416,0.18332106067465403,-0.7411069818476292,0.219125891280882,-0.6617769793396011,0.3263358609287508,0.28890936298812697,0.1649678586937764,-0.536986999191706,-0.40120539609980455,0.26187787170183263,0.5704610052562593,0.0,-0.03539197508884051,0.8492146062090864,0.16033071169714042,-0.41497334797082,0.6804865986420037,0.12368173288879447,0.340538536947653,-0.22598312900131923,0.16307074906316643,0.2753680053428429,0.5356530333167626,-0.6352214124777902,0.2683061508553557,0.2545178663697225,-0.45978569238718237,0.08526603184434656,0.5292189233113547,0.21871303576349455,-0.7057150067587887,0.2545178663697225,-0.6263850042507606,0.3617278360175913,0.3243013380769675,0.2003598337826169,-0.5015950241028655,-0.36581342101096403,0.29726984679067314,0.6058529803450998,0.03539197508884051,0.0,0.8846065812979269,-0.7242758696007865,-1.2995799292687469,-0.20411998265592324,-0.7609248484091324,-0.5440680443502739,-1.1105897102992461,-0.7215358322347605,-0.609238575955084,-0.3489535479811643,-1.519827993775717,-0.6163004304425712,-0.6300887149282044,-1.3443922736851093,-0.7993405494535804,-0.35538765798657224,-0.6658935455344324,-1.5903215880567156,-0.6300887149282044,-1.5109915855486875,-0.5228787452803356,-0.5603052432209594,-0.68424674751531,-1.3862016054007924,-1.250420002308891,-0.5873367345072538,-0.2787536009528271,-0.8492146062090864,-0.8846065812979269,0.0,0.0,-0.5373692820015705,-0.9164539485499255,-0.44771162540303067,0.0,-1.2050883096611038,-0.4010310856491799,-0.33099321904142265,-0.14943906428424114,0.06694678963061307,-0.7883704155653302,-0.6617450963250935,-0.16562582537751602,0.2710667722865363,-0.220294921547735,0.2568263331719294,-0.5118833609788744,0.35024801833416497,-0.3521825181113627,0.42596873227228116,-1.607071878521177,-0.45593195564972255,-0.20120197963871078,-0.12104369272477555,-0.19629464514396844,0.4057653461839923,-1.8699647063723184,-0.5981649474444399,-0.1439065756842801,0.5373692820015705,0.0,-0.37908466654835493,0.08965765659853986,0.5373692820015705,-0.6677190276595333,0.13633819635239064,0.20637606296014788,0.3879302177173294,0.6043160716321836,-0.25100113356375964,-0.12437581432352296,0.3717434566240545,0.8084360542881068,0.3170743604538355,0.7941956151734999,0.02548592102269609,0.8876173003357355,0.18518676389020783,0.9633380142738517,-1.0697025965196065,0.08143732635184797,0.33616730236285974,0.41632558927679497,0.3410746368576021,0.9431346281855628,-1.3325954243707478,-0.06079566544286941,0.3934627063172904,0.9164539485499255,0.37908466654835493,0.0,0.4687423231468948,0.9164539485499255,-0.28863436111117835,0.5154228629007456,0.5854607295085028,0.7670148842656843,0.9834007381805385,0.1280835329845953,0.25470885222483197,0.7508281231724094,1.1875207208364618,0.6961590270021905,1.1732802817218548,0.404570587571051,1.2667019668840904,0.5642714304385628,1.3424226808222066,-0.6906179299712516,0.4605219929002029,0.7152519689112147,0.7954102558251499,0.720159303405957,1.3222192947339177,-0.9535107578223929,0.3182890011054855,0.7725473728656453,0.44771162540303067,-0.08965765659853986,-0.4687423231468948,0.0,0.44771162540303067,-0.7573766842580731,0.04668053975385078,0.11671840636160802,0.2982725611187895,0.5146584150336437,-0.3406587901622995,-0.21403347092206282,0.28208580002551464,0.718778397689567,0.22741670385529567,0.70453795857496,-0.06417173557584377,0.7979596437371956,0.09552910729166797,0.8736803576753118,-1.1593602531181464,-0.008220330246691887,0.24650964576431988,0.3266679326782551,0.25141698025906223,0.853476971587023,-1.4222530809692877,-0.15045332204140927,0.30380504971875055,0.0,-0.5373692820015705,-0.9164539485499255,-0.44771162540303067,0.0,-1.2050883096611038,-0.4010310856491799,-0.33099321904142265,-0.14943906428424114,0.06694678963061307,-0.7883704155653302,-0.6617450963250935,-0.16562582537751602,0.2710667722865363,-0.220294921547735,0.2568263331719294,-0.5118833609788744,0.35024801833416497,-0.3521825181113627,0.42596873227228116,-1.607071878521177,-0.45593195564972255,-0.20120197963871078,-0.12104369272477555,-0.19629464514396844,0.4057653461839923,-1.8699647063723184,-0.5981649474444399,-0.1439065756842801,1.2050883096611038,0.6677190276595333,0.28863436111117835,0.7573766842580731,1.2050883096611038,0.0,0.8040572240119239,0.8740950906196812,1.0556492453768627,1.2720350992917169,0.41671789409577364,0.5433432133360103,1.0394624842835878,1.4761550819476401,0.9847933881133688,1.4619146428330332,0.6932049486822294,1.5553363279952688,0.8529057915497411,1.631057041933385,-0.40198356886007325,0.7491563540113813,1.003886330022393,1.0840446169363283,1.0087936645171354,1.610853655845096,-0.6648763967112146,0.6069233622166639,1.0611817339768237,0.4010310856491799,-0.13633819635239064,-0.5154228629007456,-0.04668053975385078,0.4010310856491799,-0.8040572240119239,0.0,0.07003786660775724,0.25159202136493874,0.46797787527979295,-0.3873393299161503,-0.2607140106759136,0.23540526027166386,0.6720978579357162,0.18073616410144488,0.6578574188211093,-0.11085227532969455,0.7512791039833449,0.04884856753781719,0.826999817921461,-1.2060407928719972,-0.05490087000054267,0.1998291060104691,0.27998739292440433,0.20473644050521145,0.8067964318331722,-1.4689336207231385,-0.19713386179526005,0.2571245099648998,0.33099321904142265,-0.20637606296014788,-0.5854607295085028,-0.11671840636160802,0.33099321904142265,-0.8740950906196812,-0.07003786660775724,0.0,0.1815541547571815,0.3979400086720357,-0.4573771965239075,-0.33075187728367084,0.16536739366390663,0.602059991327959,0.11069829749368765,0.587819552213352,-0.1808901419374518,0.6812412373755876,-0.02118929906994005,0.7569619513137038,-1.2760786594797544,-0.1249387366082999,0.12979123940271187,0.2099495263166471,0.1346985738974542,0.7367585652254149,-1.5389714873308957,-0.2671717284030173,0.18708664335714253,0.14943906428424114,-0.3879302177173294,-0.7670148842656843,-0.2982725611187895,0.14943906428424114,-1.0556492453768627,-0.25159202136493874,-0.1815541547571815,0.0,0.2163858539148542,-0.638931351281089,-0.5123060320408523,-0.016186761093274882,0.42050583657077745,-0.07085585726349386,0.4062653974561705,-0.3624442966946333,0.4996870826184061,-0.20274345382712156,0.5754077965565223,-1.457632814236936,-0.3064928913654814,-0.05176291535446964,0.028395371559465588,-0.0468555808597273,0.5552044104682334,-1.7205256420880772,-0.4487258831601988,0.005532488599961027,-0.06694678963061307,-0.6043160716321836,-0.9834007381805385,-0.5146584150336437,-0.06694678963061307,-1.2720350992917169,-0.46797787527979295,-0.3979400086720357,-0.2163858539148542,0.0,-0.8553172051959432,-0.7286918859557066,-0.2325726150081291,0.20411998265592324,-0.28724171117834807,0.1898795435413163,-0.5788301506094875,0.2833012287035519,-0.41912930774197577,0.3590219426416681,-1.6740186681517901,-0.5228787452803356,-0.26814876926932385,-0.18799048235538862,-0.2632414347745815,0.3388185565533792,-1.9369114960029314,-0.665111737075053,-0.21085336531489318,0.7883704155653302,0.25100113356375964,-0.1280835329845953,0.3406587901622995,0.7883704155653302,-0.41671789409577364,0.3873393299161503,0.4573771965239075,0.638931351281089,0.8553172051959432,0.0,0.12662531924023668,0.6227445901878141,1.0594371878518665,0.5680754940175952,1.0451967487372595,0.2764870545864557,1.1386184338994951,0.43618789745396747,1.2143391478376113,-0.8187014629558469,0.3324384599156076,0.5871684359266194,0.6673267228405546,0.5920757704213617,1.1941357617493225,-1.0815942908069882,0.19020546812089023,0.64446383988105,0.6617450963250935,0.12437581432352296,-0.25470885222483197,0.21403347092206282,0.6617450963250935,-0.5433432133360103,0.2607140106759136,0.33075187728367084,0.5123060320408523,0.7286918859557066,-0.12662531924023668,0.0,0.49611927094757746,0.9328118686116298,0.4414501747773585,0.9185714294970229,0.14986173534621905,1.0119931146592585,0.3095625782137308,1.0877138285973746,-0.9453267821960836,0.20581314067537093,0.4605431166863827,0.5407014036003179,0.46545045118112505,1.0675104425090858,-1.208219610047225,0.06358014888065355,0.5178385206408134,0.16562582537751602,-0.3717434566240545,-0.7508281231724094,-0.28208580002551464,0.16562582537751602,-1.0394624842835878,-0.23540526027166386,-0.16536739366390663,0.016186761093274882,0.2325726150081291,-0.6227445901878141,-0.49611927094757746,0.0,0.43669259766405233,-0.05466909617021898,0.4224521585494454,-0.3462575356013584,0.515873843711681,-0.18655669273384667,0.5915945576497972,-1.441446053143661,-0.29030613027220653,-0.03557615426119476,0.04458213265274047,-0.030668819766452415,0.5713911715615083,-1.7043388809948024,-0.4325391220669239,0.02171924969323591,-0.2710667722865363,-0.8084360542881068,-1.1875207208364618,-0.718778397689567,-0.2710667722865363,-1.4761550819476401,-0.6720978579357162,-0.602059991327959,-0.42050583657077745,-0.20411998265592324,-1.0594371878518665,-0.9328118686116298,-0.43669259766405233,0.0,-0.4913616938342713,-0.014240439114606929,-0.7829501332654107,0.07918124604762866,-0.623249290397899,0.15490195998574485,-1.8781386508077134,-0.7269987279362589,-0.4722687519252471,-0.39211046501131186,-0.46736141743050474,0.134698573897456,-2.1410314786588547,-0.8692317197309762,-0.4149733479708164,0.220294921547735,-0.3170743604538355,-0.6961590270021905,-0.22741670385529567,0.220294921547735,-0.9847933881133688,-0.18073616410144488,-0.11069829749368765,0.07085585726349386,0.28724171117834807,-0.5680754940175952,-0.4414501747773585,0.05466909617021898,0.4913616938342713,0.0,0.4771212547196644,-0.29158843943113943,0.5705429398819,-0.1318875965636277,0.6462636538200162,-1.386776956973442,-0.23563703410198755,0.01909294190902422,0.09925122882295945,0.024000276403766563,0.6260602677317273,-1.6496697848245834,-0.37787002589670493,0.07638834586345489,-0.2568263331719294,-0.7941956151734999,-1.1732802817218548,-0.70453795857496,-0.2568263331719294,-1.4619146428330332,-0.6578574188211093,-0.587819552213352,-0.4062653974561705,-0.1898795435413163,-1.0451967487372595,-0.9185714294970229,-0.4224521585494454,0.014240439114606929,-0.4771212547196644,0.0,-0.7687096941508038,0.09342168516223559,-0.6090088512832921,0.16914239910035178,-1.8638982116931064,-0.7127582888216519,-0.45802831281064016,-0.37787002589670493,-0.4531209783158978,0.14893901301206292,-2.1267910395442478,-0.8549912806163693,-0.4007329088562095,0.5118833609788744,-0.02548592102269609,-0.404570587571051,0.06417173557584377,0.5118833609788744,-0.6932049486822294,0.11085227532969455,0.1808901419374518,0.3624442966946333,0.5788301506094875,-0.2764870545864557,-0.14986173534621905,0.3462575356013584,0.7829501332654107,0.29158843943113943,0.7687096941508038,0.0,0.8621313793130394,0.15970084286751174,0.9378520932511556,-1.0951885175423026,0.05595140532915188,0.31068138134016365,0.3908396682540989,0.315588715834906,0.9176487071628667,-1.358081345393444,-0.0862815864655655,0.3679767852945943,-0.35024801833416497,-0.8876173003357355,-1.2667019668840904,-0.7979596437371956,-0.35024801833416497,-1.5553363279952688,-0.7512791039833449,-0.6812412373755876,-0.4996870826184061,-0.2833012287035519,-1.1386184338994951,-1.0119931146592585,-0.515873843711681,-0.07918124604762866,-0.5705429398819,-0.09342168516223559,-0.8621313793130394,0.0,-0.7024305364455277,0.07572071393811619,-1.957319896855342,-0.8061799739838875,-0.5514499979728757,-0.4712917110589405,-0.5465426634781334,0.055517327849827325,-2.2202127247064833,-0.9484129657786049,-0.4941545940184451,0.3521825181113627,-0.18518676389020783,-0.5642714304385628,-0.09552910729166797,0.3521825181113627,-0.8529057915497411,-0.04884856753781719,0.02118929906994005,0.20274345382712156,0.41912930774197577,-0.43618789745396747,-0.3095625782137308,0.18655669273384667,0.623249290397899,0.1318875965636277,0.6090088512832921,-0.15970084286751174,0.7024305364455277,0.0,0.7781512503836439,-1.2548893604098144,-0.10374943753835986,0.15098053847265192,0.23113882538658714,0.15588787296739426,0.757947864295355,-1.5177821882609557,-0.24598242933307723,0.20827594242708258,-0.42596873227228116,-0.9633380142738517,-1.3424226808222066,-0.8736803576753118,-0.42596873227228116,-1.631057041933385,-0.826999817921461,-0.7569619513137038,-0.5754077965565223,-0.3590219426416681,-1.2143391478376113,-1.0877138285973746,-0.5915945576497972,-0.15490195998574485,-0.6462636538200162,-0.16914239910035178,-0.9378520932511556,-0.07572071393811619,-0.7781512503836439,0.0,-2.033040610793458,-0.8819006879220037,-0.6271707119109919,-0.5470124249970567,-0.6222633774162496,-0.020203386088288866,-2.2959334386445995,-1.024133679716721,-0.5698753079565613,1.607071878521177,1.0697025965196065,0.6906179299712516,1.1593602531181464,1.607071878521177,0.40198356886007325,1.2060407928719972,1.2760786594797544,1.457632814236936,1.6740186681517901,0.8187014629558469,0.9453267821960836,1.441446053143661,1.8781386508077134,1.386776956973442,1.8638982116931064,1.0951885175423026,1.957319896855342,1.2548893604098144,2.033040610793458,0.0,1.1511399228714545,1.4058698988824663,1.4860281857964015,1.4107772333772086,2.0128372247051693,-0.2628928278511413,1.0089069310767371,1.463165302836897,0.45593195564972255,-0.08143732635184797,-0.4605219929002029,0.008220330246691887,0.45593195564972255,-0.7491563540113813,0.05490087000054267,0.1249387366082999,0.3064928913654814,0.5228787452803356,-0.3324384599156076,-0.20581314067537093,0.29030613027220653,0.7269987279362589,0.23563703410198755,0.7127582888216519,-0.05595140532915188,0.8061799739838875,0.10374943753835986,0.8819006879220037,-1.1511399228714545,0.0,0.25472997601101177,0.334888262924947,0.2596373105057541,0.8616973018337148,-1.4140327507225958,-0.14223299179471738,0.31202537996544244,0.20120197963871078,-0.33616730236285974,-0.7152519689112147,-0.24650964576431988,0.20120197963871078,-1.003886330022393,-0.1998291060104691,-0.12979123940271187,0.05176291535446964,0.26814876926932385,-0.5871684359266194,-0.4605431166863827,0.03557615426119476,0.4722687519252471,-0.01909294190902422,0.45802831281064016,-0.31068138134016365,0.5514499979728757,-0.15098053847265192,0.6271707119109919,-1.4058698988824663,-0.25472997601101177,0.0,0.08015828691393523,0.004907334494742344,0.6069673258227031,-1.6687627267336076,-0.39696296780572915,0.05729540395443067,0.12104369272477555,-0.41632558927679497,-0.7954102558251499,-0.3266679326782551,0.12104369272477555,-1.0840446169363283,-0.27998739292440433,-0.2099495263166471,-0.028395371559465588,0.18799048235538862,-0.6673267228405546,-0.5407014036003179,-0.04458213265274047,0.39211046501131186,-0.09925122882295945,0.37787002589670493,-0.3908396682540989,0.4712917110589405,-0.23113882538658714,0.5470124249970567,-1.4860281857964015,-0.334888262924947,-0.08015828691393523,0.0,-0.07525095241919288,0.5268090389087678,-1.7489210136475428,-0.4771212547196644,-0.02286288295950456,0.19629464514396844,-0.3410746368576021,-0.720159303405957,-0.25141698025906223,0.19629464514396844,-1.0087936645171354,-0.20473644050521145,-0.1346985738974542,0.0468555808597273,0.2632414347745815,-0.5920757704213617,-0.46545045118112505,0.030668819766452415,0.46736141743050474,-0.024000276403766563,0.4531209783158978,-0.315588715834906,0.5465426634781334,-0.15588787296739426,0.6222633774162496,-1.4107772333772086,-0.2596373105057541,-0.004907334494742344,0.07525095241919288,0.0,0.6020599913279607,-1.67367006122835,-0.4018703023004715,0.052388069459688325,-0.4057653461839923,-0.9431346281855628,-1.3222192947339177,-0.853476971587023,-0.4057653461839923,-1.610853655845096,-0.8067964318331722,-0.7367585652254149,-0.5552044104682334,-0.3388185565533792,-1.1941357617493225,-1.0675104425090858,-0.5713911715615083,-0.134698573897456,-0.6260602677317273,-0.14893901301206292,-0.9176487071628667,-0.055517327849827325,-0.757947864295355,0.020203386088288866,-2.0128372247051693,-0.8616973018337148,-0.6069673258227031,-0.5268090389087678,-0.6020599913279607,0.0,-2.2757300525563107,-1.0039302936284322,-0.5496719218682724,1.8699647063723184,1.3325954243707478,0.9535107578223929,1.4222530809692877,1.8699647063723184,0.6648763967112146,1.4689336207231385,1.5389714873308957,1.7205256420880772,1.9369114960029314,1.0815942908069882,1.208219610047225,1.7043388809948024,2.1410314786588547,1.6496697848245834,2.1267910395442478,1.358081345393444,2.2202127247064833,1.5177821882609557,2.2959334386445995,0.2628928278511413,1.4140327507225958,1.6687627267336076,1.7489210136475428,1.67367006122835,2.2757300525563107,0.0,1.2717997589278784,1.7260581306880383,0.5981649474444399,0.06079566544286941,-0.3182890011054855,0.15045332204140927,0.5981649474444399,-0.6069233622166639,0.19713386179526005,0.2671717284030173,0.4487258831601988,0.665111737075053,-0.19020546812089023,-0.06358014888065355,0.4325391220669239,0.8692317197309762,0.37787002589670493,0.8549912806163693,0.0862815864655655,0.9484129657786049,0.24598242933307723,1.024133679716721,-1.0089069310767371,0.14223299179471738,0.39696296780572915,0.4771212547196644,0.4018703023004715,1.0039302936284322,-1.2717997589278784,0.0,0.4542583717601598,0.1439065756842801,-0.3934627063172904,-0.7725473728656453,-0.30380504971875055,0.1439065756842801,-1.0611817339768237,-0.2571245099648998,-0.18708664335714253,-0.005532488599961027,0.21085336531489318,-0.64446383988105,-0.5178385206408134,-0.02171924969323591,0.4149733479708164,-0.07638834586345489,0.4007329088562095,-0.3679767852945943,0.4941545940184451,-0.20827594242708258,0.5698753079565613,-1.463165302836897,-0.31202537996544244,-0.05729540395443067,0.02286288295950456,-0.052388069459688325,0.5496719218682724,-1.7260581306880383,-0.4542583717601598,0.0,0.0,-1.2721732556415066,-0.5585942975468718,-1.6227566136781277,-0.8791778295865313,-0.15490195998574485,-1.1461280356782382,-0.376750709602101,-1.3300270462694037,-0.6368220975871743,-0.798354636471931,-0.8567576525592493,-1.5166297960033361,-1.7429868333203924,-1.5704317391433804,-0.05799194697768684,-0.32123338175226834,-1.5534206422702486,-0.3405385369476548,-0.826999817921461,-0.8567576525592493,-1.485315733334934,-0.9496223118025799,-2.0387525889920166,-0.9030899869919438,-0.4771212547196626,-0.4412086988290156,-0.8926245533137784,-0.43365556093857194,1.2721732556415066,0.0,0.7135789580946348,-0.3505833580366211,0.3929954260549753,1.1172712956557618,0.12604521996326845,0.8954225460394056,-0.057853790627897084,0.6353511580543323,0.4738186191695757,0.41541560308225733,-0.2444565403618295,-0.47081357767888576,-0.2982584835018738,1.2141813086638198,0.9509398738892383,-0.28124738662874194,0.9316347186938518,0.4451734377200456,0.41541560308225733,-0.21314247769342742,0.3225509438389267,-0.76657933335051,0.36908326864956287,0.795052000921844,0.830964556812491,0.3795487023277282,0.8385176947029347,0.5585942975468718,-0.7135789580946348,0.0,-1.064162316131256,-0.3205835320396595,0.403692337561127,-0.5875337381313663,0.18184358794477085,-0.7714327487225319,-0.0782278000403025,-0.2397603389250591,-0.29816335501237745,-0.9580354984564643,-1.1843925357735205,-1.0118374415965086,0.500602350569185,0.2373609157946035,-0.9948263447233767,0.21805576059921705,-0.2684055203745892,-0.29816335501237745,-0.9267214357880622,-0.3910280142557081,-1.4801582914451448,-0.3444956894450719,0.08147304282720924,0.11738559871785625,-0.3340302557669066,0.1249387366082999,1.6227566136781277,0.3505833580366211,1.064162316131256,0.0,0.7435787840915964,1.4678546536923829,0.47662857799988956,1.2460059040760267,0.292729567408724,0.9859345160909534,0.8244019772061968,0.7659989611188784,0.1061268176747916,-0.12023021964226466,0.05232487453474732,1.564764666700441,1.3015232319258594,0.06933597140787917,1.282218076730473,0.7957567957566667,0.7659989611188784,0.13744088034319368,0.6731343018755478,-0.4159959753138889,0.719666626686184,1.1456353589584651,1.1815479148491121,0.7301320603643493,1.1891010527395558,0.8791778295865313,-0.3929954260549753,0.3205835320396595,-0.7435787840915964,0.0,0.7242758696007865,-0.26695020609170683,0.5024271199844303,-0.45084921668287237,0.242355731999357,0.0808231931146004,0.02242017702728205,-0.6374519664168048,-0.863809003733861,-0.6912539095568491,0.8211858826088445,0.557944447834263,-0.6742428126837172,0.5386392926388766,0.0521780116650703,0.02242017702728205,-0.6061379037484027,-0.0704444822160486,-1.1595747594054853,-0.023912157405412415,0.40205657486686874,0.43796913075751576,-0.01344672372724709,0.4455222686479594,0.15490195998574485,-1.1172712956557618,-0.403692337561127,-1.4678546536923829,-0.7242758696007865,0.0,-0.9912260756924933,-0.22184874961635614,-1.1751250862836589,-0.4819201376014295,-0.6434526764861861,-0.7018556925735044,-1.3617278360175913,-1.5880848733346475,-1.4155297791576356,0.09691001300805802,-0.1663314217665235,-1.3985186822845037,-0.18563657696190994,-0.6720978579357162,-0.7018556925735044,-1.3304137733491892,-0.7947203518168351,-1.8838506290062718,-0.7481880270061989,-0.32221929473391775,-0.28630673884327074,-0.7377225933280336,-0.2787536009528271,1.1461280356782382,-0.12604521996326845,0.5875337381313663,-0.47662857799988956,0.26695020609170683,0.9912260756924933,0.0,0.7693773260761372,-0.18389901059116553,0.5093059380910638,0.34777339920630723,0.2893703831189889,-0.37050176032509796,-0.5968587976421542,-0.42430370346514223,1.0881360887005513,0.8248946539259698,-0.4072926065920104,0.8055894987305834,0.31912821775677713,0.2893703831189889,-0.3391876976566959,0.19650572387565823,-0.8926245533137784,0.24303804868629442,0.6690067809585756,0.7049193368492226,0.25350348236445974,0.7124724747396662,0.376750709602101,-0.8954225460394056,-0.18184358794477085,-1.2460059040760267,-0.5024271199844303,0.22184874961635614,-0.7693773260761372,0.0,-0.9532763366673027,-0.26007138798507334,-0.42160392686982995,-0.4800069429571483,-1.1398790864012351,-1.3662361237182914,-1.1936810295412794,0.31875876262441416,0.055517327849832654,-1.1766699326681476,0.036212172654446206,-0.45024910831936005,-0.4800069429571483,-1.108565023732833,-0.572871602200479,-1.6620018793899156,-0.5263392773898428,-0.1003705451175616,-0.06445798922691459,-0.5158738437116774,-0.05690485133647094,1.3300270462694037,0.057853790627897084,0.7714327487225319,-0.292729567408724,0.45084921668287237,1.1751250862836589,0.18389901059116553,0.9532763366673027,0.0,0.6932049486822294,0.5316724097974728,0.4732693937101544,-0.18660274973393243,-0.4129597870509887,-0.2404046928739767,1.2720350992917169,1.0087936645171354,-0.22339359600084485,0.9894885093217489,0.5030272283479427,0.4732693937101544,-0.15528868706553034,0.38040473446682377,-0.7087255427226129,0.42693705927745995,0.8529057915497411,0.8888183474403881,0.4374024929556253,0.8963714853308318,0.6368220975871743,-0.6353511580543323,0.0782278000403025,-0.9859345160909534,-0.242355731999357,0.4819201376014295,-0.5093059380910638,0.26007138798507334,-0.6932049486822294,0.0,-0.1615325388847566,-0.21993555497207495,-0.8798076984161618,-1.106164735733218,-0.9336096415562061,0.5788301506094875,0.315588715834906,-0.9165985446830742,0.29628356063951955,-0.1901777203342867,-0.21993555497207495,-0.8484936357477597,-0.3128002142154056,-1.4019304914048423,-0.2662678894047694,0.15970084286751174,0.19561339875815875,-0.2558024557266041,0.2031665366486024,0.798354636471931,-0.4738186191695757,0.2397603389250591,-0.8244019772061968,-0.0808231931146004,0.6434526764861861,-0.34777339920630723,0.42160392686982995,-0.5316724097974728,0.1615325388847566,0.0,-0.05840301608731835,-0.7182751595314052,-0.9446321968484614,-0.7720771026714495,0.7403626894942441,0.4771212547196626,-0.7550660057983176,0.45781609952427615,-0.0286451814495301,-0.05840301608731835,-0.6869610968630031,-0.151267675330649,-1.2403979525200857,-0.10473535052001282,0.32123338175226834,0.35714593764291536,-0.09426991684184749,0.364699075533359,0.8567576525592493,-0.41541560308225733,0.29816335501237745,-0.7659989611188784,-0.02242017702728205,0.7018556925735044,-0.2893703831189889,0.4800069429571483,-0.4732693937101544,0.21993555497207495,0.05840301608731835,0.0,-0.6598721434440868,-0.8862291807611431,-0.7136740865841311,0.7987657055815625,0.535524270806981,-0.6966629897109993,0.5162191156115945,0.02975783463778825,0.0,-0.6285580807756848,-0.09286465924333065,-1.1819949364327673,-0.046332334432694466,0.3796363978395867,0.4155489537302337,-0.03586690075452914,0.42310209162067736,1.5166297960033361,0.2444565403618295,0.9580354984564643,-0.1061268176747916,0.6374519664168048,1.3617278360175913,0.37050176032509796,1.1398790864012351,0.18660274973393243,0.8798076984161618,0.7182751595314052,0.6598721434440868,0.0,-0.22635703731705625,-0.05380194314004427,1.4586378490256493,1.1953964142510678,-0.036790846266912425,1.1760912590556813,0.6896299780818751,0.6598721434440868,0.03131406266840209,0.5670074842007562,-0.5221227929886805,0.6135398090113924,1.0395085412836735,1.0754210971743206,0.6240052426895577,1.0829742350647642,1.7429868333203924,0.47081357767888576,1.1843925357735205,0.12023021964226466,0.863809003733861,1.5880848733346475,0.5968587976421542,1.3662361237182914,0.4129597870509887,1.106164735733218,0.9446321968484614,0.8862291807611431,0.22635703731705625,0.0,0.17255509417701198,1.6849948863427056,1.421753451568124,0.18956619105014383,1.4024482963727376,0.9159870153989313,0.8862291807611431,0.25767109998545834,0.7933645215178124,-0.2957657556716242,0.8398968463284486,1.2658655786007298,1.3017781344913768,0.850362280006614,1.3093312723818205,1.5704317391433804,0.2982584835018738,1.0118374415965086,-0.05232487453474732,0.6912539095568491,1.4155297791576356,0.42430370346514223,1.1936810295412794,0.2404046928739767,0.9336096415562061,0.7720771026714495,0.7136740865841311,0.05380194314004427,-0.17255509417701198,0.0,1.5124397921656936,1.249198357391112,0.017011096873131848,1.2298932021957256,0.7434319212219194,0.7136740865841311,0.08511600580844636,0.6208094273408005,-0.4683208498486362,0.6673417521514367,1.0933104844237178,1.1292230403143648,0.677807185829602,1.1367761782048085,0.05799194697768684,-1.2141813086638198,-0.500602350569185,-1.564764666700441,-0.8211858826088445,-0.09691001300805802,-1.0881360887005513,-0.31875876262441416,-1.2720350992917169,-0.5788301506094875,-0.7403626894942441,-0.7987657055815625,-1.4586378490256493,-1.6849948863427056,-1.5124397921656936,0.0,-0.2632414347745815,-1.4954286952925617,-0.28254658996996795,-0.7690078709437742,-0.7987657055815625,-1.4273237863572472,-0.8916303648248931,-1.9807606420143298,-0.8450980400142569,-0.41912930774197577,-0.38321675185132875,-0.8346326063360916,-0.3756636139608851,0.32123338175226834,-0.9509398738892383,-0.2373609157946035,-1.3015232319258594,-0.557944447834263,0.1663314217665235,-0.8248946539259698,-0.055517327849832654,-1.0087936645171354,-0.315588715834906,-0.4771212547196626,-0.535524270806981,-1.1953964142510678,-1.421753451568124,-1.249198357391112,0.2632414347745815,0.0,-1.2321872605179802,-0.019305155195386448,-0.5057664361691927,-0.535524270806981,-1.1640823515826657,-0.6283889300503116,-1.7175192072397483,-0.5818566052396754,-0.15588787296739426,-0.11997531707674725,-0.5713911715615101,-0.1124221791863036,1.5534206422702486,0.28124738662874194,0.9948263447233767,-0.06933597140787917,0.6742428126837172,1.3985186822845037,0.4072926065920104,1.1766699326681476,0.22339359600084485,0.9165985446830742,0.7550660057983176,0.6966629897109993,0.036790846266912425,-0.18956619105014383,-0.017011096873131848,1.4954286952925617,1.2321872605179802,0.0,1.2128821053225938,0.7264208243487875,0.6966629897109993,0.06810490893531451,0.6037983304676686,-0.48533194672176805,0.6503306552783048,1.076299387550586,1.112211943441233,0.6607960889564701,1.1197650813316766,0.3405385369476548,-0.9316347186938518,-0.21805576059921705,-1.282218076730473,-0.5386392926388766,0.18563657696190994,-0.8055894987305834,-0.036212172654446206,-0.9894885093217489,-0.29628356063951955,-0.45781609952427615,-0.5162191156115945,-1.1760912590556813,-1.4024482963727376,-1.2298932021957256,0.28254658996996795,0.019305155195386448,-1.2128821053225938,0.0,-0.48646128097380625,-0.5162191156115945,-1.1447771963872793,-0.6090837748549252,-1.6982140520443618,-0.562551450044289,-0.1365827177720078,-0.1006701618813608,-0.5520860163661236,-0.09311702399091715,0.826999817921461,-0.4451734377200456,0.2684055203745892,-0.7957567957566667,-0.0521780116650703,0.6720978579357162,-0.31912821775677713,0.45024910831936005,-0.5030272283479427,0.1901777203342867,0.0286451814495301,-0.02975783463778825,-0.6896299780818751,-0.9159870153989313,-0.7434319212219194,0.7690078709437742,0.5057664361691927,-0.7264208243487875,0.48646128097380625,0.0,-0.02975783463778825,-0.658315915413473,-0.1226224938811189,-1.2117527710705556,-0.07609016907048272,0.34987856320179844,0.38579111909244546,-0.06562473539231739,0.3933442569828891,0.8567576525592493,-0.41541560308225733,0.29816335501237745,-0.7659989611188784,-0.02242017702728205,0.7018556925735044,-0.2893703831189889,0.4800069429571483,-0.4732693937101544,0.21993555497207495,0.05840301608731835,0.0,-0.6598721434440868,-0.8862291807611431,-0.7136740865841311,0.7987657055815625,0.535524270806981,-0.6966629897109993,0.5162191156115945,0.02975783463778825,0.0,-0.6285580807756848,-0.09286465924333065,-1.1819949364327673,-0.046332334432694466,0.3796363978395867,0.4155489537302337,-0.03586690075452914,0.42310209162067736,1.485315733334934,0.21314247769342742,0.9267214357880622,-0.13744088034319368,0.6061379037484027,1.3304137733491892,0.3391876976566959,1.108565023732833,0.15528868706553034,0.8484936357477597,0.6869610968630031,0.6285580807756848,-0.03131406266840209,-0.25767109998545834,-0.08511600580844636,1.4273237863572472,1.1640823515826657,-0.06810490893531451,1.1447771963872793,0.658315915413473,0.6285580807756848,0.0,0.5356934215323541,-0.5534368556570826,0.5822257463429903,1.0081944786152714,1.0441070345059185,0.5926911800211556,1.0516601723963621,0.9496223118025799,-0.3225509438389267,0.3910280142557081,-0.6731343018755478,0.0704444822160486,0.7947203518168351,-0.19650572387565823,0.572871602200479,-0.38040473446682377,0.3128002142154056,0.151267675330649,0.09286465924333065,-0.5670074842007562,-0.7933645215178124,-0.6208094273408005,0.8916303648248931,0.6283889300503116,-0.6037983304676686,0.6090837748549252,0.1226224938811189,0.09286465924333065,-0.5356934215323541,0.0,-1.0891302771894367,0.04653232481063618,0.47250105708291734,0.5084136129735644,0.05699775848880151,0.515966750864008,2.0387525889920166,0.76657933335051,1.4801582914451448,0.4159959753138889,1.1595747594054853,1.8838506290062718,0.8926245533137784,1.6620018793899156,0.7087255427226129,1.4019304914048423,1.2403979525200857,1.1819949364327673,0.5221227929886805,0.2957657556716242,0.4683208498486362,1.9807606420143298,1.7175192072397483,0.48533194672176805,1.6982140520443618,1.2117527710705556,1.1819949364327673,0.5534368556570826,1.0891302771894367,0.0,1.1356626020000729,1.561631334272354,1.597543890163001,1.1461280356782382,1.6050970280534447,0.9030899869919438,-0.36908326864956287,0.3444956894450719,-0.719666626686184,0.023912157405412415,0.7481880270061989,-0.24303804868629442,0.5263392773898428,-0.42693705927745995,0.2662678894047694,0.10473535052001282,0.046332334432694466,-0.6135398090113924,-0.8398968463284486,-0.6673417521514367,0.8450980400142569,0.5818566052396754,-0.6503306552783048,0.562551450044289,0.07609016907048272,0.046332334432694466,-0.5822257463429903,-0.04653232481063618,-1.1356626020000729,0.0,0.42596873227228116,0.46188128816292817,0.010465433678165326,0.4694344260533718,0.4771212547196626,-0.795052000921844,-0.08147304282720924,-1.1456353589584651,-0.40205657486686874,0.32221929473391775,-0.6690067809585756,0.1003705451175616,-0.8529057915497411,-0.15970084286751174,-0.32123338175226834,-0.3796363978395867,-1.0395085412836735,-1.2658655786007298,-1.0933104844237178,0.41912930774197577,0.15588787296739426,-1.076299387550586,0.1365827177720078,-0.34987856320179844,-0.3796363978395867,-1.0081944786152714,-0.47250105708291734,-1.561631334272354,-0.42596873227228116,0.0,0.03591255589064701,-0.41550329859411583,0.043465693781090664,0.4412086988290156,-0.830964556812491,-0.11738559871785625,-1.1815479148491121,-0.43796913075751576,0.28630673884327074,-0.7049193368492226,0.06445798922691459,-0.8888183474403881,-0.19561339875815875,-0.35714593764291536,-0.4155489537302337,-1.0754210971743206,-1.3017781344913768,-1.1292230403143648,0.38321675185132875,0.11997531707674725,-1.112211943441233,0.1006701618813608,-0.38579111909244546,-0.4155489537302337,-1.0441070345059185,-0.5084136129735644,-1.597543890163001,-0.46188128816292817,-0.03591255589064701,0.0,-0.45141585448476285,0.007553137890443651,0.8926245533137784,-0.3795487023277282,0.3340302557669066,-0.7301320603643493,0.01344672372724709,0.7377225933280336,-0.25350348236445974,0.5158738437116774,-0.4374024929556253,0.2558024557266041,0.09426991684184749,0.03586690075452914,-0.6240052426895577,-0.850362280006614,-0.677807185829602,0.8346326063360916,0.5713911715615101,-0.6607960889564701,0.5520860163661236,0.06562473539231739,0.03586690075452914,-0.5926911800211556,-0.05699775848880151,-1.1461280356782382,-0.010465433678165326,0.41550329859411583,0.45141585448476285,0.0,0.4589689923752065,0.43365556093857194,-0.8385176947029347,-0.1249387366082999,-1.1891010527395558,-0.4455222686479594,0.2787536009528271,-0.7124724747396662,0.05690485133647094,-0.8963714853308318,-0.2031665366486024,-0.364699075533359,-0.42310209162067736,-1.0829742350647642,-1.3093312723818205,-1.1367761782048085,0.3756636139608851,0.1124221791863036,-1.1197650813316766,0.09311702399091715,-0.3933442569828891,-0.42310209162067736,-1.0516601723963621,-0.515966750864008,-1.6050970280534447,-0.4694344260533718,-0.043465693781090664,-0.007553137890443651,-0.4589689923752065,0.0,0.0,0.7904550330809368,0.5285771613791042,-0.6420166257653594,-0.9212067767451337,-0.2495740890045397,0.16649320030514403,0.8214892668209046,0.41400394024263676,-1.3535283341307132,-1.5919967698267463,-0.2998151851323012,0.38953017085943564,-0.8932750046983458,-0.5560328363799201,0.5807551730441745,0.5124903414856483,-0.08759108386022518,-1.4639013264528042,0.03536908676598394,-0.5274642811602597,0.2400158062747213,0.0024330286709979276,0.14226332068064274,-0.11821483129184429,0.28437008242595674,1.0767617719242129,-0.0915392427052204,-0.7641803083188883,-0.7904550330809368,0.0,-0.26187787170183263,-1.4324716588462962,-1.7116618098260705,-1.0400291220854765,-0.6239618327757928,0.03103423373996783,-0.3764510928383,-2.14398336721165,-2.382451802907683,-1.090270218213238,-0.40092486222150114,-1.6837300377792825,-1.3464878694608569,-0.20969986003676233,-0.27796469159528847,-0.878046116941162,-2.254356359533741,-0.7550859463149528,-1.3179193142411965,-0.5504392268062155,-0.7880220044099389,-0.648191712400294,-0.9086698643727811,-0.50608495065498,0.28630673884327607,-0.8819942757861572,-1.554635341399825,-0.5285771613791042,0.26187787170183263,0.0,-1.1705937871444636,-1.449783938124238,-0.7781512503836439,-0.3620839610739601,0.29291210544180046,-0.1145732211364674,-1.8821054955098173,-2.1205739312058505,-0.8283923465114054,-0.1390469905196685,-1.42185216607745,-1.0846099977590242,0.0521780116650703,-0.01608681989345584,-0.6161682452393293,-1.9924784878319084,-0.4932080746131202,-1.0560414425393638,-0.28856135510438286,-0.5261441327081062,-0.3863138406984614,-0.6467919926709484,-0.24420707895314742,0.5481846105451087,-0.6201164040843246,-1.2927574696979924,0.6420166257653594,1.4324716588462962,1.1705937871444636,0.0,-0.2791901509797743,0.39244253676081975,0.8085098260705035,1.463505892586264,1.0560205660079962,-0.7115117083653537,-0.9499801440613869,0.34220144063305824,1.031546796624795,-0.2512583789329863,0.08598378938543938,1.222771798809534,1.1545069672510078,0.5544255419051343,-0.8218847006874448,0.6773857125313434,0.11455234460509978,0.8820324320400807,0.6444496544363574,0.7842799464460022,0.5238017944735152,0.9263867081913162,1.7187783976895723,0.550477383060139,-0.12216368255352883,0.9212067767451337,1.7116618098260705,1.449783938124238,0.2791901509797743,0.0,0.671632687740594,1.0876999770502778,1.7426960435660384,1.3352107169877705,-0.4323215573855794,-0.6707899930816126,0.6213915916128325,1.3107369476045694,0.027931772046787984,0.36517394036521367,1.5019619497893082,1.433697118230782,0.8336156928849086,-0.5426945497076705,0.9565758635111177,0.39374249558487406,1.161222583019855,0.9236398054161317,1.0634700974257765,0.8029919454532894,1.2055768591710905,1.9979685486693466,0.8296675340399133,0.15702646842624546,0.2495740890045397,1.0400291220854765,0.7781512503836439,-0.39244253676081975,-0.671632687740594,0.0,0.41606728930968373,1.0710633558254443,0.6635780292471765,-1.1039542451261735,-1.3424226808222066,-0.05024109612776151,0.6391042598639753,-0.643700915693806,-0.30645874737538037,0.8303292620487142,0.762064430490188,0.16198300514431452,-1.2143272374482645,0.28494317577052364,-0.27789019215572,0.489589895279261,0.25200711767553763,0.39183740968518244,0.1313592577126954,0.5339441714304964,1.3263358609287526,0.1580348462993193,-0.5146062193143486,-0.16649320030514403,0.6239618327757928,0.3620839610739601,-0.8085098260705035,-1.0876999770502778,-0.41606728930968373,0.0,0.6549960665157606,0.24751073993749273,-1.5200215344358572,-1.7584899701318903,-0.46630838543744524,0.2230369705542916,-1.0597682050034898,-0.7225260366850641,0.4142619727390304,0.3459971411805043,-0.2540842841653692,-1.6303945267579483,-0.1311241135391601,-0.6939574814654037,0.07352260596957727,-0.1640601716341461,-0.024229879624501294,-0.2847080315969883,0.11787688212081271,0.9102685716190688,-0.25803244301036443,-0.9306735086240323,-0.8214892668209046,-0.03103423373996783,-0.29291210544180046,-1.463505892586264,-1.7426960435660384,-1.0710633558254443,-0.6549960665157606,0.0,-0.40748532657826786,-2.175017600951618,-2.413486036647651,-1.1213044519532058,-0.431959095961469,-1.7147642715192504,-1.3775221032008247,-0.24073409377673016,-0.3089989253352563,-0.9090803506811298,-2.285390593273709,-0.7861201800549207,-1.3489535479811643,-0.5814734605461833,-0.8190562381499067,-0.6792259461402619,-0.9397040981127489,-0.5371191843949479,0.25527250510330823,-0.913028509526125,-1.585669575139793,-0.41400394024263676,0.3764510928383,0.1145732211364674,-1.0560205660079962,-1.3352107169877705,-0.6635780292471765,-0.24751073993749273,0.40748532657826786,0.0,-1.76753227437335,-2.006000710069383,-0.713819125374938,-0.024473769383201116,-1.3072789449409825,-0.9700367766225568,0.1667512328015377,0.09848640124301156,-0.5015950241028619,-1.877905266695441,-0.3786348534766528,-0.9414682214028964,-0.17398813396791546,-0.41157091157163883,-0.271740619561994,-0.532218771534481,-0.12963385781668002,0.6627578316815761,-0.5055431829478572,-1.178184248561525,1.3535283341307132,2.14398336721165,1.8821054955098173,0.7115117083653537,0.4323215573855794,1.1039542451261735,1.5200215344358572,2.175017600951618,1.76753227437335,0.0,-0.23846843569603315,1.053713148998412,1.7430585049901488,0.4602533294323674,0.7974954977507931,1.9342835071748876,1.8660186756163615,1.265937250270488,-0.11037299232209108,1.388897420896697,0.8260640529704535,1.5935441404054345,1.355961362801711,1.495791654811356,1.2353135028388689,1.63789841655667,2.430290106054926,1.2619890914254928,0.5893480258118249,1.5919967698267463,2.382451802907683,2.1205739312058505,0.9499801440613869,0.6707899930816126,1.3424226808222066,1.7584899701318903,2.413486036647651,2.006000710069383,0.23846843569603315,0.0,1.292181584694445,1.981526940686182,0.6987217651284006,1.0359639334468262,2.1727519428709208,2.1044871113123946,1.5044056859665211,0.12809544337394208,1.6273658565927303,1.0645324886664866,1.8320125761014676,1.5944297984977442,1.734260090507389,1.473781938534902,1.876366852252703,2.668758541750959,1.500457527121526,0.827816461507858,0.2998151851323012,1.090270218213238,0.8283923465114054,-0.34220144063305824,-0.6213915916128325,0.05024109612776151,0.46630838543744524,1.1213044519532058,0.713819125374938,-1.053713148998412,-1.292181584694445,0.0,0.6893453559917369,-0.5934598195660445,-0.25621765124761886,0.8805703581764757,0.8123055266179495,0.21222410127207603,-1.164086141320503,0.33518427189828515,-0.22764909602795846,0.5398309914070225,0.30224821380329914,0.44207850581294394,0.18160035384045692,0.584185267558258,1.376576957056514,0.2082759424270808,-0.46436512318658707,-0.38953017085943564,0.40092486222150114,0.1390469905196685,-1.031546796624795,-1.3107369476045694,-0.6391042598639753,-0.2230369705542916,0.431959095961469,0.024473769383201116,-1.7430585049901488,-1.981526940686182,-0.6893453559917369,0.0,-1.2828051755577814,-0.9455630072393557,0.1912250021847388,0.12296017062621267,-0.4771212547196608,-1.8534314973122399,-0.3541610840934517,-0.9169944520196953,-0.14951436458471434,-0.3870971421884377,-0.2472668501787929,-0.5077450021512799,-0.1051600884334789,0.6872316010647772,-0.48106941356465605,-1.153710479178324,0.8932750046983458,1.6837300377792825,1.42185216607745,0.2512583789329863,-0.027931772046787984,0.643700915693806,1.0597682050034898,1.7147642715192504,1.3072789449409825,-0.4602533294323674,-0.6987217651284006,0.5934598195660445,1.2828051755577814,0.0,0.3372421683184257,1.4740301777425202,1.405765346183994,0.8056839208381206,-0.5706263217544585,0.9286440914643297,0.3658107235380861,1.133290810973067,0.8957080333693437,1.0355383253789885,0.7750601734065015,1.1776450871243025,1.9700367766225586,0.8017357619931254,0.12909469637945747,0.5560328363799201,1.3464878694608569,1.0846099977590242,-0.08598378938543938,-0.36517394036521367,0.30645874737538037,0.7225260366850641,1.3775221032008247,0.9700367766225568,-0.7974954977507931,-1.0359639334468262,0.25621765124761886,0.9455630072393557,-0.3372421683184257,0.0,1.1367880094240945,1.0685231778655684,0.4684417525196949,-0.9078684900728842,0.591401923145904,0.028568555219660396,0.7960486426546414,0.558465865050918,0.6982961570605628,0.4378180050880758,0.8404029188058768,1.632794608304133,0.46449359367469967,-0.2081474719389682,-0.5807551730441745,0.20969986003676233,-0.0521780116650703,-1.222771798809534,-1.5019619497893082,-0.8303292620487142,-0.4142619727390304,0.24073409377673016,-0.1667512328015377,-1.9342835071748876,-2.1727519428709208,-0.8805703581764757,-0.1912250021847388,-1.4740301777425202,-1.1367880094240945,0.0,-0.06826483155852614,-0.6683462569043996,-2.0446564994969787,-0.5453860862781905,-1.1082194542044341,-0.34073936676945316,-0.5783221443731765,-0.4384918523635317,-0.6989700043360187,-0.2963850906182177,0.4960065988800384,-0.6722944157493949,-1.3449354813630627,-0.5124903414856483,0.27796469159528847,0.01608681989345584,-1.1545069672510078,-1.433697118230782,-0.762064430490188,-0.3459971411805043,0.3089989253352563,-0.09848640124301156,-1.8660186756163615,-2.1044871113123946,-0.8123055266179495,-0.12296017062621267,-1.405765346183994,-1.0685231778655684,0.06826483155852614,0.0,-0.6000814253458735,-1.9763916679384526,-0.4771212547196644,-1.039954622645908,-0.272474535210927,-0.5100573128146504,-0.3702270208050056,-0.6307051727774926,-0.22812025905969158,0.5642714304385645,-0.6040295841908687,-1.2766706498045366,0.08759108386022518,0.878046116941162,0.6161682452393293,-0.5544255419051343,-0.8336156928849086,-0.16198300514431452,0.2540842841653692,0.9090803506811298,0.5015950241028619,-1.265937250270488,-1.5044056859665211,-0.21222410127207603,0.4771212547196608,-0.8056839208381206,-0.4684417525196949,0.6683462569043996,0.6000814253458735,0.0,-1.376310242592579,0.12296017062620912,-0.4398731973000345,0.3276068901349465,0.09002411253122311,0.22985440454086792,-0.03062374743161911,0.3719611662861819,1.164352855784438,-0.00394815884499522,-0.6765892244586631,1.4639013264528042,2.254356359533741,1.9924784878319084,0.8218847006874448,0.5426945497076705,1.2143272374482645,1.6303945267579483,2.285390593273709,1.877905266695441,0.11037299232209108,-0.12809544337394208,1.164086141320503,1.8534314973122399,0.5706263217544585,0.9078684900728842,2.0446564994969787,1.9763916679384526,1.376310242592579,0.0,1.4992704132187882,0.9364370452925446,1.7039171327275255,1.4663343551238022,1.606164647133447,1.34568649516096,1.748271408878761,2.540663098377017,1.3723620837475838,0.699721018133916,-0.03536908676598394,0.7550859463149528,0.4932080746131202,-0.6773857125313434,-0.9565758635111177,-0.28494317577052364,0.1311241135391601,0.7861201800549207,0.3786348534766528,-1.388897420896697,-1.6273658565927303,-0.33518427189828515,0.3541610840934517,-0.9286440914643297,-0.591401923145904,0.5453860862781905,0.4771212547196644,-0.12296017062620912,-1.4992704132187882,0.0,-0.5628333679262436,0.20464671950873736,-0.03293605809498601,0.1068942339146588,-0.15358391805782823,0.2490009956599728,1.041392685158229,-0.12690832947120434,-0.7995493950848722,0.5274642811602597,1.3179193142411965,1.0560414425393638,-0.11455234460509978,-0.39374249558487406,0.27789019215572,0.6939574814654037,1.3489535479811643,0.9414682214028964,-0.8260640529704535,-1.0645324886664866,0.22764909602795846,0.9169944520196953,-0.3658107235380861,-0.028568555219660396,1.1082194542044341,1.039954622645908,0.4398731973000345,-0.9364370452925446,0.5628333679262436,0.0,0.767480087434981,0.5298973098312576,0.6697276018409024,0.4092494498684154,0.8118343635862164,1.6042260530844725,0.43592503845503927,-0.2367160271586286,-0.2400158062747213,0.5504392268062155,0.28856135510438286,-0.8820324320400807,-1.161222583019855,-0.489589895279261,-0.07352260596957727,0.5814734605461833,0.17398813396791546,-1.5935441404054345,-1.8320125761014676,-0.5398309914070225,0.14951436458471434,-1.133290810973067,-0.7960486426546414,0.34073936676945316,0.272474535210927,-0.3276068901349465,-1.7039171327275255,-0.20464671950873736,-0.767480087434981,0.0,-0.23758277760372337,-0.09775248559407856,-0.3582306375665656,0.04435427615123544,0.8367459656494916,-0.3315550489799417,-1.0041961145936096,-0.0024330286709979276,0.7880220044099389,0.5261441327081062,-0.6444496544363574,-0.9236398054161317,-0.25200711767553763,0.1640601716341461,0.8190562381499067,0.41157091157163883,-1.355961362801711,-1.5944297984977442,-0.30224821380329914,0.3870971421884377,-0.8957080333693437,-0.558465865050918,0.5783221443731765,0.5100573128146504,-0.09002411253122311,-1.4663343551238022,0.03293605809498601,-0.5298973098312576,0.23758277760372337,0.0,0.1398302920096448,-0.12064785996284222,0.2819370537549588,1.074328743253215,-0.09397227137621833,-0.7666133369898862,-0.14226332068064274,0.648191712400294,0.3863138406984614,-0.7842799464460022,-1.0634700974257765,-0.39183740968518244,0.024229879624501294,0.6792259461402619,0.271740619561994,-1.495791654811356,-1.734260090507389,-0.44207850581294394,0.2472668501787929,-1.0355383253789885,-0.6982961570605628,0.4384918523635317,0.3702270208050056,-0.22985440454086792,-1.606164647133447,-0.1068942339146588,-0.6697276018409024,0.09775248559407856,-0.1398302920096448,0.0,-0.260478151972487,0.142106761745314,0.9344984512435701,-0.23380256338586314,-0.906443628999531,0.11821483129184429,0.9086698643727811,0.6467919926709484,-0.5238017944735152,-0.8029919454532894,-0.1313592577126954,0.2847080315969883,0.9397040981127489,0.532218771534481,-1.2353135028388689,-1.473781938534902,-0.18160035384045692,0.5077450021512799,-0.7750601734065015,-0.4378180050880758,0.6989700043360187,0.6307051727774926,0.03062374743161911,-1.34568649516096,0.15358391805782823,-0.4092494498684154,0.3582306375665656,0.12064785996284222,0.260478151972487,0.0,0.40258491371780103,1.1949766032160571,0.02667558858662389,-0.645965477027044,-0.28437008242595674,0.50608495065498,0.24420707895314742,-0.9263867081913162,-1.2055768591710905,-0.5339441714304964,-0.11787688212081271,0.5371191843949479,0.12963385781668002,-1.63789841655667,-1.876366852252703,-0.584185267558258,0.1051600884334789,-1.1776450871243025,-0.8404029188058768,0.2963850906182177,0.22812025905969158,-0.3719611662861819,-1.748271408878761,-0.2490009956599728,-0.8118343635862164,-0.04435427615123544,-0.2819370537549588,-0.142106761745314,-0.40258491371780103,0.0,0.7923916894982561,-0.37590932513117714,-1.048550390744845,-1.0767617719242129,-0.28630673884327607,-0.5481846105451087,-1.7187783976895723,-1.9979685486693466,-1.3263358609287526,-0.9102685716190688,-0.25527250510330823,-0.6627578316815761,-2.430290106054926,-2.668758541750959,-1.376576957056514,-0.6872316010647772,-1.9700367766225586,-1.632794608304133,-0.4960065988800384,-0.5642714304385645,-1.164352855784438,-2.540663098377017,-1.041392685158229,-1.6042260530844725,-0.8367459656494916,-1.074328743253215,-0.9344984512435701,-1.1949766032160571,-0.7923916894982561,0.0,-1.1683010146294333,-1.8409420802431011,0.0915392427052204,0.8819942757861572,0.6201164040843246,-0.550477383060139,-0.8296675340399133,-0.1580348462993193,0.25803244301036443,0.913028509526125,0.5055431829478572,-1.2619890914254928,-1.500457527121526,-0.2082759424270808,0.48106941356465605,-0.8017357619931254,-0.46449359367469967,0.6722944157493949,0.6040295841908687,0.00394815884499522,-1.3723620837475838,0.12690832947120434,-0.43592503845503927,0.3315550489799417,0.09397227137621833,0.23380256338586314,-0.02667558858662389,0.37590932513117714,1.1683010146294333,0.0,-0.6726410656136679,0.7641803083188883,1.554635341399825,1.2927574696979924,0.12216368255352883,-0.15702646842624546,0.5146062193143486,0.9306735086240323,1.585669575139793,1.178184248561525,-0.5893480258118249,-0.827816461507858,0.46436512318658707,1.153710479178324,-0.12909469637945747,0.2081474719389682,1.3449354813630627,1.2766706498045366,0.6765892244586631,-0.699721018133916,0.7995493950848722,0.2367160271586286,1.0041961145936096,0.7666133369898862,0.906443628999531,0.645965477027044,1.048550390744845,1.8409420802431011,0.6726410656136679,0.0
0.0,-0.41092015764681555,-0.5860863171566173,-0.13204306137588517,-0.6710052951988583,-0.90462925951236,-1.4609948792279415,-0.5478108129449879,-0.07405901101847157,-0.1906716897712073,-0.46951412493109324,-0.1938587751885148,-0.40713251766089975,-0.7288969497107072,-0.4400921096376713,-0.3315391532947576,-0.4102158189931977,-0.2838983239895594,-0.1472991007411757,-0.5069061364832557,0.08539528470723212,-0.5301722359520671,-0.16208427878896892,-0.6136018147083107,-0.42738298184147183,-1.2297584095589187,-0.6198498303856184,-0.5187955321705271,-0.7688236012207863,0.41092015764681555,0.0,-0.17516615950980174,0.2788770962709304,-0.26008513755204277,-0.4937091018655444,-1.050074721581126,-0.13689065529817235,0.336861146628344,0.22024846787560826,-0.05859396728427768,0.21706138245830076,0.0037876399859158028,-0.3179767920638916,-0.02917195199085576,0.07938100435205797,0.0007043386536178531,0.12702183365725617,0.26362105690563986,-0.09598597883644011,0.4963154423540477,-0.11925207830525153,0.24883587885784664,-0.2026816570614951,-0.016462824194656278,-0.8188382519121031,-0.2089296727388028,-0.10787537452371154,-0.35790344357397075,0.5860863171566173,0.17516615950980174,0.0,0.4540432557807321,-0.08491897804224102,-0.31854294235574265,-0.8749085620713242,0.038275504211629396,0.5120273061381457,0.39541462738541,0.11657219222552406,0.3922275419681025,0.17895379949571755,-0.14281063255408988,0.14599420751894598,0.2545471638618597,0.1758704981634196,0.3021879931670579,0.4387872164154416,0.07918018067336163,0.6714816018638494,0.055914081204550214,0.4240020383676484,-0.027515497551693358,0.15870333531514547,-0.6436720924023014,-0.03376351322900106,0.0672907849860902,-0.182737284064169,0.13204306137588517,-0.2788770962709304,-0.4540432557807321,0.0,-0.5389622338229731,-0.7725861981364748,-1.3289518178520563,-0.41576775156910273,0.05798405035741361,-0.058628628395322124,-0.33747106355520806,-0.061815713812629625,-0.2750894562850146,-0.596853888334822,-0.30804904826178614,-0.1994960919188724,-0.2781727576173125,-0.1518552626136742,-0.015256039365290519,-0.3748630751073705,0.2174383460831173,-0.3981291745761819,-0.030041217413083743,-0.4815587533324255,-0.29533992046558666,-1.0977153481830335,-0.4878067690097332,-0.3867524707946419,-0.6367805398449011,0.6710052951988583,0.26008513755204277,0.08491897804224102,0.5389622338229731,0.0,-0.23362396431350163,-0.7899895840290831,0.12319448225387042,0.5969462841803868,0.480333605427651,0.20149117026776509,0.4771465200103435,0.26387277753795857,-0.057891654511848856,0.230913185561187,0.33946614190410074,0.2607894762056606,0.38710697120929893,0.5237061944576826,0.16409915871560266,0.7564005799060904,0.14083305924679124,0.5089210164098894,0.057403480490547665,0.2436223133573865,-0.5587531143600604,0.05115546481323996,0.15220976302833122,-0.09781830602192798,0.90462925951236,0.4937091018655444,0.31854294235574265,0.7725861981364748,0.23362396431350163,0.0,-0.5563656197155815,0.35681844656737205,0.8305702484938884,0.7139575697411527,0.4351151345812667,0.7107704843238452,0.4974967418514602,0.17573230980165278,0.46453714987468864,0.5730901062176024,0.49441344051916225,0.6207309355228006,0.7573301587711843,0.3977231230291043,0.9900245442195921,0.37445702356029287,0.742544980723391,0.2910274448040493,0.4772462776708881,-0.32512915004655873,0.2847794291267416,0.38583372734183286,0.13580565829157365,1.4609948792279415,1.050074721581126,0.8749085620713242,1.3289518178520563,0.7899895840290831,0.5563656197155815,0.0,0.9131840662829536,1.38693586820947,1.2703231894567342,0.9914807542968482,1.2671361040394267,1.0538623615670417,0.7320979295172343,1.0209027695902702,1.1294557259331839,1.0507790602347438,1.177096555238382,1.3136957784867658,0.9540887427446858,1.5463901639351736,0.9308226432758744,1.2989106004389726,0.8473930645196308,1.0336118973864696,0.23123646966902278,0.8411450488423231,0.9421993470574144,0.6921712780071552,0.5478108129449879,0.13689065529817235,-0.038275504211629396,0.41576775156910273,-0.12319448225387042,-0.35681844656737205,-0.9131840662829536,0.0,0.47375180192651634,0.3571391231737806,0.07829668801389467,0.3539520377564731,0.14067829528408815,-0.18108613676571927,0.10771870330731659,0.21627165965023032,0.1375949939517902,0.2639124889554285,0.4005117122038122,0.04090467646173224,0.63320609765222,0.017638576992920818,0.385726534156019,-0.06579100176332275,0.12042783110351607,-0.6819475966139308,-0.07203901744063046,0.029015280774460805,-0.2210127882757984,0.07405901101847157,-0.336861146628344,-0.5120273061381457,-0.05798405035741361,-0.5969462841803868,-0.8305702484938884,-1.38693586820947,-0.47375180192651634,0.0,-0.11661267875273573,-0.39545511391262167,-0.11979976417004323,-0.3330735066424282,-0.6548379386922356,-0.36603309861919975,-0.257480142276286,-0.33615680797472614,-0.20983931297108782,-0.07324008972270413,-0.4328471254647841,0.1594542957257037,-0.4561132249335955,-0.08802526777049735,-0.5395428036898391,-0.35332397082300027,-1.1556993985404471,-0.5457908193671468,-0.44473652115205553,-0.6947645902023147,0.1906716897712073,-0.22024846787560826,-0.39541462738541,0.058628628395322124,-0.480333605427651,-0.7139575697411527,-1.2703231894567342,-0.3571391231737806,0.11661267875273573,0.0,-0.27884243515988594,-0.0031870854173075003,-0.21646082788969245,-0.5382252599394999,-0.24942041986646402,-0.14086746352355028,-0.2195441292219904,-0.09322663421835209,0.043372589030031605,-0.31623444671204837,0.2760669744784394,-0.3395005461808598,0.02858741098223838,-0.42293012493710336,-0.23671129207026453,-1.0390867197877114,-0.42917814061441106,-0.3281238423993198,-0.578151911449579,0.46951412493109324,0.05859396728427768,-0.11657219222552406,0.33747106355520806,-0.20149117026776509,-0.4351151345812667,-0.9914807542968482,-0.07829668801389467,0.39545511391262167,0.27884243515988594,0.0,0.27565534974257844,0.062381607270193484,-0.25938282477961394,0.02942201529342192,0.13797497163633565,0.059298305937895535,0.18561580094153385,0.32221502418991754,-0.03739201155216243,0.5549094096383254,-0.06065811102097385,0.3074298461421243,-0.14408768977721742,0.0421311430896214,-0.7602442846278255,-0.15033570545452513,-0.04928140723943386,-0.29930947628969307,0.1938587751885148,-0.21706138245830076,-0.3922275419681025,0.061815713812629625,-0.4771465200103435,-0.7107704843238452,-1.2671361040394267,-0.3539520377564731,0.11979976417004323,0.0031870854173075003,-0.27565534974257844,0.0,-0.21327374247238495,-0.5350381745221924,-0.24623333444915652,-0.13768037810624278,-0.2163570438046829,-0.09003954880104459,0.046559674447339106,-0.31304736129474087,0.2792540598957469,-0.3363134607635523,0.03177449639954588,-0.41974303951979586,-0.23352420665295703,-1.0358996343704039,-0.42599105519710356,-0.3249367569820123,-0.5749648260322715,0.40713251766089975,-0.0037876399859158028,-0.17895379949571755,0.2750894562850146,-0.26387277753795857,-0.4974967418514602,-1.0538623615670417,-0.14067829528408815,0.3330735066424282,0.21646082788969245,-0.062381607270193484,0.21327374247238495,0.0,-0.3217644320498074,-0.03295959197677156,0.07559336436614217,-0.0030833013322979497,0.12323419367134036,0.25983341691972406,-0.09977361882235591,0.4925278023681319,-0.12303971829116733,0.24504823887193083,-0.2064692970474109,-0.02025046418057208,-0.8226258918980189,-0.2127173127247186,-0.11166301450962735,-0.36169108355988655,0.7288969497107072,0.3179767920638916,0.14281063255408988,0.596853888334822,0.057891654511848856,-0.17573230980165278,-0.7320979295172343,0.18108613676571927,0.6548379386922356,0.5382252599394999,0.25938282477961394,0.5350381745221924,0.3217644320498074,0.0,0.28880484007303586,0.3973577964159496,0.3186811307175095,0.4449986257211478,0.5815978489695315,0.2219908132274515,0.8142922344179393,0.1987247137586401,0.5668126709217383,0.11529513500239652,0.30151396786923534,-0.5008614598482115,0.10904711932508881,0.21010141754018008,-0.039926651510079125,0.4400921096376713,0.02917195199085576,-0.14599420751894598,0.30804904826178614,-0.230913185561187,-0.46453714987468864,-1.0209027695902702,-0.10771870330731659,0.36603309861919975,0.24942041986646402,-0.02942201529342192,0.24623333444915652,0.03295959197677156,-0.28880484007303586,0.0,0.10855295634291373,0.029876290644473613,0.15619378564811193,0.2927930088964956,-0.06681402684558435,0.5254873943449034,-0.09008012631439577,0.2780078308487024,-0.17350970507063934,0.012709127796199482,-0.7896662999212474,-0.17975772074794705,-0.07870342253285578,-0.328731491583115,0.3315391532947576,-0.07938100435205797,-0.2545471638618597,0.1994960919188724,-0.33946614190410074,-0.5730901062176024,-1.1294557259331839,-0.21627165965023032,0.257480142276286,0.14086746352355028,-0.13797497163633565,0.13768037810624278,-0.07559336436614217,-0.3973577964159496,-0.10855295634291373,0.0,-0.07867666569844012,0.047640829305198196,0.1842400525535819,-0.17536698318849808,0.4169344380019897,-0.1986330826573095,0.16945487450578867,-0.2820626614135531,-0.09584382854671425,-0.8982192562641611,-0.2883106770908608,-0.1872563788757695,-0.4372844479260287,0.4102158189931977,-0.0007043386536178531,-0.1758704981634196,0.2781727576173125,-0.2607894762056606,-0.49441344051916225,-1.0507790602347438,-0.1375949939517902,0.33615680797472614,0.2195441292219904,-0.059298305937895535,0.2163570438046829,0.0030833013322979497,-0.3186811307175095,-0.029876290644473613,0.07867666569844012,0.0,0.1263174950036383,0.262916718252022,-0.09669031749005796,0.4956111037004298,-0.11995641695886938,0.24813154020422878,-0.20338599571511295,-0.01716716284827413,-0.819542590565721,-0.20963401139242066,-0.1085797131773294,-0.3586077822275886,0.2838983239895594,-0.12702183365725617,-0.3021879931670579,0.1518552626136742,-0.38710697120929893,-0.6207309355228006,-1.177096555238382,-0.2639124889554285,0.20983931297108782,0.09322663421835209,-0.18561580094153385,0.09003954880104459,-0.12323419367134036,-0.4449986257211478,-0.15619378564811193,-0.047640829305198196,-0.1263174950036383,0.0,0.1365992232483837,-0.22300781249369628,0.3692936086967915,-0.2462739119625077,0.12181404520059047,-0.32970349071875127,-0.14348465785191244,-0.9458600855693593,-0.335951506396059,-0.2348972081809677,-0.4849252772312269,0.1472991007411757,-0.26362105690563986,-0.4387872164154416,0.015256039365290519,-0.5237061944576826,-0.7573301587711843,-1.3136957784867658,-0.4005117122038122,0.07324008972270413,-0.043372589030031605,-0.32221502418991754,-0.046559674447339106,-0.25983341691972406,-0.5815978489695315,-0.2927930088964956,-0.1842400525535819,-0.262916718252022,-0.1365992232483837,0.0,-0.35960703574208,0.23269438544840781,-0.3828731352108914,-0.014785178047793224,-0.46630271396713496,-0.28008388110029614,-1.082459308817743,-0.47255072964444267,-0.3714964314293514,-0.6215245004796106,0.5069061364832557,0.09598597883644011,-0.07918018067336163,0.3748630751073705,-0.16409915871560266,-0.3977231230291043,-0.9540887427446858,-0.04090467646173224,0.4328471254647841,0.31623444671204837,0.03739201155216243,0.31304736129474087,0.09977361882235591,-0.2219908132274515,0.06681402684558435,0.17536698318849808,0.09669031749005796,0.22300781249369628,0.35960703574208,0.0,0.5923014211904878,-0.02326609946881142,0.34482185769428675,-0.10669567822505499,0.07952315464178383,-0.722852273075663,-0.1129436939023627,-0.011889395687271431,-0.26191746473753064,-0.08539528470723212,-0.4963154423540477,-0.6714816018638494,-0.2174383460831173,-0.7564005799060904,-0.9900245442195921,-1.5463901639351736,-0.63320609765222,-0.1594542957257037,-0.2760669744784394,-0.5549094096383254,-0.2792540598957469,-0.4925278023681319,-0.8142922344179393,-0.5254873943449034,-0.4169344380019897,-0.4956111037004298,-0.3692936086967915,-0.23269438544840781,-0.5923014211904878,0.0,-0.6155675206592992,-0.24747956349620104,-0.6989970994155428,-0.512778266548704,-1.3151536942661508,-0.7052451150928505,-0.6041908168777592,-0.8542188859280184,0.5301722359520671,0.11925207830525153,-0.055914081204550214,0.3981291745761819,-0.14083305924679124,-0.37445702356029287,-0.9308226432758744,-0.017638576992920818,0.4561132249335955,0.3395005461808598,0.06065811102097385,0.3363134607635523,0.12303971829116733,-0.1987247137586401,0.09008012631439577,0.1986330826573095,0.11995641695886938,0.2462739119625077,0.3828731352108914,0.02326609946881142,0.6155675206592992,0.0,0.36808795716309817,-0.08342957875624357,0.10278925411059525,-0.6995861736068516,-0.08967759443355128,0.011376703781539987,-0.23865136526871922,0.16208427878896892,-0.24883587885784664,-0.4240020383676484,0.030041217413083743,-0.5089210164098894,-0.742544980723391,-1.2989106004389726,-0.385726534156019,0.08802526777049735,-0.02858741098223838,-0.3074298461421243,-0.03177449639954588,-0.24504823887193083,-0.5668126709217383,-0.2780078308487024,-0.16945487450578867,-0.24813154020422878,-0.12181404520059047,0.014785178047793224,-0.34482185769428675,0.24747956349620104,-0.36808795716309817,0.0,-0.45151753591934174,-0.2652987030525029,-1.0676741307699498,-0.45776555159664944,-0.3567112533815582,-0.6067393224318174,0.6136018147083107,0.2026816570614951,0.027515497551693358,0.4815587533324255,-0.057403480490547665,-0.2910274448040493,-0.8473930645196308,0.06579100176332275,0.5395428036898391,0.42293012493710336,0.14408768977721742,0.41974303951979586,0.2064692970474109,-0.11529513500239652,0.17350970507063934,0.2820626614135531,0.20338599571511295,0.32970349071875127,0.46630271396713496,0.10669567822505499,0.6989970994155428,0.08342957875624357,0.45151753591934174,0.0,0.18621883286683882,-0.616156594850608,-0.006248015677307706,0.09480628253778356,-0.15522178651247565,0.42738298184147183,0.016462824194656278,-0.15870333531514547,0.29533992046558666,-0.2436223133573865,-0.4772462776708881,-1.0336118973864696,-0.12042783110351607,0.35332397082300027,0.23671129207026453,-0.0421311430896214,0.23352420665295703,0.02025046418057208,-0.30151396786923534,-0.012709127796199482,0.09584382854671425,0.01716716284827413,0.14348465785191244,0.28008388110029614,-0.07952315464178383,0.512778266548704,-0.10278925411059525,0.2652987030525029,-0.18621883286683882,0.0,-0.8023754277174469,-0.19246684854414653,-0.09141255032905526,-0.34144061937931447,1.2297584095589187,0.8188382519121031,0.6436720924023014,1.0977153481830335,0.5587531143600604,0.32512915004655873,-0.23123646966902278,0.6819475966139308,1.1556993985404471,1.0390867197877114,0.7602442846278255,1.0358996343704039,0.8226258918980189,0.5008614598482115,0.7896662999212474,0.8982192562641611,0.819542590565721,0.9458600855693593,1.082459308817743,0.722852273075663,1.3151536942661508,0.6995861736068516,1.0676741307699498,0.616156594850608,0.8023754277174469,0.0,0.6099085791733003,0.7109628773883916,0.4609348083381324,0.6198498303856184,0.2089296727388028,0.03376351322900106,0.4878067690097332,-0.05115546481323996,-0.2847794291267416,-0.8411450488423231,0.07203901744063046,0.5457908193671468,0.42917814061441106,0.15033570545452513,0.42599105519710356,0.2127173127247186,-0.10904711932508881,0.17975772074794705,0.2883106770908608,0.20963401139242066,0.335951506396059,0.47255072964444267,0.1129436939023627,0.7052451150928505,0.08967759443355128,0.45776555159664944,0.006248015677307706,0.19246684854414653,-0.6099085791733003,0.0,0.10105429821509126,-0.14897377083516794,0.5187955321705271,0.10787537452371154,-0.0672907849860902,0.3867524707946419,-0.15220976302833122,-0.38583372734183286,-0.9421993470574144,-0.029015280774460805,0.44473652115205553,0.3281238423993198,0.04928140723943386,0.3249367569820123,0.11166301450962735,-0.21010141754018008,0.07870342253285578,0.1872563788757695,0.1085797131773294,0.2348972081809677,0.3714964314293514,0.011889395687271431,0.6041908168777592,-0.011376703781539987,0.3567112533815582,-0.09480628253778356,0.09141255032905526,-0.7109628773883916,-0.10105429821509126,0.0,-0.2500280690502592,0.7688236012207863,0.35790344357397075,0.182737284064169,0.6367805398449011,0.09781830602192798,-0.13580565829157365,-0.6921712780071552,0.2210127882757984,0.6947645902023147,0.578151911449579,0.29930947628969307,0.5749648260322715,0.36169108355988655,0.039926651510079125,0.328731491583115,0.4372844479260287,0.3586077822275886,0.4849252772312269,0.6215245004796106,0.26191746473753064,0.8542188859280184,0.23865136526871922,0.6067393224318174,0.15522178651247565,0.34144061937931447,-0.4609348083381324,0.14897377083516794,0.2500280690502592,0.0,0.0,0.5573882847258336,0.13089083433355597,-0.5245782792769074,0.3179310898351009,0.6396466726124732,0.27856626790567596,-0.24560577193102517,0.32368700480166446,0.5423620220430969,0.6077198719558154,0.07617010748665898,0.32617110277633543,0.07395272847505652,0.34612820916550646,0.5126912852700904,0.23374662794193313,0.5948654085053242,0.7004810770669145,0.5630514950564294,0.6076687298983057,0.40520327276390056,0.6743508462223851,0.18392912654533333,0.5524161488294617,0.4669593544345414,0.5265575039413921,0.341273112872047,0.7589880157545412,-0.5573882847258336,0.0,-0.4264974503922776,-1.081966564002741,-0.2394571948907327,0.08225838788663964,-0.2788220168201576,-0.8029940566568587,-0.23370127992416911,-0.015026262682736657,0.05033158722998188,-0.4812181772391746,-0.23121718194949814,-0.48343555625077705,-0.2112600755603271,-0.044696999455743125,-0.32364165678390044,0.03747712377949064,0.14309279234108097,0.005663210330595803,0.0502804451724721,-0.15218501196193301,0.11696256149655149,-0.37345915818050024,-0.00497213589637191,-0.09042893029129218,-0.03083078078444146,-0.2161151718537866,0.20159973102870765,-0.13089083433355597,0.4264974503922776,0.0,-0.6554691136104633,0.1870402555015449,0.5087558382789172,0.14767543357211999,-0.37649660626458115,0.19279617046810849,0.41147118770954094,0.4768290376222595,-0.054720726846896994,0.19528026844277946,-0.056938105858499455,0.2152373748319505,0.3818004509365345,0.10285579360837716,0.46397457417176824,0.5695902427333586,0.4321606607228734,0.4767778955647497,0.2743124384303446,0.5434600118888291,0.05303829221177736,0.4215253144959057,0.3360685201009854,0.39566666960783614,0.210382278538491,0.6280971814209853,0.5245782792769074,1.081966564002741,0.6554691136104633,0.0,0.8425093691120082,1.1642249518893806,0.8031445471825833,0.2789725073458822,0.8482652840785718,1.0669403013200043,1.1322981512327228,0.6007483867635663,0.8507493820532428,0.5985310077519639,0.8707064884424138,1.0372695645469978,0.7583249072188405,1.1194436877822316,1.225059356343822,1.0876297743333367,1.132247009175213,0.9297815520408079,1.1989291254992924,0.7085074058222407,1.076994428106369,0.9915376337114488,1.0511357832182995,0.8658513921489543,1.2835662950314486,-0.3179310898351009,0.2394571948907327,-0.1870402555015449,-0.8425093691120082,0.0,0.32171558277737233,-0.03936482192942492,-0.563536861766126,0.00575591496656358,0.22443093220799604,0.28978878212071457,-0.2417609823484419,0.008240012941234554,-0.24397836136004436,0.028197119330405584,0.19476019543498957,-0.08418446189316775,0.27693431867022333,0.38254998723181366,0.2451204052213285,0.2897376400632048,0.08727218292879968,0.3564197563872842,-0.13400196328976755,0.23448505899436078,0.14902826459944052,0.20862641410629124,0.023342023036946102,0.44105692591944035,-0.6396466726124732,-0.08225838788663964,-0.5087558382789172,-1.1642249518893806,-0.32171558277737233,0.0,-0.36108040470679725,-0.8852524445434984,-0.31595966781080875,-0.0972846505693763,-0.03192680065665776,-0.5634765651258142,-0.3134755698361378,-0.5656939441374167,-0.29351846344696675,-0.12695538734238276,-0.4059000446705401,-0.044781264107149,0.060834404454441326,-0.07659517755604384,-0.03197794271416754,-0.23444339984857265,0.03470417360991185,-0.4557175460671399,-0.08723052378301155,-0.17268731817793181,-0.1130891686710811,-0.29837355974042623,0.11934134314206801,-0.27856626790567596,0.2788220168201576,-0.14767543357211999,-0.8031445471825833,0.03936482192942492,0.36108040470679725,0.0,-0.5241720398367011,0.0451207368959885,0.26379575413742096,0.3291536040501395,-0.20239616041901698,0.047604834870659474,-0.20461353943061944,0.0675619412598305,0.2341250173644145,-0.04481963996374283,0.31629914059964825,0.4219148091612386,0.2844852271507534,0.3291024619926297,0.1266370048582246,0.3957845783167091,-0.09463714136034262,0.2738498809237857,0.18839308652886544,0.24799123603571616,0.06270684496637102,0.48042174784886527,0.24560577193102517,0.8029940566568587,0.37649660626458115,-0.2789725073458822,0.563536861766126,0.8852524445434984,0.5241720398367011,0.0,0.5692927767326896,0.7879677939741221,0.8533256438868406,0.32177587941768415,0.5717768747073606,0.3195585004060817,0.5917339810965316,0.7582970572011156,0.4793523998729583,0.8404711804363494,0.9460868489979397,0.8086572669874545,0.8532745018293308,0.6508090446949257,0.9199566181534102,0.4295348984763585,0.7980219207604868,0.7125651263655666,0.7721632758724173,0.5868788848030722,1.0045937876855664,-0.32368700480166446,0.23370127992416911,-0.19279617046810849,-0.8482652840785718,-0.00575591496656358,0.31595966781080875,-0.0451207368959885,-0.5692927767326896,0.0,0.21867501724143246,0.284032867154151,-0.24751689731500548,0.0024840979746709735,-0.24973427632660794,0.022441204363842004,0.189004280468426,-0.08994037685973133,0.27117840370365975,0.3767940722652501,0.23936449025476492,0.2839817250966412,0.0815162679622361,0.3506638414207206,-0.13975787825633113,0.2287291440277972,0.14327234963287694,0.20287049913972766,0.017586108070382522,0.43530101095287677,-0.5423620220430969,0.015026262682736657,-0.41147118770954094,-1.0669403013200043,-0.22443093220799604,0.0972846505693763,-0.26379575413742096,-0.7879677939741221,-0.21867501724143246,0.0,0.06535784991271854,-0.46619191455643794,-0.21619091926676148,-0.4684092935680404,-0.19623381287759045,-0.029670736773006468,-0.3086153941011638,0.0525033864622273,0.15811905502381762,0.02068947301333246,0.06530670785520876,-0.13715874927919636,0.13198882417928814,-0.3584328954977636,0.010054126786364748,-0.07540266760855552,-0.0158045181017048,-0.20108890917104993,0.2166259937114443,-0.6077198719558154,-0.05033158722998188,-0.4768290376222595,-1.1322981512327228,-0.28978878212071457,0.03192680065665776,-0.3291536040501395,-0.8533256438868406,-0.284032867154151,-0.06535784991271854,0.0,-0.5315497644691565,-0.28154876917948,-0.5337671434807589,-0.261591662790309,-0.095028586685725,-0.3739732440138823,-0.012854463450491238,0.09276120511109909,-0.044668376899386075,-5.114205750977874e-05,-0.2025165991919149,0.06663097426656961,-0.4237907454104821,-0.05530372312635379,-0.14076051752127405,-0.08116236801442334,-0.26644675908376847,0.15126814379872577,-0.07617010748665898,0.4812181772391746,0.054720726846896994,-0.6007483867635663,0.2417609823484419,0.5634765651258142,0.20239616041901698,-0.32177587941768415,0.24751689731500548,0.46619191455643794,0.5315497644691565,0.0,0.25000099528967645,-0.0022173790116024605,0.2699581016788475,0.43652117778343147,0.15757652045527415,0.5186953010186652,0.6243109695802556,0.4868813875697704,0.5314986224116467,0.3290331652772416,0.5981807387357261,0.10775901905867435,0.4762460413428027,0.3907892469478824,0.45038739645473314,0.265103005385388,0.6828179082678822,-0.32617110277633543,0.23121718194949814,-0.19528026844277946,-0.8507493820532428,-0.008240012941234554,0.3134755698361378,-0.047604834870659474,-0.5717768747073606,-0.0024840979746709735,0.21619091926676148,0.28154876917948,-0.25000099528967645,0.0,-0.2522183743012789,0.01995710638917103,0.18652018249375502,-0.0924244748344023,0.2686943057289888,0.3743099742905791,0.23688039228009394,0.28149762712197024,0.07903216998756513,0.3481797434460496,-0.1422419762310021,0.22624504605312623,0.14078825165820597,0.20038640116505668,0.015102010095711549,0.4328169129782058,-0.07395272847505652,0.48343555625077705,0.056938105858499455,-0.5985310077519639,0.24397836136004436,0.5656939441374167,0.20461353943061944,-0.3195585004060817,0.24973427632660794,0.4684092935680404,0.5337671434807589,0.0022173790116024605,0.2522183743012789,0.0,0.27217548069044994,0.43873855679503393,0.1597938994668766,0.5209126800302677,0.626528348591858,0.48909876658137286,0.5337160014232492,0.33125054428884404,0.6003981177473285,0.10997639807027682,0.47846342035440514,0.3930066259594849,0.4526047754663356,0.26732038439699046,0.6850352872794847,-0.34612820916550646,0.2112600755603271,-0.2152373748319505,-0.8707064884424138,-0.028197119330405584,0.29351846344696675,-0.0675619412598305,-0.5917339810965316,-0.022441204363842004,0.19623381287759045,0.261591662790309,-0.2699581016788475,-0.01995710638917103,-0.27217548069044994,0.0,0.16656307610458398,-0.11238158122357333,0.24873719933981775,0.3543528679014081,0.2169232858909229,0.2615405207327992,0.059075063598394095,0.3282226370568786,-0.16219908262017313,0.2062879396639552,0.12083114526903493,0.18042929477588565,-0.004855096293459482,0.41285980658903476,-0.5126912852700904,0.044696999455743125,-0.3818004509365345,-1.0372695645469978,-0.19476019543498957,0.12695538734238276,-0.2341250173644145,-0.7582970572011156,-0.189004280468426,0.029670736773006468,0.095028586685725,-0.43652117778343147,-0.18652018249375502,-0.43873855679503393,-0.16656307610458398,0.0,-0.2789446573281573,0.08217412323523376,0.1877897917968241,0.05036020978633893,0.09497744462821522,-0.10748801250618989,0.1616595609522946,-0.3287621587247571,0.039724863559371215,-0.04573193083554905,0.013866218671301667,-0.17141817239804347,0.24629673048445078,-0.23374662794193313,0.32364165678390044,-0.10285579360837716,-0.7583249072188405,0.08418446189316775,0.4059000446705401,0.04481963996374283,-0.4793523998729583,0.08994037685973133,0.3086153941011638,0.3739732440138823,-0.15757652045527415,0.0924244748344023,-0.1597938994668766,0.11238158122357333,0.2789446573281573,0.0,0.3611187805633911,0.4667344491249814,0.32930486711449625,0.37392210195637254,0.17145664482196743,0.44060421828045193,-0.049817501396599795,0.31866952088752853,0.23321272649260827,0.292810875999459,0.10752648493011385,0.5252413878126081,-0.5948654085053242,-0.03747712377949064,-0.46397457417176824,-1.1194436877822316,-0.27693431867022333,0.044781264107149,-0.31629914059964825,-0.8404711804363494,-0.27117840370365975,-0.0525033864622273,0.012854463450491238,-0.5186953010186652,-0.2686943057289888,-0.5209126800302677,-0.24873719933981775,-0.08217412323523376,-0.3611187805633911,0.0,0.10561566856159033,-0.03181391344889484,0.01280332139298146,-0.18966213574142365,0.07948543771706085,-0.4109362819599909,-0.04244925967586255,-0.12790605407078282,-0.0683079045639321,-0.25359229563327723,0.164122607249217,-0.7004810770669145,-0.14309279234108097,-0.5695902427333586,-1.225059356343822,-0.38254998723181366,-0.060834404454441326,-0.4219148091612386,-0.9460868489979397,-0.3767940722652501,-0.15811905502381762,-0.09276120511109909,-0.6243109695802556,-0.3743099742905791,-0.626528348591858,-0.3543528679014081,-0.1877897917968241,-0.4667344491249814,-0.10561566856159033,0.0,-0.13742958201048516,-0.09281234716860887,-0.295277804303014,-0.02613023084452948,-0.5165519505215812,-0.14806492823745288,-0.23352172263237314,-0.17392357312552242,-0.35920796419486756,0.058506938687626686,-0.5630514950564294,-0.005663210330595803,-0.4321606607228734,-1.0876297743333367,-0.2451204052213285,0.07659517755604384,-0.2844852271507534,-0.8086572669874545,-0.23936449025476492,-0.02068947301333246,0.044668376899386075,-0.4868813875697704,-0.23688039228009394,-0.48909876658137286,-0.2169232858909229,-0.05036020978633893,-0.32930486711449625,0.03181391344889484,0.13742958201048516,0.0,0.044617234841876297,-0.15784822229252882,0.11129935116595568,-0.37912236851109604,-0.010635346226967712,-0.09609214062188798,-0.03649399111503726,-0.2217783821843824,0.19593652069811185,-0.6076687298983057,-0.0502804451724721,-0.4767778955647497,-1.132247009175213,-0.2897376400632048,0.03197794271416754,-0.3291024619926297,-0.8532745018293308,-0.2839817250966412,-0.06530670785520876,5.114205750977874e-05,-0.5314986224116467,-0.28149762712197024,-0.5337160014232492,-0.2615405207327992,-0.09497744462821522,-0.37392210195637254,-0.01280332139298146,0.09281234716860887,-0.044617234841876297,0.0,-0.2024654571344051,0.06668211632407939,-0.42373960335297234,-0.05525258106884401,-0.14070937546376427,-0.08111122595691356,-0.2663956170262587,0.15131928585623555,-0.40520327276390056,0.15218501196193301,-0.2743124384303446,-0.9297815520408079,-0.08727218292879968,0.23444339984857265,-0.1266370048582246,-0.6508090446949257,-0.0815162679622361,0.13715874927919636,0.2025165991919149,-0.3290331652772416,-0.07903216998756513,-0.33125054428884404,-0.059075063598394095,0.10748801250618989,-0.17145664482196743,0.18966213574142365,0.295277804303014,0.15784822229252882,0.2024654571344051,0.0,0.2691475734584845,-0.22127414621856722,0.1472128760655611,0.06175608167064084,0.12135423117749156,-0.06393015989185358,0.35378474299064067,-0.6743508462223851,-0.11696256149655149,-0.5434600118888291,-1.1989291254992924,-0.3564197563872842,-0.03470417360991185,-0.3957845783167091,-0.9199566181534102,-0.3506638414207206,-0.13198882417928814,-0.06663097426656961,-0.5981807387357261,-0.3481797434460496,-0.6003981177473285,-0.3282226370568786,-0.1616595609522946,-0.44060421828045193,-0.07948543771706085,0.02613023084452948,-0.11129935116595568,-0.06668211632407939,-0.2691475734584845,0.0,-0.4904217196770517,-0.1219346973929234,-0.20739149178784366,-0.14779334228099295,-0.3330777333503381,0.08463716953215616,-0.18392912654533333,0.37345915818050024,-0.05303829221177736,-0.7085074058222407,0.13400196328976755,0.4557175460671399,0.09463714136034262,-0.4295348984763585,0.13975787825633113,0.3584328954977636,0.4237907454104821,-0.10775901905867435,0.1422419762310021,-0.10997639807027682,0.16219908262017313,0.3287621587247571,0.049817501396599795,0.4109362819599909,0.5165519505215812,0.37912236851109604,0.42373960335297234,0.22127414621856722,0.4904217196770517,0.0,0.36848702228412833,0.28303022788920806,0.3426283773960588,0.15734398632671365,0.5750588892092079,-0.5524161488294617,0.00497213589637191,-0.4215253144959057,-1.076994428106369,-0.23448505899436078,0.08723052378301155,-0.2738498809237857,-0.7980219207604868,-0.2287291440277972,-0.010054126786364748,0.05530372312635379,-0.4762460413428027,-0.22624504605312623,-0.47846342035440514,-0.2062879396639552,-0.039724863559371215,-0.31866952088752853,0.04244925967586255,0.14806492823745288,0.010635346226967712,0.05525258106884401,-0.1472128760655611,0.1219346973929234,-0.36848702228412833,0.0,-0.08545679439492027,-0.02585864488806955,-0.21114303595741468,0.20657186692507956,-0.4669593544345414,0.09042893029129218,-0.3360685201009854,-0.9915376337114488,-0.14902826459944052,0.17268731817793181,-0.18839308652886544,-0.7125651263655666,-0.14327234963287694,0.07540266760855552,0.14076051752127405,-0.3907892469478824,-0.14078825165820597,-0.3930066259594849,-0.12083114526903493,0.04573193083554905,-0.23321272649260827,0.12790605407078282,0.23352172263237314,0.09609214062188798,0.14070937546376427,-0.06175608167064084,0.20739149178784366,-0.28303022788920806,0.08545679439492027,0.0,0.05959814950685072,-0.12568624156249442,0.2920286613199998,-0.5265575039413921,0.03083078078444146,-0.39566666960783614,-1.0511357832182995,-0.20862641410629124,0.1130891686710811,-0.24799123603571616,-0.7721632758724173,-0.20287049913972766,0.0158045181017048,0.08116236801442334,-0.45038739645473314,-0.20038640116505668,-0.4526047754663356,-0.18042929477588565,-0.013866218671301667,-0.292810875999459,0.0683079045639321,0.17392357312552242,0.03649399111503726,0.08111122595691356,-0.12135423117749156,0.14779334228099295,-0.3426283773960588,0.02585864488806955,-0.05959814950685072,0.0,-0.18528439106934513,0.2324305118131491,-0.341273112872047,0.2161151718537866,-0.210382278538491,-0.8658513921489543,-0.023342023036946102,0.29837355974042623,-0.06270684496637102,-0.5868788848030722,-0.017586108070382522,0.20108890917104993,0.26644675908376847,-0.265103005385388,-0.015102010095711549,-0.26732038439699046,0.004855096293459482,0.17141817239804347,-0.10752648493011385,0.25359229563327723,0.35920796419486756,0.2217783821843824,0.2663956170262587,0.06393015989185358,0.3330777333503381,-0.15734398632671365,0.21114303595741468,0.12568624156249442,0.18528439106934513,0.0,0.41771490288249424,-0.7589880157545412,-0.20159973102870765,-0.6280971814209853,-1.2835662950314486,-0.44105692591944035,-0.11934134314206801,-0.48042174784886527,-1.0045937876855664,-0.43530101095287677,-0.2166259937114443,-0.15126814379872577,-0.6828179082678822,-0.4328169129782058,-0.6850352872794847,-0.41285980658903476,-0.24629673048445078,-0.5252413878126081,-0.164122607249217,-0.058506938687626686,-0.19593652069811185,-0.15131928585623555,-0.35378474299064067,-0.08463716953215616,-0.5750588892092079,-0.20657186692507956,-0.2920286613199998,-0.2324305118131491,-0.41771490288249424,0.0,0.0,-0.04584370199364507,-0.0023132720078997693,-0.026317015388315212,-0.11972123953873037,0.6255973960579322,0.31787185444594535,0.8641709170966774,0.8650300757372822,0.6065359011769331,0.08689535356727518,0.7570401318659936,0.5598212156490607,0.6375846337112723,0.15409177709362432,0.237919647990104,0.07751295196115038,0.46394327053855733,0.5776894322685973,0.41203886026029224,0.4325658088856734,0.12530661283159716,0.5961570926298254,0.536816793911397,0.5641816094974281,0.5949150834671215,0.627425339810868,0.651489940749002,0.07486331494766851,0.04584370199364507,0.0,0.0435304299857453,0.019526686605329857,-0.0738775375450853,0.6714410980515773,0.3637155564395904,0.9100146190903224,0.9108737777309273,0.6523796031705782,0.13273905556092025,0.8028838338596387,0.6056649176427058,0.6834283357049173,0.19993547908726939,0.2837633499837491,0.12335665395479545,0.5097869725322024,0.6235331342622423,0.4578825622539373,0.4784095108793185,0.17115031482524223,0.6420007946234705,0.5826604959050421,0.6100253114910732,0.6407587854607666,0.6732690418045131,0.6973336427426471,0.12070701694131358,0.0023132720078997693,-0.0435304299857453,0.0,-0.024003743380415443,-0.1174079675308306,0.627910668065832,0.3201851264538451,0.8664841891045771,0.867343347745182,0.6088491731848329,0.08920862557517495,0.7593534038738934,0.5621344876569605,0.639897905719172,0.15640504910152409,0.24023291999800378,0.07982622396905015,0.4662565425464571,0.580002704276497,0.414352132268192,0.4348790808935732,0.12761988483949693,0.5984703646377252,0.5391300659192968,0.5664948815053279,0.5972283554750213,0.6297386118187678,0.6538032127569018,0.07717658695556828,0.026317015388315212,-0.019526686605329857,0.024003743380415443,0.0,-0.09340422415041516,0.6519144114462474,0.34418886983426056,0.8904879324849926,0.8913470911255974,0.6328529165652483,0.11321236895559039,0.7833571472543088,0.586138231037376,0.6639016490995875,0.18040879248193953,0.2642366633784192,0.10382996734946559,0.49026028592687254,0.6040064476569125,0.43835587564860745,0.45888282427398863,0.15162362821991238,0.6224741080181406,0.5631338092997122,0.5904986248857433,0.6212320988554367,0.6537423551991832,0.6778069561373172,0.10118033033598373,0.11972123953873037,0.0738775375450853,0.1174079675308306,0.09340422415041516,0.0,0.7453186355966626,0.4375930939846757,0.9838921566354077,0.9847513152760126,0.7262571407156635,0.20661659310600555,0.876761371404724,0.6795424551877911,0.7573058732500026,0.2738130166323547,0.3576408875288344,0.19723419149988075,0.5836645100772877,0.6974106718073276,0.5317600997990226,0.5522870484244038,0.24502785237032754,0.7158783321685558,0.6565380334501274,0.6839028490361585,0.7146363230058519,0.7471465793495984,0.7712111802877324,0.1945845544863989,-0.6255973960579322,-0.6714410980515773,-0.627910668065832,-0.6519144114462474,-0.7453186355966626,0.0,-0.30772554161198684,0.23857352103874518,0.23943267967935,-0.019061494880999064,-0.538702042490657,0.13144273580806143,-0.06577618040887145,0.011987237653340088,-0.47150561896430787,-0.3876777480678282,-0.5480844440967818,-0.16165412551937486,-0.04790796378933493,-0.21355853579763995,-0.19303158717225877,-0.500290783226335,-0.029440303428106773,-0.08878060214653516,-0.06141578656050406,-0.030682312590810668,0.0018279437529358233,0.02589254469106983,-0.5507340811102637,-0.31787185444594535,-0.3637155564395904,-0.3201851264538451,-0.34418886983426056,-0.4375930939846757,0.30772554161198684,0.0,0.546299062650732,0.5471582212913368,0.2886640467309878,-0.23097650087867017,0.43916827742004827,0.2419493612031154,0.31971277926532693,-0.16378007735232103,-0.07995220645584133,-0.24035890248479497,0.14607141609261198,0.2598175778226519,0.0941670058143469,0.11469395443972807,-0.19256524161434818,0.27828523818388007,0.21894493946545168,0.24630975505148278,0.2770432290211762,0.30955348536492266,0.33361808630305667,-0.24300853949827683,-0.8641709170966774,-0.9100146190903224,-0.8664841891045771,-0.8904879324849926,-0.9838921566354077,-0.23857352103874518,-0.546299062650732,0.0,0.000859158640604818,-0.25763501591974425,-0.7772755635294022,-0.10713078523068376,-0.30434970144761664,-0.2265862833854051,-0.710079140003053,-0.6262512691065734,-0.786657965135527,-0.40022764655812004,-0.2864814848280801,-0.45213205683638513,-0.43160510821100395,-0.7388643042650802,-0.26801382446685196,-0.32735412318528034,-0.29998930759924924,-0.26925583362955585,-0.23674557728580936,-0.21268097634767535,-0.7893076021490089,-0.8650300757372822,-0.9108737777309273,-0.867343347745182,-0.8913470911255974,-0.9847513152760126,-0.23943267967935,-0.5471582212913368,-0.000859158640604818,0.0,-0.25849417456034907,-0.778134722170007,-0.10798994387128857,-0.30520886008822146,-0.22744544202600991,-0.7109382986436579,-0.6271104277471782,-0.7875171237761318,-0.40108680519872486,-0.28734064346868493,-0.45299121547698995,-0.43246426685160877,-0.739723462905685,-0.2688729831074568,-0.32821328182588516,-0.30084846623985406,-0.27011499227016067,-0.23760473592641418,-0.21354013498828017,-0.7901667607896137,-0.6065359011769331,-0.6523796031705782,-0.6088491731848329,-0.6328529165652483,-0.7262571407156635,0.019061494880999064,-0.2886640467309878,0.25763501591974425,0.25849417456034907,0.0,-0.5196405476096579,0.1505042306890605,-0.04671468552787239,0.031048732534339152,-0.4524441240833088,-0.3686162531868291,-0.5290229492157827,-0.1425926306383758,-0.028846468908335865,-0.19449704091664088,-0.1739700922912597,-0.48122928834533596,-0.01037880854710771,-0.0697191072655361,-0.042354291679504996,-0.011620817709811604,0.020889438633934887,0.04495403957206889,-0.5316725862292646,-0.08689535356727518,-0.13273905556092025,-0.08920862557517495,-0.11321236895559039,-0.20661659310600555,0.538702042490657,0.23097650087867017,0.7772755635294022,0.778134722170007,0.5196405476096579,0.0,0.6701447782987184,0.47292586208178555,0.5506892801439971,0.06719642352634914,0.15102429442282883,-0.009382401606124802,0.37704791697128215,0.4907940787013221,0.32514350669301706,0.34567045531839824,0.038411259264321984,0.5092617390625502,0.44992144034412185,0.47728625593015295,0.5080197298998463,0.5405299862435928,0.5645945871817268,-0.012032038619606666,-0.7570401318659936,-0.8028838338596387,-0.7593534038738934,-0.7833571472543088,-0.876761371404724,-0.13144273580806143,-0.43916827742004827,0.10713078523068376,0.10798994387128857,-0.1505042306890605,-0.6701447782987184,0.0,-0.19721891621693288,-0.11945549815472134,-0.6029483547723693,-0.5191204838758896,-0.6795271799048432,-0.2930968613274363,-0.17935069959739636,-0.3450012716057014,-0.3244743229803202,-0.6317335190343965,-0.1608830392361682,-0.2202233379545966,-0.1928585223685655,-0.1621250483988721,-0.1296147920551256,-0.1055501911169916,-0.6821768169183251,-0.5598212156490607,-0.6056649176427058,-0.5621344876569605,-0.586138231037376,-0.6795424551877911,0.06577618040887145,-0.2419493612031154,0.30434970144761664,0.30520886008822146,0.04671468552787239,-0.47292586208178555,0.19721891621693288,0.0,0.07776341806221154,-0.4057294385554364,-0.3219015676589567,-0.48230826368791035,-0.0958779451105034,0.017868216619536526,-0.1477823553887685,-0.1272554067633873,-0.43451460281746357,0.03633587698076468,-0.023004421737663705,0.004360393848367394,0.03509386781806079,0.06760412416180728,0.09166872509994128,-0.4849579007013922,-0.6375846337112723,-0.6834283357049173,-0.639897905719172,-0.6639016490995875,-0.7573058732500026,-0.011987237653340088,-0.31971277926532693,0.2265862833854051,0.22744544202600991,-0.031048732534339152,-0.5506892801439971,0.11945549815472134,-0.07776341806221154,0.0,-0.48349285661764796,-0.39966498572116826,-0.5600716817501219,-0.17364136317271495,-0.05989520144267502,-0.22554577345098004,-0.20501882482559886,-0.5122780208796751,-0.04142754108144686,-0.10076783979987525,-0.07340302421384415,-0.042669550244150756,-0.010159293900404265,0.013905307037729742,-0.5627213187636038,-0.15409177709362432,-0.19993547908726939,-0.15640504910152409,-0.18040879248193953,-0.2738130166323547,0.47150561896430787,0.16378007735232103,0.710079140003053,0.7109382986436579,0.4524441240833088,-0.06719642352634914,0.6029483547723693,0.4057294385554364,0.48349285661764796,0.0,0.0838278708964797,-0.07657882513247394,0.309851493444933,0.42359765517497294,0.2579470831666679,0.2784740317920491,-0.028785164262027152,0.4420653155362011,0.3827250168177727,0.4100898324038038,0.4408233063734972,0.4733335627172437,0.4973981636553777,-0.0792284621459558,-0.237919647990104,-0.2837633499837491,-0.24023291999800378,-0.2642366633784192,-0.3576408875288344,0.3876777480678282,0.07995220645584133,0.6262512691065734,0.6271104277471782,0.3686162531868291,-0.15102429442282883,0.5191204838758896,0.3219015676589567,0.39966498572116826,-0.0838278708964797,0.0,-0.16040669602895363,0.22602362254845332,0.33976978427849325,0.17411921227018823,0.1946461608955694,-0.11261303515850685,0.3582374446397214,0.298897145921293,0.3262619615073241,0.3569954354770175,0.389505691820764,0.413570292758898,-0.1630563330424355,-0.07751295196115038,-0.12335665395479545,-0.07982622396905015,-0.10382996734946559,-0.19723419149988075,0.5480844440967818,0.24035890248479497,0.786657965135527,0.7875171237761318,0.5290229492157827,0.009382401606124802,0.6795271799048432,0.48230826368791035,0.5600716817501219,0.07657882513247394,0.16040669602895363,0.0,0.38643031857740695,0.5001764803074469,0.33452590829914186,0.35505285692452304,0.047793660870446786,0.518644140668675,0.45930384195024665,0.48666865753627775,0.5174021315059711,0.5499123878497176,0.5739769887878516,-0.0026496370134818648,-0.46394327053855733,-0.5097869725322024,-0.4662565425464571,-0.49026028592687254,-0.5836645100772877,0.16165412551937486,-0.14607141609261198,0.40022764655812004,0.40108680519872486,0.1425926306383758,-0.37704791697128215,0.2930968613274363,0.0958779451105034,0.17364136317271495,-0.309851493444933,-0.22602362254845332,-0.38643031857740695,0.0,0.11374616173003993,-0.05190441027826509,-0.03137746165288391,-0.33863665770696016,0.13221382209126809,0.0728735233728397,0.1002383389588708,0.1309718129285642,0.16348206927231068,0.1875466702104447,-0.3890799555908888,-0.5776894322685973,-0.6235331342622423,-0.580002704276497,-0.6040064476569125,-0.6974106718073276,0.04790796378933493,-0.2598175778226519,0.2864814848280801,0.28734064346868493,0.028846468908335865,-0.4907940787013221,0.17935069959739636,-0.017868216619536526,0.05989520144267502,-0.42359765517497294,-0.33976978427849325,-0.5001764803074469,-0.11374616173003993,0.0,-0.16565057200830502,-0.14512362338292384,-0.4523828194370001,0.018467660361228155,-0.04087263835720023,-0.013507822771169131,0.01722565119852426,0.04973590754227075,0.07380050848040476,-0.5028261173209287,-0.41203886026029224,-0.4578825622539373,-0.414352132268192,-0.43835587564860745,-0.5317600997990226,0.21355853579763995,-0.0941670058143469,0.45213205683638513,0.45299121547698995,0.19449704091664088,-0.32514350669301706,0.3450012716057014,0.1477823553887685,0.22554577345098004,-0.2579470831666679,-0.17411921227018823,-0.33452590829914186,0.05190441027826509,0.16565057200830502,0.0,0.02052694862538118,-0.2867322474286951,0.18411823236953317,0.12477793365110479,0.1521427492371359,0.18287622320682928,0.21538647955057577,0.23945108048870978,-0.3371755453126237,-0.4325658088856734,-0.4784095108793185,-0.4348790808935732,-0.45888282427398863,-0.5522870484244038,0.19303158717225877,-0.11469395443972807,0.43160510821100395,0.43246426685160877,0.1739700922912597,-0.34567045531839824,0.3244743229803202,0.1272554067633873,0.20501882482559886,-0.2784740317920491,-0.1946461608955694,-0.35505285692452304,0.03137746165288391,0.14512362338292384,-0.02052694862538118,0.0,-0.30725919605407626,0.163591283744152,0.10425098502572361,0.1316158006117547,0.1623492745814481,0.1948595309251946,0.2189241318633286,-0.3577024939380049,-0.12530661283159716,-0.17115031482524223,-0.12761988483949693,-0.15162362821991238,-0.24502785237032754,0.500290783226335,0.19256524161434818,0.7388643042650802,0.739723462905685,0.48122928834533596,-0.038411259264321984,0.6317335190343965,0.43451460281746357,0.5122780208796751,0.028785164262027152,0.11261303515850685,-0.047793660870446786,0.33863665770696016,0.4523828194370001,0.2867322474286951,0.30725919605407626,0.0,0.47085047979822825,0.41151018107979986,0.43887499666583096,0.46960847063552436,0.5021187269792708,0.5261833279174049,-0.05044329788392865,-0.5961570926298254,-0.6420007946234705,-0.5984703646377252,-0.6224741080181406,-0.7158783321685558,0.029440303428106773,-0.27828523818388007,0.26801382446685196,0.2688729831074568,0.01037880854710771,-0.5092617390625502,0.1608830392361682,-0.03633587698076468,0.04142754108144686,-0.4420653155362011,-0.3582374446397214,-0.518644140668675,-0.13221382209126809,-0.018467660361228155,-0.18411823236953317,-0.163591283744152,-0.47085047979822825,0.0,-0.059340298718428386,-0.03197548313239729,-0.0012420091627038943,0.0312682471810426,0.0553328481191766,-0.5212937776821569,-0.536816793911397,-0.5826604959050421,-0.5391300659192968,-0.5631338092997122,-0.6565380334501274,0.08878060214653516,-0.21894493946545168,0.32735412318528034,0.32821328182588516,0.0697191072655361,-0.44992144034412185,0.2202233379545966,0.023004421737663705,0.10076783979987525,-0.3827250168177727,-0.298897145921293,-0.45930384195024665,-0.0728735233728397,0.04087263835720023,-0.12477793365110479,-0.10425098502572361,-0.41151018107979986,0.059340298718428386,0.0,0.0273648155860311,0.05809828955572449,0.09060854589947098,0.11467314683760499,-0.4619534789637285,-0.5641816094974281,-0.6100253114910732,-0.5664948815053279,-0.5904986248857433,-0.6839028490361585,0.06141578656050406,-0.24630975505148278,0.29998930759924924,0.30084846623985406,0.042354291679504996,-0.47728625593015295,0.1928585223685655,-0.004360393848367394,0.07340302421384415,-0.4100898324038038,-0.3262619615073241,-0.48666865753627775,-0.1002383389588708,0.013507822771169131,-0.1521427492371359,-0.1316158006117547,-0.43887499666583096,0.03197548313239729,-0.0273648155860311,0.0,0.030733473969693392,0.06324373031343988,0.08730833125157389,-0.4893182945497596,-0.5949150834671215,-0.6407587854607666,-0.5972283554750213,-0.6212320988554367,-0.7146363230058519,0.030682312590810668,-0.2770432290211762,0.26925583362955585,0.27011499227016067,0.011620817709811604,-0.5080197298998463,0.1621250483988721,-0.03509386781806079,0.042669550244150756,-0.4408233063734972,-0.3569954354770175,-0.5174021315059711,-0.1309718129285642,-0.01722565119852426,-0.18287622320682928,-0.1623492745814481,-0.46960847063552436,0.0012420091627038943,-0.05809828955572449,-0.030733473969693392,0.0,0.03251025634374649,0.0565748572818805,-0.520051768519453,-0.627425339810868,-0.6732690418045131,-0.6297386118187678,-0.6537423551991832,-0.7471465793495984,-0.0018279437529358233,-0.30955348536492266,0.23674557728580936,0.23760473592641418,-0.020889438633934887,-0.5405299862435928,0.1296147920551256,-0.06760412416180728,0.010159293900404265,-0.4733335627172437,-0.389505691820764,-0.5499123878497176,-0.16348206927231068,-0.04973590754227075,-0.21538647955057577,-0.1948595309251946,-0.5021187269792708,-0.0312682471810426,-0.09060854589947098,-0.06324373031343988,-0.03251025634374649,0.0,0.024064600938134006,-0.5525620248631995,-0.651489940749002,-0.6973336427426471,-0.6538032127569018,-0.6778069561373172,-0.7712111802877324,-0.02589254469106983,-0.33361808630305667,0.21268097634767535,0.21354013498828017,-0.04495403957206889,-0.5645945871817268,0.1055501911169916,-0.09166872509994128,-0.013905307037729742,-0.4973981636553777,-0.413570292758898,-0.5739769887878516,-0.1875466702104447,-0.07380050848040476,-0.23945108048870978,-0.2189241318633286,-0.5261833279174049,-0.0553328481191766,-0.11467314683760499,-0.08730833125157389,-0.0565748572818805,-0.024064600938134006,0.0,-0.5766266258013335,-0.07486331494766851,-0.12070701694131358,-0.07717658695556828,-0.10118033033598373,-0.1945845544863989,0.5507340811102637,0.24300853949827683,0.7893076021490089,0.7901667607896137,0.5316725862292646,0.012032038619606666,0.6821768169183251,0.4849579007013922,0.5627213187636038,0.0792284621459558,0.1630563330424355,0.0026496370134818648,0.3890799555908888,0.5028261173209287,0.3371755453126237,0.3577024939380049,0.05044329788392865,0.5212937776821569,0.4619534789637285,0.4893182945497596,0.520051768519453,0.5525620248631995,0.5766266258013335,0.0,0.0,-0.10326131430547392,0.08254278591316577,0.3660541046356247,-0.25301435052922194,0.18099755575173404,-0.14324547753044392,-0.17110758002643678,-0.06489805925853709,-0.29546461707147564,-0.5271514746102621,-0.47918346351242214,0.1444646299021759,0.030328826957072508,0.06985822691991928,-0.2666084553081447,0.09311752011361385,-0.5430760343084859,-0.7736278304002457,-0.5798683498066417,-0.02849601318451711,-0.18922456708607704,0.1906378603398018,-0.4865403670633235,-0.2204248683429384,0.057984556816347066,-0.8381205981108799,0.24338000175453445,-0.07259408820914182,0.10326131430547392,0.0,0.1858041002186397,0.4693154189410986,-0.14975303622374803,0.28425887005720796,-0.039984163224970004,-0.06784626572096286,0.03836325504693683,-0.19220330276600173,-0.4238901603047882,-0.3759221492069482,0.24772594420764982,0.13359014126254642,0.1731195412253932,-0.16334714100267078,0.19637883441908777,-0.439814720003012,-0.6703665160947718,-0.4766070355011678,0.0747653011209568,-0.08596325278060313,0.2938991746452757,-0.38327905275784957,-0.11716355403746448,0.16124587112182098,-0.734859283805406,0.34664131606000836,0.0306672260963321,-0.08254278591316577,-0.1858041002186397,0.0,0.28351131872245894,-0.3355571364423877,0.09845476983856827,-0.2257882634436097,-0.25365036593960255,-0.14744084517170286,-0.3780074029846414,-0.6096942605234279,-0.5617262494255879,0.06192184398901013,-0.052213958956093265,-0.012684558993246497,-0.34915124122131047,0.010574734200448077,-0.6256188202216517,-0.8561706163134115,-0.6624111357198075,-0.11103879909768288,-0.2717673529992428,0.10809507442663602,-0.5690831529764893,-0.30296765425610417,-0.024558229096818707,-0.9206633840240457,0.16083721584136867,-0.1551368741223076,-0.3660541046356247,-0.4693154189410986,-0.28351131872245894,0.0,-0.6190684551648467,-0.18505654888389067,-0.5092995821660686,-0.5371616846620615,-0.4309521638941618,-0.6615187217071004,-0.8932055792458868,-0.8452375681480468,-0.2215894747334488,-0.3357252776785522,-0.29619587771570544,-0.6326625599437694,-0.27293658452201086,-0.9091301389441107,-1.1396819350358705,-0.9459224544422664,-0.3945501178201418,-0.5552786717217018,-0.17541624429582292,-0.8525944716989482,-0.5864789729785631,-0.30806954781927764,-1.2041747027465046,-0.12267410288109026,-0.4386481928447665,0.25301435052922194,0.14975303622374803,0.3355571364423877,0.6190684551648467,0.0,0.434011906280956,0.10976887299877802,0.08190677050278516,0.18811629127068485,-0.0424502665422537,-0.2741371240810402,-0.2261691129832002,0.39747898043139784,0.28334317748629445,0.3228725774491412,-0.013594104778922755,0.3461318706428358,-0.290061683779264,-0.5206134798710238,-0.32685399927741976,0.22451833734470483,0.0637897834431449,0.44365221086902373,-0.23352601653410154,0.03258948218628355,0.310998907345569,-0.585106247581658,0.4963943522837564,0.18042026232008013,-0.18099755575173404,-0.28425887005720796,-0.09845476983856827,0.18505654888389067,-0.434011906280956,0.0,-0.32424303328217796,-0.3521051357781708,-0.24589561501027113,-0.4764621728232097,-0.7081490303619962,-0.6601810192641562,-0.03653292584955814,-0.15066872879466153,-0.11113932883181477,-0.44760601105987874,-0.08788003563812019,-0.72407359006022,-0.9546253861519798,-0.7608659055583757,-0.20949356893625115,-0.3702221228378111,0.00964030458806775,-0.6675379228150575,-0.40142242409467244,-0.12301299893538697,-1.019118153862614,0.06238244600280041,-0.25359164396087586,0.14324547753044392,0.039984163224970004,0.2257882634436097,0.5092995821660686,-0.10976887299877802,0.32424303328217796,0.0,-0.027862102495992858,0.07834741827190683,-0.15221913954103172,-0.3839059970798182,-0.3359379859819782,0.2877101074326198,0.17357430448751643,0.2131037044503632,-0.12336297777770078,0.23636299764405777,-0.399830556778042,-0.6303823528698018,-0.4366228722761978,0.11474946434592681,-0.045979089555633124,0.3338833378702457,-0.34329488953287957,-0.07717939081249447,0.201230034346791,-0.694875120580436,0.38662547928497837,0.0706513893213021,0.17110758002643678,0.06784626572096286,0.25365036593960255,0.5371616846620615,-0.08190677050278516,0.3521051357781708,0.027862102495992858,0.0,0.10620952076789969,-0.12435703704503887,-0.35604389458382535,-0.30807588348598536,0.3155722099286127,0.2014364069835093,0.24096580694635605,-0.09550087528170792,0.26422510014005063,-0.37196845428204917,-0.602520250373809,-0.4087607697802049,0.14261156684191967,-0.018116987059640266,0.36174544036623857,-0.3154327870368867,-0.04931728831650162,0.22909213684278384,-0.6670130180844431,0.4144875817809712,0.09851349181729496,0.06489805925853709,-0.03836325504693683,0.14744084517170286,0.4309521638941618,-0.18811629127068485,0.24589561501027113,-0.07834741827190683,-0.10620952076789969,0.0,-0.23056655781293856,-0.46225341535172504,-0.41428540425388505,0.209362689160713,0.0952268862156096,0.13475628617845636,-0.2017103960496076,0.15801557937215094,-0.47817797504994886,-0.7087297711417087,-0.5149702905481046,0.03640204607401998,-0.12432650782753996,0.2555359195983389,-0.4216423078047864,-0.1555268090844013,0.12288261607488415,-0.7732225388523428,0.30827806101307154,-0.0076960289506047275,0.29546461707147564,0.19220330276600173,0.3780074029846414,0.6615187217071004,0.0424502665422537,0.4764621728232097,0.15221913954103172,0.12435703704503887,0.23056655781293856,0.0,-0.23168685753878648,-0.1837188464409465,0.43992924697365154,0.32579344402854815,0.3653228439913949,0.028856161763330945,0.3885821371850895,-0.2476114172370103,-0.4781632133287701,-0.28440373273516606,0.26696860388695853,0.1062400499853986,0.48610247741127743,-0.19107574999184784,0.07503974872853725,0.3534491738878227,-0.5426559810394043,0.5388446188260101,0.22287052886233383,0.5271514746102621,0.4238901603047882,0.6096942605234279,0.8932055792458868,0.2741371240810402,0.7081490303619962,0.3839059970798182,0.35604389458382535,0.46225341535172504,0.23168685753878648,0.0,0.04796801109783999,0.671616104512438,0.5574803015673346,0.5970097015301814,0.26054301930211743,0.620268994723876,-0.015924559698223817,-0.24647635578998361,-0.052716875196379576,0.498655461425745,0.3379269075241851,0.7177893349500639,0.04061110754693864,0.30672660626732373,0.5851360314266092,-0.3109691235006178,0.7705314763647966,0.4545573864011203,0.47918346351242214,0.3759221492069482,0.5617262494255879,0.8452375681480468,0.2261691129832002,0.6601810192641562,0.3359379859819782,0.30807588348598536,0.41428540425388505,0.1837188464409465,-0.04796801109783999,0.0,0.623648093414598,0.5095122904694946,0.5490416904323414,0.21257500820427744,0.572300983626036,-0.06389257079606381,-0.2944443668878236,-0.10068488629421957,0.450687450327905,0.2899588964263451,0.6698213238522239,-0.00735690355090135,0.25875859516948374,0.5371680203287692,-0.3589371345984578,0.7225634652669566,0.4065893753032803,-0.1444646299021759,-0.24772594420764982,-0.06192184398901013,0.2215894747334488,-0.39747898043139784,0.03653292584955814,-0.2877101074326198,-0.3155722099286127,-0.209362689160713,-0.43992924697365154,-0.671616104512438,-0.623648093414598,0.0,-0.11413580294510339,-0.07460640298225663,-0.4110730852103206,-0.05134710978856205,-0.6875406642106618,-0.9180924603024216,-0.7243329797088176,-0.172960643086693,-0.33368919698825295,0.04617323043762589,-0.6310049969654994,-0.3648894982451143,-0.08648007308582883,-0.9825852280130558,0.09891537185235855,-0.21705871811131772,-0.030328826957072508,-0.13359014126254642,0.052213958956093265,0.3357252776785522,-0.28334317748629445,0.15066872879466153,-0.17357430448751643,-0.2014364069835093,-0.0952268862156096,-0.32579344402854815,-0.5574803015673346,-0.5095122904694946,0.11413580294510339,0.0,0.03952939996284677,-0.2969372822652172,0.06278869315654134,-0.5734048612655585,-0.8039566573573182,-0.6101971767637142,-0.05882484014158962,-0.21955339404314955,0.16030903338272928,-0.516869194020396,-0.2507536953000109,0.027655729859274558,-0.8684494250679524,0.21305117479746194,-0.10292291516621432,-0.06985822691991928,-0.1731195412253932,0.012684558993246497,0.29619587771570544,-0.3228725774491412,0.11113932883181477,-0.2131037044503632,-0.24096580694635605,-0.13475628617845636,-0.3653228439913949,-0.5970097015301814,-0.5490416904323414,0.07460640298225663,-0.03952939996284677,0.0,-0.336466682228064,0.023259293193694575,-0.6129342612284052,-0.843486057320165,-0.649726576726561,-0.09835424010443639,-0.2590827940059963,0.12077963341988251,-0.5563985939832428,-0.29028309526285767,-0.01187367010357221,-0.9079788250307992,0.17352177483461517,-0.1424523151290611,0.2666084553081447,0.16334714100267078,0.34915124122131047,0.6326625599437694,0.013594104778922755,0.44760601105987874,0.12336297777770078,0.09550087528170792,0.2017103960496076,-0.028856161763330945,-0.26054301930211743,-0.21257500820427744,0.4110730852103206,0.2969372822652172,0.336466682228064,0.0,0.35972597542175855,-0.27646757900034125,-0.507019375092101,-0.313259894498497,0.2381124421236276,0.07738388822206765,0.4572463156479465,-0.2199319117551788,0.0461835869652063,0.32459301212449176,-0.5715121428027352,0.5099884570626791,0.19401436709900288,-0.09311752011361385,-0.19637883441908777,-0.010574734200448077,0.27293658452201086,-0.3461318706428358,0.08788003563812019,-0.23636299764405777,-0.26422510014005063,-0.15801557937215094,-0.3885821371850895,-0.620268994723876,-0.572300983626036,0.05134710978856205,-0.06278869315654134,-0.023259293193694575,-0.35972597542175855,0.0,-0.6361935544220998,-0.8667453505138596,-0.6729858699202556,-0.12161353329813096,-0.2823420871996909,0.09752034022618794,-0.5796578871769373,-0.31354238845655225,-0.035132963297266784,-0.9312381182244938,0.1502624816409206,-0.16571160832275567,0.5430760343084859,0.439814720003012,0.6256188202216517,0.9091301389441107,0.290061683779264,0.72407359006022,0.399830556778042,0.37196845428204917,0.47817797504994886,0.2476114172370103,0.015924559698223817,0.06389257079606381,0.6875406642106618,0.5734048612655585,0.6129342612284052,0.27646757900034125,0.6361935544220998,0.0,-0.2305517960917598,-0.03679231549815576,0.5145800211239688,0.3538514672224089,0.7337138946482877,0.05653566724516246,0.32265116596554755,0.601060591124833,-0.29504456380239397,0.7864560360630204,0.47048194609934413,0.7736278304002457,0.6703665160947718,0.8561706163134115,1.1396819350358705,0.5206134798710238,0.9546253861519798,0.6303823528698018,0.602520250373809,0.7087297711417087,0.4781632133287701,0.24647635578998361,0.2944443668878236,0.9180924603024216,0.8039566573573182,0.843486057320165,0.507019375092101,0.8667453505138596,0.2305517960917598,0.0,0.19375948059360404,0.7451318172157286,0.5844032633141687,0.9642656907400475,0.28708746333692226,0.5532029620573073,0.8316123872165928,-0.06449276771063417,1.0170078321547802,0.7010337421911039,0.5798683498066417,0.4766070355011678,0.6624111357198075,0.9459224544422664,0.32685399927741976,0.7608659055583757,0.4366228722761978,0.4087607697802049,0.5149702905481046,0.28440373273516606,0.052716875196379576,0.10068488629421957,0.7243329797088176,0.6101971767637142,0.649726576726561,0.313259894498497,0.6729858699202556,0.03679231549815576,-0.19375948059360404,0.0,0.5513723366221246,0.39064378272056466,0.7705062101464435,0.09332798274331822,0.3594434814637033,0.6378529066229888,-0.2582522483042382,0.8232483515611762,0.5072742615974999,0.02849601318451711,-0.0747653011209568,0.11103879909768288,0.3945501178201418,-0.22451833734470483,0.20949356893625115,-0.11474946434592681,-0.14261156684191967,-0.03640204607401998,-0.26696860388695853,-0.498655461425745,-0.450687450327905,0.172960643086693,0.05882484014158962,0.09835424010443639,-0.2381124421236276,0.12161353329813096,-0.5145800211239688,-0.7451318172157286,-0.5513723366221246,0.0,-0.16072855390155993,0.2191338735243189,-0.4580443538788064,-0.19192885515842129,0.08648057000086418,-0.8096245849263628,0.27187601493905156,-0.044098075024624706,0.18922456708607704,0.08596325278060313,0.2717673529992428,0.5552786717217018,-0.0637897834431449,0.3702221228378111,0.045979089555633124,0.018116987059640266,0.12432650782753996,-0.1062400499853986,-0.3379269075241851,-0.2899588964263451,0.33368919698825295,0.21955339404314955,0.2590827940059963,-0.07738388822206765,0.2823420871996909,-0.3538514672224089,-0.5844032633141687,-0.39064378272056466,0.16072855390155993,0.0,0.37986242742587883,-0.29731579997724644,-0.03120030125686135,0.2472091239024241,-0.6488960310248029,0.4326045688406115,0.11663047887693523,-0.1906378603398018,-0.2938991746452757,-0.10809507442663602,0.17541624429582292,-0.44365221086902373,-0.00964030458806775,-0.3338833378702457,-0.36174544036623857,-0.2555359195983389,-0.48610247741127743,-0.7177893349500639,-0.6698213238522239,-0.04617323043762589,-0.16030903338272928,-0.12077963341988251,-0.4572463156479465,-0.09752034022618794,-0.7337138946482877,-0.9642656907400475,-0.7705062101464435,-0.2191338735243189,-0.37986242742587883,0.0,-0.6771782274031253,-0.4110627286827402,-0.13265330352345472,-1.0287584584506817,0.05274214141473266,-0.2632319485489436,0.4865403670633235,0.38327905275784957,0.5690831529764893,0.8525944716989482,0.23352601653410154,0.6675379228150575,0.34329488953287957,0.3154327870368867,0.4216423078047864,0.19107574999184784,-0.04061110754693864,0.00735690355090135,0.6310049969654994,0.516869194020396,0.5563985939832428,0.2199319117551788,0.5796578871769373,-0.05653566724516246,-0.28708746333692226,-0.09332798274331822,0.4580443538788064,0.29731579997724644,0.6771782274031253,0.0,0.2661154987203851,0.5445249238796706,-0.3515802310475564,0.7299203688178579,0.41394627885418167,0.2204248683429384,0.11716355403746448,0.30296765425610417,0.5864789729785631,-0.03258948218628355,0.40142242409467244,0.07717939081249447,0.04931728831650162,0.1555268090844013,-0.07503974872853725,-0.30672660626732373,-0.25875859516948374,0.3648894982451143,0.2507536953000109,0.29028309526285767,-0.0461835869652063,0.31354238845655225,-0.32265116596554755,-0.5532029620573073,-0.3594434814637033,0.19192885515842129,0.03120030125686135,0.4110627286827402,-0.2661154987203851,0.0,0.27840942515928546,-0.6176957297679415,0.46380487009747284,0.14783078013379658,-0.057984556816347066,-0.16124587112182098,0.024558229096818707,0.30806954781927764,-0.310998907345569,0.12301299893538697,-0.201230034346791,-0.22909213684278384,-0.12288261607488415,-0.3534491738878227,-0.5851360314266092,-0.5371680203287692,0.08648007308582883,-0.027655729859274558,0.01187367010357221,-0.32459301212449176,0.035132963297266784,-0.601060591124833,-0.8316123872165928,-0.6378529066229888,-0.08648057000086418,-0.2472091239024241,0.13265330352345472,-0.5445249238796706,-0.27840942515928546,0.0,-0.896105154927227,0.18539544493818738,-0.13057864502548888,0.8381205981108799,0.734859283805406,0.9206633840240457,1.2041747027465046,0.585106247581658,1.019118153862614,0.694875120580436,0.6670130180844431,0.7732225388523428,0.5426559810394043,0.3109691235006178,0.3589371345984578,0.9825852280130558,0.8684494250679524,0.9079788250307992,0.5715121428027352,0.9312381182244938,0.29504456380239397,0.06449276771063417,0.2582522483042382,0.8096245849263628,0.6488960310248029,1.0287584584506817,0.3515802310475564,0.6176957297679415,0.896105154927227,0.0,1.0815005998654144,0.7655265099017381,-0.24338000175453445,-0.34664131606000836,-0.16083721584136867,0.12267410288109026,-0.4963943522837564,-0.06238244600280041,-0.38662547928497837,-0.4144875817809712,-0.30827806101307154,-0.5388446188260101,-0.7705314763647966,-0.7225634652669566,-0.09891537185235855,-0.21305117479746194,-0.17352177483461517,-0.5099884570626791,-0.1502624816409206,-0.7864560360630204,-1.0170078321547802,-0.8232483515611762,-0.27187601493905156,-0.4326045688406115,-0.05274214141473266,-0.7299203688178579,-0.46380487009747284,-0.18539544493818738,-1.0815005998654144,0.0,-0.31597408996367626,0.07259408820914182,-0.0306672260963321,0.1551368741223076,0.4386481928447665,-0.18042026232008013,0.25359164396087586,-0.0706513893213021,-0.09851349181729496,0.0076960289506047275,-0.22287052886233383,-0.4545573864011203,-0.4065893753032803,0.21705871811131772,0.10292291516621432,0.1424523151290611,-0.19401436709900288,0.16571160832275567,-0.47048194609934413,-0.7010337421911039,-0.5072742615974999,0.044098075024624706,-0.11663047887693523,0.2632319485489436,-0.41394627885418167,-0.14783078013379658,0.13057864502548888,-0.7655265099017381,0.31597408996367626,0.0,0.0,0.18002644551519253,-0.01619328876904902,-0.4828297201992058,-0.33463721931779666,-0.08593657461052473,-0.39694737679728576,-0.11213163698687723,-0.10507407381833644,-0.4383726642443726,-0.038569460742769124,-0.07399876562107899,-0.3664521736460049,0.22911646048573076,0.1496581696632262,-0.7315969435667284,-0.11761292973223902,-0.9117334652998075,-0.6724059250127272,-0.24450401235679742,-0.28917446530272883,-0.1928578125864977,-0.05188406688636604,-0.5153231088235994,-0.3120871697043004,0.16842836033219122,0.0570483040951828,-0.10540407729050294,0.06092806856034727,-0.18002644551519253,0.0,-0.19621973428424155,-0.6628561657143983,-0.5146636648329892,-0.26596302012571726,-0.5769738223124783,-0.29215808250206976,-0.285100519333529,-0.6183991097595651,-0.21859590625796166,-0.2540252111362715,-0.5464786191611974,0.04909001497053822,-0.03036827585196633,-0.911623389081921,-0.29763937524743156,-1.091759910815,-0.8524323705279198,-0.42453045787198995,-0.46920091081792137,-0.37288425810169024,-0.23191051240155858,-0.695349554338792,-0.49211361521949293,-0.011598085183001317,-0.12297814142000973,-0.2854305228056955,-0.11909837695484526,0.01619328876904902,0.19621973428424155,0.0,-0.46663643143015676,-0.31844393054874764,-0.06974328584147571,-0.38075408802823674,-0.0959383482178282,-0.08888078504928743,-0.4221793754753236,-0.022376171973720105,-0.05780547685202997,-0.3502588848769559,0.24530974925477977,0.16585145843227522,-0.7154036547976794,-0.10141964096319,-0.8955401765307585,-0.6562126362436782,-0.2283107235877484,-0.2729811765336798,-0.17666452381744868,-0.035690778117317024,-0.4991298200545504,-0.2958938809352514,0.18462164910124024,0.07324159286423182,-0.08921078852145392,0.07712135732939629,0.4828297201992058,0.6628561657143983,0.46663643143015676,0.0,0.14819250088140912,0.39689314558868105,0.08588234340192002,0.37069808321232856,0.37775564638086934,0.04445705595483318,0.44426025945643666,0.4088309545781268,0.11637754655320087,0.7119461806849365,0.632487889862432,-0.24876722336752266,0.36521679046696676,-0.4289037451006017,-0.18957620481352144,0.23832570784240836,0.19365525489647695,0.2899719076127081,0.43094565331283974,-0.03249338862439366,0.1707425504949054,0.651258080531397,0.5398780242943886,0.37742564290870284,0.543757788759553,0.33463721931779666,0.5146636648329892,0.31844393054874764,-0.14819250088140912,0.0,0.24870064470727193,-0.06231015747948909,0.22250558233091944,0.22956314549946022,-0.10373544492657594,0.29606775857502754,0.2606384536967177,-0.031814954328208245,0.5637536798035274,0.48429538898102287,-0.3969597242489318,0.21702428958555764,-0.5770962459820108,-0.33776870569493056,0.09013320696099925,0.04546275401506783,0.14177940673129896,0.2827531524314306,-0.18068588950580278,0.02255004961349627,0.5030655796499879,0.39168552341297946,0.22923314202729372,0.39556528787814393,0.08593657461052473,0.26596302012571726,0.06974328584147571,-0.39689314558868105,-0.24870064470727193,0.0,-0.311010802186761,-0.026195062376352496,-0.019137499207811715,-0.35243608963384787,0.047367113867755606,0.011937808989445742,-0.2805155990354802,0.3150530350962555,0.23559474427375093,-0.6456603689562037,-0.031676355121714295,-0.8257968906892827,-0.5864693504022025,-0.1585674377462727,-0.2032378906922041,-0.10692123797597297,0.03405250772415869,-0.4293865342130747,-0.22615059509377566,0.25436493494271595,0.14298487870570753,-0.01946750267997821,0.146864643170872,0.39694737679728576,0.5769738223124783,0.38075408802823674,-0.08588234340192002,0.06231015747948909,0.311010802186761,0.0,0.28481573981040853,0.2918733029789493,-0.041425287447086845,0.35837791605451663,0.32294861117620677,0.030495203151280847,0.6260638372830165,0.546605546460512,-0.3346495667694427,0.27933444706504673,-0.5147860885025217,-0.27545854821544147,0.15244336444048834,0.10777291149455692,0.20408956421078805,0.3450633099109197,-0.11837573202631368,0.08486020709298536,0.565375737129477,0.45399568089246856,0.2915432995067828,0.457875445357633,0.11213163698687723,0.29215808250206976,0.0959383482178282,-0.37069808321232856,-0.22250558233091944,0.026195062376352496,-0.28481573981040853,0.0,0.007057563168540781,-0.3262410272574954,0.0735621762441081,0.03813287136579824,-0.2543205366591277,0.341248097472608,0.26178980665010343,-0.6194653065798512,-0.005481292745361799,-0.7996018283129303,-0.56027428802585,-0.1323723753699202,-0.1770428283158516,-0.08072617559962048,0.06024757010051118,-0.4031914718367222,-0.19995553271742317,0.28055999731906844,0.16917994108206003,0.006727559696374286,0.1730597055472245,0.10507407381833644,0.285100519333529,0.08888078504928743,-0.37775564638086934,-0.22956314549946022,0.019137499207811715,-0.2918733029789493,-0.007057563168540781,0.0,-0.33329859042603616,0.06650461307556732,0.031075308197257456,-0.26137809982766846,0.3341905343040672,0.25473224348156265,-0.626522869748392,-0.01253885591390258,-0.806659391481471,-0.5673318511943908,-0.13942993853846097,-0.1841003914843924,-0.08778373876816126,0.0531900069319704,-0.410249035005263,-0.20701309588596395,0.27350243415052766,0.16212237791351924,-0.0003300034721664957,0.16600214237868371,0.4383726642443726,0.6183991097595651,0.4221793754753236,-0.04445705595483318,0.10373544492657594,0.35243608963384787,0.041425287447086845,0.3262410272574954,0.33329859042603616,0.0,0.3998032035016035,0.3643738986232936,0.07192049059836769,0.6674891247301034,0.5880308339075988,-0.29322427932235584,0.3207597345121336,-0.4733608010554349,-0.23403326076835462,0.19386865188757518,0.14919819894164377,0.2455148516578749,0.38648859735800656,-0.07695044457922684,0.1262854945400722,0.6068010245765638,0.4954209683395554,0.33296858695386966,0.49930073280471987,0.038569460742769124,0.21859590625796166,0.022376171973720105,-0.44426025945643666,-0.29606775857502754,-0.047367113867755606,-0.35837791605451663,-0.0735621762441081,-0.06650461307556732,-0.3998032035016035,0.0,-0.035429304878309864,-0.3278827129032358,0.2676859212284999,0.18822763040599533,-0.6930274828239593,-0.0790434689894699,-0.8731640045570384,-0.6338364642699581,-0.2059345516140283,-0.2506050045599597,-0.15428835184372858,-0.013314606143596919,-0.4767536480808303,-0.27351770896153127,0.20699782107496034,0.09561776483795192,-0.06683461654773382,0.0994975293031164,0.07399876562107899,0.2540252111362715,0.05780547685202997,-0.4088309545781268,-0.2606384536967177,-0.011937808989445742,-0.32294861117620677,-0.03813287136579824,-0.031075308197257456,-0.3643738986232936,0.035429304878309864,0.0,-0.2924534080249259,0.30311522610680974,0.2236569352843052,-0.6575981779456495,-0.043614164111160036,-0.8377346996787285,-0.5984071593916482,-0.17050524673571843,-0.21517569968164985,-0.11885904696541871,0.022114698734712945,-0.44132434320252045,-0.2380884040832214,0.2424271259532702,0.1310470697162618,-0.03140531166942395,0.13492683418142626,0.3664521736460049,0.5464786191611974,0.3502588848769559,-0.11637754655320087,0.031814954328208245,0.2805155990354802,-0.030495203151280847,0.2543205366591277,0.26137809982766846,-0.07192049059836769,0.3278827129032358,0.2924534080249259,0.0,0.5955686341317357,0.5161103433092311,-0.36514476992072353,0.24883924391376588,-0.5452812916538026,-0.3059537513667223,0.12194816128920749,0.07727770834327607,0.1735943610595072,0.31456810675963887,-0.14887093517759453,0.054365003941704515,0.5348805339781961,0.4235004777411877,0.26104809635550197,0.4273802422063522,-0.22911646048573076,-0.04909001497053822,-0.24530974925477977,-0.7119461806849365,-0.5637536798035274,-0.3150530350962555,-0.6260638372830165,-0.341248097472608,-0.3341905343040672,-0.6674891247301034,-0.2676859212284999,-0.30311522610680974,-0.5955686341317357,0.0,-0.07945829082250455,-0.9607134040524592,-0.3467293902179698,-1.1408499257855382,-0.901522385498458,-0.4736204728425282,-0.5182909257884596,-0.42197427307222846,-0.2810005273720968,-0.7444395693093302,-0.5412036301900311,-0.06068810015353954,-0.17206815639054795,-0.3345205377762337,-0.16818839192538348,-0.1496581696632262,0.03036827585196633,-0.16585145843227522,-0.632487889862432,-0.48429538898102287,-0.23559474427375093,-0.546605546460512,-0.26178980665010343,-0.25473224348156265,-0.5880308339075988,-0.18822763040599533,-0.2236569352843052,-0.5161103433092311,0.07945829082250455,0.0,-0.8812551132299546,-0.26727109939546523,-1.0613916349630337,-0.8220640946759534,-0.3941621820200236,-0.43883263496595504,-0.3425159822497239,-0.20154223654959225,-0.6649812784868256,-0.4617453393675266,0.018770190668965014,-0.0926098655680434,-0.25506224695372914,-0.08873010110287893,0.7315969435667284,0.911623389081921,0.7154036547976794,0.24876722336752266,0.3969597242489318,0.6456603689562037,0.3346495667694427,0.6194653065798512,0.626522869748392,0.29322427932235584,0.6930274828239593,0.6575981779456495,0.36514476992072353,0.9607134040524592,0.8812551132299546,0.0,0.6139840138344894,-0.18013652173307904,0.05919101855400122,0.487092931209931,0.4424224782639996,0.5387391309802307,0.6797128766803624,0.216273834743129,0.41950977386242805,0.9000253038989197,0.7886452476619112,0.6261928662762255,0.7925250121270757,0.11761292973223902,0.29763937524743156,0.10141964096319,-0.36521679046696676,-0.21702428958555764,0.031676355121714295,-0.27933444706504673,0.005481292745361799,0.01253885591390258,-0.3207597345121336,0.0790434689894699,0.043614164111160036,-0.24883924391376588,0.3467293902179698,0.26727109939546523,-0.6139840138344894,0.0,-0.7941205355675685,-0.5547929952804882,-0.1268910826245584,-0.1715615355704898,-0.07524488285425868,0.06572886284587298,-0.3977101790913604,-0.19447423997206137,0.28604129006443024,0.17466123382742182,0.012208852441736084,0.1785409982925863,0.9117334652998075,1.091759910815,0.8955401765307585,0.4289037451006017,0.5770962459820108,0.8257968906892827,0.5147860885025217,0.7996018283129303,0.806659391481471,0.4733608010554349,0.8731640045570384,0.8377346996787285,0.5452812916538026,1.1408499257855382,1.0613916349630337,0.18013652173307904,0.7941205355675685,0.0,0.23932754028708025,0.6672294529430101,0.6225589999970786,0.7188756527133098,0.8598493984134414,0.39641035647620804,0.5996462955955071,1.0801618256319987,0.9687817693949903,0.8063293880093045,0.9726615338601547,0.6724059250127272,0.8524323705279198,0.6562126362436782,0.18957620481352144,0.33776870569493056,0.5864693504022025,0.27545854821544147,0.56027428802585,0.5673318511943908,0.23403326076835462,0.6338364642699581,0.5984071593916482,0.3059537513667223,0.901522385498458,0.8220640946759534,-0.05919101855400122,0.5547929952804882,-0.23932754028708025,0.0,0.4279019126559298,0.3832314597099984,0.4795481124262295,0.6205218581263612,0.15708281618912778,0.36031875530842683,0.8408342853449184,0.72945422910791,0.5670018477222243,0.7333339935730745,0.24450401235679742,0.42453045787198995,0.2283107235877484,-0.23832570784240836,-0.09013320696099925,0.1585674377462727,-0.15244336444048834,0.1323723753699202,0.13942993853846097,-0.19386865188757518,0.2059345516140283,0.17050524673571843,-0.12194816128920749,0.4736204728425282,0.3941621820200236,-0.487092931209931,0.1268910826245584,-0.6672294529430101,-0.4279019126559298,0.0,-0.044670452945931416,0.05164619977029972,0.19261994547043138,-0.270819096466802,-0.06758315734750298,0.41293237268898864,0.3015523164519802,0.13909993506629448,0.3054320809171447,0.28917446530272883,0.46920091081792137,0.2729811765336798,-0.19365525489647695,-0.04546275401506783,0.2032378906922041,-0.10777291149455692,0.1770428283158516,0.1841003914843924,-0.14919819894164377,0.2506050045599597,0.21517569968164985,-0.07727770834327607,0.5182909257884596,0.43883263496595504,-0.4424224782639996,0.1715615355704898,-0.6225589999970786,-0.3832314597099984,0.044670452945931416,0.0,0.09631665271623113,0.2372903984163628,-0.2261486435208706,-0.02291270440157156,0.45760282563492005,0.34622276939791163,0.1837703880122259,0.3501025338630761,0.1928578125864977,0.37288425810169024,0.17666452381744868,-0.2899719076127081,-0.14177940673129896,0.10692123797597297,-0.20408956421078805,0.08072617559962048,0.08778373876816126,-0.2455148516578749,0.15428835184372858,0.11885904696541871,-0.1735943610595072,0.42197427307222846,0.3425159822497239,-0.5387391309802307,0.07524488285425868,-0.7188756527133098,-0.4795481124262295,-0.05164619977029972,-0.09631665271623113,0.0,0.14097374570013166,-0.32246529623710174,-0.11922935711780269,0.3612861729186889,0.2499061166816805,0.08745373529599476,0.25378588114684497,0.05188406688636604,0.23191051240155858,0.035690778117317024,-0.43094565331283974,-0.2827531524314306,-0.03405250772415869,-0.3450633099109197,-0.06024757010051118,-0.0531900069319704,-0.38648859735800656,0.013314606143596919,-0.022114698734712945,-0.31456810675963887,0.2810005273720968,0.20154223654959225,-0.6797128766803624,-0.06572886284587298,-0.8598493984134414,-0.6205218581263612,-0.19261994547043138,-0.2372903984163628,-0.14097374570013166,0.0,-0.4634390419372334,-0.26020310281793435,0.22031242721855726,0.10893237098154884,-0.0535200104041369,0.11281213544671331,0.5153231088235994,0.695349554338792,0.4991298200545504,0.03249338862439366,0.18068588950580278,0.4293865342130747,0.11837573202631368,0.4031914718367222,0.410249035005263,0.07695044457922684,0.4767536480808303,0.44132434320252045,0.14887093517759453,0.7444395693093302,0.6649812784868256,-0.216273834743129,0.3977101790913604,-0.39641035647620804,-0.15708281618912778,0.270819096466802,0.2261486435208706,0.32246529623710174,0.4634390419372334,0.0,0.20323593911929905,0.6837514691557907,0.5723714129187822,0.4099190315330965,0.5762511773839467,0.3120871697043004,0.49211361521949293,0.2958938809352514,-0.1707425504949054,-0.02255004961349627,0.22615059509377566,-0.08486020709298536,0.19995553271742317,0.20701309588596395,-0.1262854945400722,0.27351770896153127,0.2380884040832214,-0.054365003941704515,0.5412036301900311,0.4617453393675266,-0.41950977386242805,0.19447423997206137,-0.5996462955955071,-0.36031875530842683,0.06758315734750298,0.02291270440157156,0.11922935711780269,0.26020310281793435,-0.20323593911929905,0.0,0.4805155300364916,0.3691354737994832,0.20668309241379745,0.37301523826464766,-0.16842836033219122,0.011598085183001317,-0.18462164910124024,-0.651258080531397,-0.5030655796499879,-0.25436493494271595,-0.565375737129477,-0.28055999731906844,-0.27350243415052766,-0.6068010245765638,-0.20699782107496034,-0.2424271259532702,-0.5348805339781961,0.06068810015353954,-0.018770190668965014,-0.9000253038989197,-0.28604129006443024,-1.0801618256319987,-0.8408342853449184,-0.41293237268898864,-0.45760282563492005,-0.3612861729186889,-0.22031242721855726,-0.6837514691557907,-0.4805155300364916,0.0,-0.11138005623700842,-0.27383243762269416,-0.10750029177184395,-0.0570483040951828,0.12297814142000973,-0.07324159286423182,-0.5398780242943886,-0.39168552341297946,-0.14298487870570753,-0.45399568089246856,-0.16917994108206003,-0.16212237791351924,-0.4954209683395554,-0.09561776483795192,-0.1310470697162618,-0.4235004777411877,0.17206815639054795,0.0926098655680434,-0.7886452476619112,-0.17466123382742182,-0.9687817693949903,-0.72945422910791,-0.3015523164519802,-0.34622276939791163,-0.2499061166816805,-0.10893237098154884,-0.5723714129187822,-0.3691354737994832,0.11138005623700842,0.0,-0.16245238138568574,0.0038797644651644703,0.10540407729050294,0.2854305228056955,0.08921078852145392,-0.37742564290870284,-0.22923314202729372,0.01946750267997821,-0.2915432995067828,-0.006727559696374286,0.0003300034721664957,-0.33296858695386966,0.06683461654773382,0.03140531166942395,-0.26104809635550197,0.3345205377762337,0.25506224695372914,-0.6261928662762255,-0.012208852441736084,-0.8063293880093045,-0.5670018477222243,-0.13909993506629448,-0.1837703880122259,-0.08745373529599476,0.0535200104041369,-0.4099190315330965,-0.20668309241379745,0.27383243762269416,0.16245238138568574,0.0,0.1663321458508502,-0.06092806856034727,0.11909837695484526,-0.07712135732939629,-0.543757788759553,-0.39556528787814393,-0.146864643170872,-0.457875445357633,-0.1730597055472245,-0.16600214237868371,-0.49930073280471987,-0.0994975293031164,-0.13492683418142626,-0.4273802422063522,0.16818839192538348,0.08873010110287893,-0.7925250121270757,-0.1785409982925863,-0.9726615338601547,-0.7333339935730745,-0.3054320809171447,-0.3501025338630761,-0.25378588114684497,-0.11281213544671331,-0.5762511773839467,-0.37301523826464766,0.10750029177184395,-0.0038797644651644703,-0.1663321458508502,0.0,0.0,0.3551408221712684,0.4427032788318268,0.3862901837434123,0.5225805440267894,0.6537536406244282,0.17702717626017872,0.4583673535191046,0.37694131414436427,0.12111696891854962,0.37357083557815507,0.23706098737383208,0.4225200227153856,0.5576227849627813,0.3403351066245097,0.41678759057902326,0.1360672764994728,0.24718110177420805,0.5635637677984366,0.2561918036087363,-0.03844636817556868,-0.19967524913697332,0.2962166281995451,0.6485711089866655,0.00145371995073873,-0.1472456407420104,-0.31298707252963176,0.5441535146685883,0.19766099540759718,-0.3551408221712684,0.0,0.0875624566605584,0.031149361572143874,0.16743972185552103,0.2986128184531598,-0.1781136459110897,0.10322653134783621,0.02180049197309586,-0.2340238532527188,0.01843001340688666,-0.11807983479743633,0.06737920054411717,0.20248196279151287,-0.014805715546758691,0.06164676840775485,-0.2190735456717956,-0.10795972039706037,0.20842294562716823,-0.09894901856253213,-0.3935871903468371,-0.5548160713082417,-0.058924193971723327,0.29343028681539707,-0.3536871022205297,-0.5023864629132788,-0.6681278947009002,0.1890126924973199,-0.15747982676367123,-0.4427032788318268,-0.0875624566605584,0.0,-0.05641309508841452,0.07987726519496263,0.2110503617926014,-0.2656761025716481,0.015664074687277818,-0.06576196468746254,-0.3215863099132772,-0.06913244325367174,-0.20564229145799473,-0.02018325611644123,0.11491950613095447,-0.10236817220731709,-0.025915688252803548,-0.306636002332354,-0.19552217705761876,0.12086048896660984,-0.18651147522309053,-0.4811496470073955,-0.6423785279688001,-0.14648665063228172,0.20586783015483867,-0.4412495588810881,-0.5899489195738372,-0.7556903513614586,0.1014502358367615,-0.24504228342422962,-0.3862901837434123,-0.031149361572143874,0.05641309508841452,0.0,0.13629036028337715,0.2674634568810159,-0.20926300748323357,0.07207716977569234,-0.009348869599048015,-0.26517321482486267,-0.012719348165257216,-0.1492291963695802,0.036229838971973294,0.171332601219369,-0.045955077118902565,0.030497406835610974,-0.2502229072439395,-0.13910908196920424,0.17727358405502436,-0.130098380134676,-0.42473655191898096,-0.5859654328803856,-0.0900735555438672,0.2622809252432532,-0.38483646379267356,-0.5335358244854227,-0.699277256273044,0.15786333092517602,-0.1886291883358151,-0.5225805440267894,-0.16743972185552103,-0.07987726519496263,-0.13629036028337715,0.0,0.13117309659763876,-0.3455533677666107,-0.06421319050768481,-0.14563922988242517,-0.4014635751082398,-0.14900970844863437,-0.28551955665295736,-0.10006052131140386,0.03504224093599184,-0.18224543740227972,-0.10579295344776618,-0.38651326752731663,-0.2753994422525814,0.040983223771647204,-0.26638874041805316,-0.5610269122023581,-0.7222557931637628,-0.22636391582724436,0.12599056495987604,-0.5211268240760507,-0.6698261847687998,-0.8355676165564212,0.02157297064179886,-0.32491954861919226,-0.6537536406244282,-0.2986128184531598,-0.2110503617926014,-0.2674634568810159,-0.13117309659763876,0.0,-0.4767264643642495,-0.19538628710532358,-0.27681232648006393,-0.5326366717058786,-0.28018280504627313,-0.4166926532505961,-0.23123361790904262,-0.09613085566164692,-0.3134185339999185,-0.23696605004540494,-0.5176863641249554,-0.40657253885022016,-0.09018987282599156,-0.3975618370156919,-0.6922000087999969,-0.8534288897614015,-0.3575370124248831,-0.005182531637762722,-0.6522999206736895,-0.8009992813664386,-0.96674071315406,-0.1096001259558399,-0.456092645216831,-0.17702717626017872,0.1781136459110897,0.2656761025716481,0.20926300748323357,0.3455533677666107,0.4767264643642495,0.0,0.2813401772589259,0.19991413788418555,-0.0559102073416291,0.19654365931797635,0.06003381111365336,0.24549284645520686,0.38059560870260256,0.163307930364331,0.23976041431884454,-0.04095989976070591,0.07015392551402932,0.3865365915382579,0.07916462734855756,-0.2154735444357474,-0.37670242539715204,0.11918945193936636,0.47154393272648676,-0.17557345630944,-0.32427281700218913,-0.4900142487898105,0.3671263384084096,0.020633819147418464,-0.4583673535191046,-0.10322653134783621,-0.015664074687277818,-0.07207716977569234,0.06421319050768481,0.19538628710532358,-0.2813401772589259,0.0,-0.08142603937474036,-0.337250384600555,-0.08479651794094956,-0.22130636614527255,-0.035847330803719046,0.09925543144367666,-0.1180322468945949,-0.041579762940081366,-0.3223000770196318,-0.21118625174489658,0.10519641427933202,-0.20217554991036835,-0.4968137216946733,-0.658042602656078,-0.16215072531955954,0.19020375546756085,-0.4569136335683659,-0.605612994261115,-0.7713544260487364,0.08578616114948368,-0.26070635811150744,-0.37694131414436427,-0.02180049197309586,0.06576196468746254,0.009348869599048015,0.14563922988242517,0.27681232648006393,-0.19991413788418555,0.08142603937474036,0.0,-0.25582434522581465,-0.0033704785662092007,-0.1398803267705322,0.04557870857102131,0.180681470818417,-0.03660620751985455,0.03984627643465899,-0.24087403764489146,-0.12976021237015622,0.18662245365407237,-0.12074951053562799,-0.41538768231993295,-0.5766165632813376,-0.08072468594481919,0.2716297948423012,-0.37548759419362554,-0.5241869548863747,-0.689928386673996,0.16721220052422403,-0.17928031873676709,-0.12111696891854962,0.2340238532527188,0.3215863099132772,0.26517321482486267,0.4014635751082398,0.5326366717058786,0.0559102073416291,0.337250384600555,0.25582434522581465,0.0,0.25245386665960545,0.11594401845528246,0.30140305379683596,0.43650581604423166,0.2192181377059601,0.29567062166047364,0.014950307580923194,0.12606413285565843,0.442446798879887,0.13507483469018666,-0.1595633370941183,-0.32079221805552294,0.17509965928099547,0.5274541400681159,-0.11966324896781089,-0.26836260966056,-0.4341040414481814,0.4230365457500387,0.07654402648904757,-0.37357083557815507,-0.01843001340688666,0.06913244325367174,0.012719348165257216,0.14900970844863437,0.28018280504627313,-0.19654365931797635,0.08479651794094956,0.0033704785662092007,-0.25245386665960545,0.0,-0.136509848204323,0.04894918713723051,0.1840519493846262,-0.03323572895364535,0.04321675500086819,-0.23750355907868226,-0.12638973380394702,0.18999293222028157,-0.11737903196941879,-0.41201720375372375,-0.5732460847151284,-0.07735420737860998,0.2750002734085104,-0.37211711562741634,-0.5208164763201655,-0.6865579081077868,0.17058267909043323,-0.17590984017055789,-0.23706098737383208,0.11807983479743633,0.20564229145799473,0.1492291963695802,0.28551955665295736,0.4166926532505961,-0.06003381111365336,0.22130636614527255,0.1398803267705322,-0.11594401845528246,0.136509848204323,0.0,0.1854590353415535,0.3205617975889492,0.10327411925067764,0.17972660320519118,-0.10099371087435927,0.010120114400375968,0.32650278042460457,0.019130816234904202,-0.27550735554940076,-0.4367362365108054,0.05915564082571301,0.4115101216128334,-0.23560726742309335,-0.3843066281158425,-0.5500480599034638,0.3070925272947562,-0.03939999196623489,-0.4225200227153856,-0.06737920054411717,0.02018325611644123,-0.036229838971973294,0.10006052131140386,0.23123361790904262,-0.24549284645520686,0.035847330803719046,-0.04557870857102131,-0.30140305379683596,-0.04894918713723051,-0.1854590353415535,0.0,0.1351027622473957,-0.08218491609087586,-0.00573243213636232,-0.28645274621591277,-0.17533892094117753,0.14104374508305106,-0.1663282191066493,-0.46096639089095426,-0.6221952718523589,-0.1263033945158405,0.2260510862712799,-0.42106630276464685,-0.569765663457396,-0.7355070952450173,0.12163349195320272,-0.2248590273077884,-0.5576227849627813,-0.20248196279151287,-0.11491950613095447,-0.171332601219369,-0.03504224093599184,0.09613085566164692,-0.38059560870260256,-0.09925543144367666,-0.180681470818417,-0.43650581604423166,-0.1840519493846262,-0.3205617975889492,-0.1351027622473957,0.0,-0.21728767833827156,-0.14083519438375802,-0.42155550846330847,-0.31044168318857324,0.005940982835655362,-0.301430981354045,-0.59606915313835,-0.7572980340997546,-0.2614061567632362,0.0909483240238842,-0.5561690650120426,-0.7048684257047917,-0.870609857492413,-0.013469270294192981,-0.3599617895551841,-0.3403351066245097,0.014805715546758691,0.10236817220731709,0.045955077118902565,0.18224543740227972,0.3134185339999185,-0.163307930364331,0.1180322468945949,0.03660620751985455,-0.2192181377059601,0.03323572895364535,-0.10327411925067764,0.08218491609087586,0.21728767833827156,0.0,0.07645248395451354,-0.2042678301250369,-0.09315400485030167,0.22322866117392692,-0.08414330301577344,-0.3787814748000784,-0.540010355761483,-0.044118478424964636,0.30823600236215576,-0.338881386673771,-0.48758074736652013,-0.6533221791541415,0.20381840804407858,-0.14267411121691254,-0.41678759057902326,-0.06164676840775485,0.025915688252803548,-0.030497406835610974,0.10579295344776618,0.23696605004540494,-0.23976041431884454,0.041579762940081366,-0.03984627643465899,-0.29567062166047364,-0.04321675500086819,-0.17972660320519118,0.00573243213636232,0.14083519438375802,-0.07645248395451354,0.0,-0.28072031407955045,-0.16960648880481521,0.14677617721941338,-0.16059578697028698,-0.45523395875459194,-0.6164628397159966,-0.12057096237947817,0.23178351840764222,-0.41533387062828453,-0.5640332313210337,-0.729774663108655,0.12736592408956504,-0.21912659517142608,-0.1360672764994728,0.2190735456717956,0.306636002332354,0.2502229072439395,0.38651326752731663,0.5176863641249554,0.04095989976070591,0.3223000770196318,0.24087403764489146,-0.014950307580923194,0.23750355907868226,0.10099371087435927,0.28645274621591277,0.42155550846330847,0.2042678301250369,0.28072031407955045,0.0,0.11111382527473523,0.42749649129896383,0.12012452710926347,-0.1745136446750415,-0.33574252563644613,0.16014935170007227,0.5125038324871927,-0.13461355654873408,-0.2833129172414832,-0.44905434902910457,0.4080862381691155,0.06159371890812437,-0.24718110177420805,0.10795972039706037,0.19552217705761876,0.13910908196920424,0.2753994422525814,0.40657253885022016,-0.07015392551402932,0.21118625174489658,0.12976021237015622,-0.12606413285565843,0.12638973380394702,-0.010120114400375968,0.17533892094117753,0.31044168318857324,0.09315400485030167,0.16960648880481521,-0.11111382527473523,0.0,0.3163826660242286,0.009010701834528234,-0.2856274699497767,-0.44685635091118137,0.04903552642533704,0.40139000721245743,-0.24572738182346932,-0.39442674251621845,-0.5601681743038398,0.29697241289438026,-0.04952010636661086,-0.5635637677984366,-0.20842294562716823,-0.12086048896660984,-0.17727358405502436,-0.040983223771647204,0.09018987282599156,-0.3865365915382579,-0.10519641427933202,-0.18662245365407237,-0.442446798879887,-0.18999293222028157,-0.32650278042460457,-0.14104374508305106,-0.005940982835655362,-0.22322866117392692,-0.14677617721941338,-0.42749649129896383,-0.3163826660242286,0.0,-0.30737196418970036,-0.6020101359740053,-0.76323901693541,-0.26734713959889156,0.08500734118822884,-0.5621100478476979,-0.710809408540447,-0.8765508403280684,-0.019410253129848343,-0.36590277239083946,-0.2561918036087363,0.09894901856253213,0.18651147522309053,0.130098380134676,0.26638874041805316,0.3975618370156919,-0.07916462734855756,0.20217554991036835,0.12074951053562799,-0.13507483469018666,0.11737903196941879,-0.019130816234904202,0.1663282191066493,0.301430981354045,0.08414330301577344,0.16059578697028698,-0.12012452710926347,-0.009010701834528234,0.30737196418970036,0.0,-0.29463817178430496,-0.4558670527457096,0.040024824590808805,0.3923793053779292,-0.25473808365799755,-0.4034374443507467,-0.569178876138368,0.287961711059852,-0.058530808201139095,0.03844636817556868,0.3935871903468371,0.4811496470073955,0.42473655191898096,0.5610269122023581,0.6922000087999969,0.2154735444357474,0.4968137216946733,0.41538768231993295,0.1595633370941183,0.41201720375372375,0.27550735554940076,0.46096639089095426,0.59606915313835,0.3787814748000784,0.45523395875459194,0.1745136446750415,0.2856274699497767,0.6020101359740053,0.29463817178430496,0.0,-0.16122888096140464,0.33466299637511376,0.6870174771622342,0.03990008812630741,-0.10879927256644173,-0.2745407043540631,0.582599882844157,0.23610736358316586,0.19967524913697332,0.5548160713082417,0.6423785279688001,0.5859654328803856,0.7222557931637628,0.8534288897614015,0.37670242539715204,0.658042602656078,0.5766165632813376,0.32079221805552294,0.5732460847151284,0.4367362365108054,0.6221952718523589,0.7572980340997546,0.540010355761483,0.6164628397159966,0.33574252563644613,0.44685635091118137,0.76323901693541,0.4558670527457096,0.16122888096140464,0.0,0.4958918773365184,0.8482463581236388,0.20112896908771205,0.05242960839496291,-0.11331182339265844,0.7438287638055616,0.3973362445445705,-0.2962166281995451,0.058924193971723327,0.14648665063228172,0.0900735555438672,0.22636391582724436,0.3575370124248831,-0.11918945193936636,0.16215072531955954,0.08072468594481919,-0.17509965928099547,0.07735420737860998,-0.05915564082571301,0.1263033945158405,0.2614061567632362,0.044118478424964636,0.12057096237947817,-0.16014935170007227,-0.04903552642533704,0.26734713959889156,-0.040024824590808805,-0.33466299637511376,-0.4958918773365184,0.0,0.3523544807871204,-0.29476290824880635,-0.4434622689415555,-0.6092037007291768,0.24793688646904322,-0.0985556327919479,-0.6485711089866655,-0.29343028681539707,-0.20586783015483867,-0.2622809252432532,-0.12599056495987604,0.005182531637762722,-0.47154393272648676,-0.19020375546756085,-0.2716297948423012,-0.5274541400681159,-0.2750002734085104,-0.4115101216128334,-0.2260510862712799,-0.0909483240238842,-0.30823600236215576,-0.23178351840764222,-0.5125038324871927,-0.40139000721245743,-0.08500734118822884,-0.3923793053779292,-0.6870174771622342,-0.8482463581236388,-0.3523544807871204,0.0,-0.6471173890359267,-0.7958167497286759,-0.9615581815162972,-0.10441759431807718,-0.4509101135790683,-0.00145371995073873,0.3536871022205297,0.4412495588810881,0.38483646379267356,0.5211268240760507,0.6522999206736895,0.17557345630944,0.4569136335683659,0.37548759419362554,0.11966324896781089,0.37211711562741634,0.23560726742309335,0.42106630276464685,0.5561690650120426,0.338881386673771,0.41533387062828453,0.13461355654873408,0.24572738182346932,0.5621100478476979,0.25473808365799755,-0.03990008812630741,-0.20112896908771205,0.29476290824880635,0.6471173890359267,0.0,-0.14869936069274914,-0.3144407924803705,0.5426997947178496,0.19620727545685845,0.1472456407420104,0.5023864629132788,0.5899489195738372,0.5335358244854227,0.6698261847687998,0.8009992813664386,0.32427281700218913,0.605612994261115,0.5241869548863747,0.26836260966056,0.5208164763201655,0.3843066281158425,0.569765663457396,0.7048684257047917,0.48758074736652013,0.5640332313210337,0.2833129172414832,0.39442674251621845,0.710809408540447,0.4034374443507467,0.10879927256644173,-0.05242960839496291,0.4434622689415555,0.7958167497286759,0.14869936069274914,0.0,-0.16574143178762135,0.6913991554105987,0.3449066361496076,0.31298707252963176,0.6681278947009002,0.7556903513614586,0.699277256273044,0.8355676165564212,0.96674071315406,0.4900142487898105,0.7713544260487364,0.689928386673996,0.4341040414481814,0.6865579081077868,0.5500480599034638,0.7355070952450173,0.870609857492413,0.6533221791541415,0.729774663108655,0.44905434902910457,0.5601681743038398,0.8765508403280684,0.569178876138368,0.2745407043540631,0.11331182339265844,0.6092037007291768,0.9615581815162972,0.3144407924803705,0.16574143178762135,0.0,0.8571405871982201,0.5106480679372289,-0.5441535146685883,-0.1890126924973199,-0.1014502358367615,-0.15786333092517602,-0.02157297064179886,0.1096001259558399,-0.3671263384084096,-0.08578616114948368,-0.16721220052422403,-0.4230365457500387,-0.17058267909043323,-0.3070925272947562,-0.12163349195320272,0.013469270294192981,-0.20381840804407858,-0.12736592408956504,-0.4080862381691155,-0.29697241289438026,0.019410253129848343,-0.287961711059852,-0.582599882844157,-0.7438287638055616,-0.24793688646904322,0.10441759431807718,-0.5426997947178496,-0.6913991554105987,-0.8571405871982201,0.0,-0.3464925192609911,-0.19766099540759718,0.15747982676367123,0.24504228342422962,0.1886291883358151,0.32491954861919226,0.456092645216831,-0.020633819147418464,0.26070635811150744,0.17928031873676709,-0.07654402648904757,0.17590984017055789,0.03939999196623489,0.2248590273077884,0.3599617895551841,0.14267411121691254,0.21912659517142608,-0.06159371890812437,0.04952010636661086,0.36590277239083946,0.058530808201139095,-0.23610736358316586,-0.3973362445445705,0.0985556327919479,0.4509101135790683,-0.19620727545685845,-0.3449066361496076,-0.5106480679372289,0.3464925192609911,0.0,0.0,-0.19765196582747002,0.21077422895424824,-0.4281977558586547,0.2543140401656032,-0.26908524419987856,0.26181978794632954,0.19475959251325392,0.2917559365757185,-0.5785548417410222,0.41473545810699974,0.9840192127495815,0.08499590761876341,0.35414508115242604,0.6941792843494135,0.2306846419159907,-0.7041135046707065,0.8348465307968063,-0.3108023951935177,0.5588594290421849,0.21450929464173463,0.5141305484033776,-0.46804250992670404,-0.2747293051062023,0.2571621954454564,0.22314515814823999,-0.2613689275211346,0.05561536266092837,0.30479607051407775,0.19765196582747002,0.0,0.40842619478171827,-0.2305457900311847,0.45196600599307324,-0.07143327837240854,0.45947175377379956,0.39241155834072394,0.48940790240318854,-0.3809028759135522,0.6123874239344698,1.1816711785770515,0.28264787344623343,0.5517970469798961,0.8918312501768835,0.4283366077434607,-0.5064615388432365,1.0324984966242763,-0.11315042936604769,0.7565113948696549,0.41216126046920465,0.7117825142308476,-0.270390544099234,-0.07707733927873228,0.4548141612729264,0.42079712397571,-0.06371696169366459,0.2532673284883984,0.5024480363415478,-0.21077422895424824,-0.40842619478171827,0.0,-0.638971984812903,0.04353981121135497,-0.4798594731541268,0.0510455589920813,-0.016014636440994323,0.08098170762147028,-0.7893290706952705,0.2039612291527515,0.7732449837953332,-0.12577832133548483,0.1433708521981778,0.4834050553951652,0.019910412961742452,-0.9148877336249548,0.624072301842558,-0.521576624147766,0.34808520008793664,0.003735065687486383,0.30335631944912933,-0.6788167388809523,-0.48550353406045055,0.04638796649120813,0.012370929193991742,-0.47214315647538285,-0.15515886629331987,0.09402184155982951,0.4281977558586547,0.2305457900311847,0.638971984812903,0.0,0.6825117960242579,0.15911251165877616,0.6900175438049843,0.6229573483719086,0.7199536924343732,-0.1503570858823675,0.8429332139656545,1.4122169686082362,0.5131936634774181,0.7823428370110808,1.1223770402080682,0.6588823977746454,-0.27591574881205183,1.263044286655461,0.117395360665137,0.9870571849008396,0.6427070505003893,0.9423283042620323,-0.039844754068049326,0.1534684507524524,0.6853599513041111,0.6513429140068947,0.1668288283375201,0.4838131185195831,0.7329938263727325,-0.2543140401656032,-0.45196600599307324,-0.04353981121135497,-0.6825117960242579,0.0,-0.5233992843654818,0.007505747780726324,-0.059554447652349296,0.037441896410115305,-0.8328688819066254,0.16042141794139653,0.7297051725839783,-0.1693181325468398,0.09983104098682283,0.43986524418381023,-0.02362939824961252,-0.9584275448363098,0.580532490631203,-0.5651164353591209,0.30454538887658167,-0.03980474552386859,0.25981650823777436,-0.7223565500923073,-0.5290433452718055,0.0028481552798531595,-0.03116888201736323,-0.5156829676867378,-0.19869867750467485,0.05048203034847454,0.26908524419987856,0.07143327837240854,0.4798594731541268,-0.15911251165877616,0.5233992843654818,0.0,0.5309050321462081,0.4638448367131325,0.5608411807755971,-0.30946959754114367,0.6838207023068783,1.25310445694946,0.35408115181864197,0.6232303253523046,0.963264528549292,0.49976988611586926,-0.435028260470828,1.1039317749966848,-0.04171715099363915,0.8279446732420634,0.4835945388416132,0.7832157926032561,-0.19895726572682548,-0.005644060906323745,0.5262474396453349,0.49223040234811855,0.007716316678743951,0.32470060686080693,0.5738813147139563,-0.26181978794632954,-0.45947175377379956,-0.0510455589920813,-0.6900175438049843,-0.007505747780726324,-0.5309050321462081,0.0,-0.06706019543307562,0.02993614862938898,-0.8403746296873518,0.1529156701606702,0.7221994248032519,-0.17682388032756613,0.0923252932060965,0.4323594964030839,-0.031135146030338845,-0.9659332926170361,0.5730267428504767,-0.5726221831398473,0.29703964109585534,-0.047310493304594914,0.25231076045704803,-0.7298622978730336,-0.5365490930525318,-0.0046575925008731645,-0.038674629798089555,-0.5231887154674641,-0.20620442528540117,0.042976282567748214,-0.19475959251325392,-0.39241155834072394,0.016014636440994323,-0.6229573483719086,0.059554447652349296,-0.4638448367131325,0.06706019543307562,0.0,0.0969963440624646,-0.7733144342542762,0.21997586559374582,0.7892596202363276,-0.10976368489449051,0.15938548863917212,0.49941969183615953,0.035925049402736775,-0.8988730971839605,0.6400869382835523,-0.5055619877067716,0.36409983652893096,0.019749702128480706,0.31937095589012365,-0.662802102439958,-0.4694888976194562,0.062402602932202456,0.028385565634986065,-0.45612852003438853,-0.13914422985232555,0.11003647800082383,-0.2917559365757185,-0.48940790240318854,-0.08098170762147028,-0.7199536924343732,-0.037441896410115305,-0.5608411807755971,-0.02993614862938898,-0.0969963440624646,0.0,-0.8703107783167408,0.12297952153128122,0.692263276173863,-0.2067600289569551,0.06238914457670752,0.40242334777369493,-0.061071294659727826,-0.9958694412464251,0.5430905942210877,-0.6025583317692362,0.26710349246646636,-0.0772466419339839,0.22237461182765905,-0.7597984465024226,-0.5664852416819208,-0.034593741130262146,-0.06861077842747854,-0.5531248640968531,-0.23614057391479015,0.013040133938359233,0.5785548417410222,0.3809028759135522,0.7893290706952705,0.1503570858823675,0.8328688819066254,0.30946959754114367,0.8403746296873518,0.7733144342542762,0.8703107783167408,0.0,0.993290299848022,1.5625740544906037,0.6635507493597856,0.9326999228934483,1.2727341260904357,0.8092394836570129,-0.12555866292968432,1.4134013725378285,0.2677524465475045,1.1374142707832071,0.7930641363827569,1.0926853901443998,0.11051233181431819,0.3038255366348199,0.8357170371864786,0.8016999998892622,0.3171859142198876,0.6341702044019506,0.8833509122551,-0.41473545810699974,-0.6123874239344698,-0.2039612291527515,-0.8429332139656545,-0.16042141794139653,-0.6838207023068783,-0.1529156701606702,-0.21997586559374582,-0.12297952153128122,-0.993290299848022,0.0,0.5692837546425817,-0.32973955048823633,-0.0605903769545737,0.2794438262424137,-0.18405081619100905,-1.1188489627777063,0.4201110726898065,-0.7255378533005175,0.14412397093518514,-0.20022616346526512,0.09939509029637783,-0.8827779680337038,-0.689464763213202,-0.15757326266154337,-0.19159029995875976,-0.6761043856281344,-0.3591200954460714,-0.10993938759292199,-0.9840192127495815,-1.1816711785770515,-0.7732449837953332,-1.4122169686082362,-0.7297051725839783,-1.25310445694946,-0.7221994248032519,-0.7892596202363276,-0.692263276173863,-1.5625740544906037,-0.5692837546425817,0.0,-0.8990233051308181,-0.6298741315971554,-0.28983992840016803,-0.7533345708335908,-1.688132717420288,-0.14917268195277522,-1.2948216079430992,-0.4251597837073966,-0.7695099181078469,-0.4698886643462039,-1.4520617226762855,-1.2587485178557838,-0.7268570173041251,-0.7608740546013415,-1.245388140270716,-0.9284038500886531,-0.6792231422355037,-0.08499590761876341,-0.28264787344623343,0.12577832133548483,-0.5131936634774181,0.1693181325468398,-0.35408115181864197,0.17682388032756613,0.10976368489449051,0.2067600289569551,-0.6635507493597856,0.32973955048823633,0.8990233051308181,0.0,0.26914917353366263,0.60918337673065,0.14568873429722728,-0.78910941228947,0.7498506231780429,-0.3957983028122811,0.4738635214234215,0.12951338702297122,0.42913464078461416,-0.5530384175454675,-0.3597252127249657,0.17216628782669297,0.13814925052947657,-0.346364835139898,-0.029380544957835042,0.21980016289531434,-0.35414508115242604,-0.5517970469798961,-0.1433708521981778,-0.7823428370110808,-0.09983104098682283,-0.6232303253523046,-0.0923252932060965,-0.15938548863917212,-0.06238914457670752,-0.9326999228934483,0.0605903769545737,0.6298741315971554,-0.26914917353366263,0.0,0.3400342031969874,-0.12346043923643535,-1.0582585858231326,0.4807014496443802,-0.6649474763459438,0.20471434788975884,-0.13963578651069142,0.15998546725095153,-0.8221875910791301,-0.6288743862586283,-0.09698288570696967,-0.13099992300418606,-0.6155140086735607,-0.2985297184914977,-0.04934901063834829,-0.6941792843494135,-0.8918312501768835,-0.4834050553951652,-1.1223770402080682,-0.43986524418381023,-0.963264528549292,-0.4323594964030839,-0.49941969183615953,-0.40242334777369493,-1.2727341260904357,-0.2794438262424137,0.28983992840016803,-0.60918337673065,-0.3400342031969874,0.0,-0.46349464243342275,-1.39829278902012,0.1406672464473928,-1.0049816795429312,-0.13531985530722856,-0.4796699897076788,-0.18004873594603588,-1.1622217942761175,-0.9689085894556158,-0.4370170889039571,-0.47103412620117346,-0.9555482118705481,-0.6385639216884851,-0.3893832138353357,-0.2306846419159907,-0.4283366077434607,-0.019910412961742452,-0.6588823977746454,0.02362939824961252,-0.49976988611586926,0.031135146030338845,-0.035925049402736775,0.061071294659727826,-0.8092394836570129,0.18405081619100905,0.7533345708335908,-0.14568873429722728,0.12346043923643535,0.46349464243342275,0.0,-0.9347981465866972,0.6041618888808156,-0.5414870371095084,0.3281747871261942,-0.01617534727425607,0.2834459064873869,-0.6987271518426947,-0.505413947022193,0.02647755352946568,-0.00753948376775071,-0.4920535694371253,-0.17506927925506233,0.07411142859808706,0.7041135046707065,0.5064615388432365,0.9148877336249548,0.27591574881205183,0.9584275448363098,0.435028260470828,0.9659332926170361,0.8988730971839605,0.9958694412464251,0.12555866292968432,1.1188489627777063,1.688132717420288,0.78910941228947,1.0582585858231326,1.39829278902012,0.9347981465866972,0.0,1.5389600354675128,0.39331110947718884,1.2629729337128914,0.9186227993124412,1.2182440530740841,0.2360709947440025,0.42938419956450424,0.9612757001161629,0.9272586628189465,0.44274457714957194,0.7597288673316349,1.0089095751847843,-0.8348465307968063,-1.0324984966242763,-0.624072301842558,-1.263044286655461,-0.580532490631203,-1.1039317749966848,-0.5730267428504767,-0.6400869382835523,-0.5430905942210877,-1.4134013725378285,-0.4201110726898065,0.14917268195277522,-0.7498506231780429,-0.4807014496443802,-0.1406672464473928,-0.6041618888808156,-1.5389600354675128,0.0,-1.145648925990324,-0.2759871017546214,-0.6203372361550716,-0.3207159823934287,-1.3028890407235103,-1.1095758359030086,-0.5776843353513499,-0.6117013726485663,-1.0962154583179409,-0.7792311681358779,-0.5300504602827285,0.3108023951935177,0.11315042936604769,0.521576624147766,-0.117395360665137,0.5651164353591209,0.04171715099363915,0.5726221831398473,0.5055619877067716,0.6025583317692362,-0.2677524465475045,0.7255378533005175,1.2948216079430992,0.3957983028122811,0.6649474763459438,1.0049816795429312,0.5414870371095084,-0.39331110947718884,1.145648925990324,0.0,0.8696618242357026,0.5253116898352523,0.8249329435968953,-0.15724011473318633,0.03607309008731541,0.5679645906389741,0.5339475533417577,0.0494334676723831,0.3664177578544461,0.6155984657075955,-0.5588594290421849,-0.7565113948696549,-0.34808520008793664,-0.9870571849008396,-0.30454538887658167,-0.8279446732420634,-0.29703964109585534,-0.36409983652893096,-0.26710349246646636,-1.1374142707832071,-0.14412397093518514,0.4251597837073966,-0.4738635214234215,-0.20471434788975884,0.13531985530722856,-0.3281747871261942,-1.2629729337128914,0.2759871017546214,-0.8696618242357026,0.0,-0.34435013440045026,-0.04472888063880731,-1.026901938968889,-0.8335887341483872,-0.3016972335967285,-0.3357142708939449,-0.8202283565633195,-0.5032440663812565,-0.25406335852810713,-0.21450929464173463,-0.41216126046920465,-0.003735065687486383,-0.6427070505003893,0.03980474552386859,-0.4835945388416132,0.047310493304594914,-0.019749702128480706,0.0772466419339839,-0.7930641363827569,0.20022616346526512,0.7695099181078469,-0.12951338702297122,0.13963578651069142,0.4796699897076788,0.01617534727425607,-0.9186227993124412,0.6203372361550716,-0.5253116898352523,0.34435013440045026,0.0,0.29962125376164295,-0.6825518045684387,-0.48923859974793693,0.04265290080372175,0.008635863506505359,-0.47587822216286924,-0.15889393198080626,0.09028677587234313,-0.5141305484033776,-0.7117825142308476,-0.30335631944912933,-0.9423283042620323,-0.25981650823777436,-0.7832157926032561,-0.25231076045704803,-0.31937095589012365,-0.22237461182765905,-1.0926853901443998,-0.09939509029637783,0.4698886643462039,-0.42913464078461416,-0.15998546725095153,0.18004873594603588,-0.2834459064873869,-1.2182440530740841,0.3207159823934287,-0.8249329435968953,0.04472888063880731,-0.29962125376164295,0.0,-0.9821730583300816,-0.7888598535095799,-0.2569683529579212,-0.2909853902551376,-0.7754994759245122,-0.4585151857424492,-0.20933447788929982,0.46804250992670404,0.270390544099234,0.6788167388809523,0.039844754068049326,0.7223565500923073,0.19895726572682548,0.7298622978730336,0.662802102439958,0.7597984465024226,-0.11051233181431819,0.8827779680337038,1.4520617226762855,0.5530384175454675,0.8221875910791301,1.1622217942761175,0.6987271518426947,-0.2360709947440025,1.3028890407235103,0.15724011473318633,1.026901938968889,0.6825518045684387,0.9821730583300816,0.0,0.19331320482050174,0.7252047053721604,0.691187668074944,0.20667358240556943,0.5236578725876324,0.7728385804407818,0.2747293051062023,0.07707733927873228,0.48550353406045055,-0.1534684507524524,0.5290433452718055,0.005644060906323745,0.5365490930525318,0.4694888976194562,0.5664852416819208,-0.3038255366348199,0.689464763213202,1.2587485178557838,0.3597252127249657,0.6288743862586283,0.9689085894556158,0.505413947022193,-0.42938419956450424,1.1095758359030086,-0.03607309008731541,0.8335887341483872,0.48923859974793693,0.7888598535095799,-0.19331320482050174,0.0,0.5318915005516587,0.4978744632544423,0.013360377585067695,0.3303446677671307,0.5795253756202801,-0.2571621954454564,-0.4548141612729264,-0.04638796649120813,-0.6853599513041111,-0.0028481552798531595,-0.5262474396453349,0.0046575925008731645,-0.062402602932202456,0.034593741130262146,-0.8357170371864786,0.15757326266154337,0.7268570173041251,-0.17216628782669297,0.09698288570696967,0.4370170889039571,-0.02647755352946568,-0.9612757001161629,0.5776843353513499,-0.5679645906389741,0.3016972335967285,-0.04265290080372175,0.2569683529579212,-0.7252047053721604,-0.5318915005516587,0.0,-0.03401703729721639,-0.518531122966591,-0.201546832784528,0.04763387506862138,-0.22314515814823999,-0.42079712397571,-0.012370929193991742,-0.6513429140068947,0.03116888201736323,-0.49223040234811855,0.038674629798089555,-0.028385565634986065,0.06861077842747854,-0.8016999998892622,0.19159029995875976,0.7608740546013415,-0.13814925052947657,0.13099992300418606,0.47103412620117346,0.00753948376775071,-0.9272586628189465,0.6117013726485663,-0.5339475533417577,0.3357142708939449,-0.008635863506505359,0.2909853902551376,-0.691187668074944,-0.4978744632544423,0.03401703729721639,0.0,-0.4845140856693746,-0.16752979548731162,0.08165091236583777,0.2613689275211346,0.06371696169366459,0.47214315647538285,-0.1668288283375201,0.5156829676867378,-0.007716316678743951,0.5231887154674641,0.45612852003438853,0.5531248640968531,-0.3171859142198876,0.6761043856281344,1.245388140270716,0.346364835139898,0.6155140086735607,0.9555482118705481,0.4920535694371253,-0.44274457714957194,1.0962154583179409,-0.0494334676723831,0.8202283565633195,0.47587822216286924,0.7754994759245122,-0.20667358240556943,-0.013360377585067695,0.518531122966591,0.4845140856693746,0.0,0.316984290182063,0.5661649980352124,-0.05561536266092837,-0.2532673284883984,0.15515886629331987,-0.4838131185195831,0.19869867750467485,-0.32470060686080693,0.20620442528540117,0.13914422985232555,0.23614057391479015,-0.6341702044019506,0.3591200954460714,0.9284038500886531,0.029380544957835042,0.2985297184914977,0.6385639216884851,0.17506927925506233,-0.7597288673316349,0.7792311681358779,-0.3664177578544461,0.5032440663812565,0.15889393198080626,0.4585151857424492,-0.5236578725876324,-0.3303446677671307,0.201546832784528,0.16752979548731162,-0.316984290182063,0.0,0.24918070785314939,-0.30479607051407775,-0.5024480363415478,-0.09402184155982951,-0.7329938263727325,-0.05048203034847454,-0.5738813147139563,-0.042976282567748214,-0.11003647800082383,-0.013040133938359233,-0.8833509122551,0.10993938759292199,0.6792231422355037,-0.21980016289531434,0.04934901063834829,0.3893832138353357,-0.07411142859808706,-1.0089095751847843,0.5300504602827285,-0.6155984657075955,0.25406335852810713,-0.09028677587234313,0.20933447788929982,-0.7728385804407818,-0.5795253756202801,-0.04763387506862138,-0.08165091236583777,-0.5661649980352124,-0.24918070785314939,0.0,0.0,0.056708547602823955,-0.6460501579863873,-0.6055390178313242,-0.30052880731856035,-0.5053914204446635,-0.14606085521677592,-0.18756043834237524,-0.5062139513608201,0.19485996209217227,-0.6516469888159175,-0.39536970628416057,0.05854519308191186,0.3072493077105687,-0.14663368030621804,-0.03355188537019771,-0.4542558134910504,0.1498712763877439,-0.11264388533084713,0.060754259606575545,0.06975768956269945,-0.22886972332666922,0.2009975333352756,-0.14413554356259972,-0.5286518475233741,-0.08644928960796427,-0.5387995025287236,-0.23212317879029776,0.11202225917979014,-0.056708547602823955,0.0,-0.7027587055892113,-0.6622475654341482,-0.3572373549213843,-0.5620999680474874,-0.20276940281959988,-0.2442689859451992,-0.5629224989636441,0.1381514144893483,-0.7083555364187415,-0.4520782538869845,0.001836645479087906,0.25054076010774473,-0.203342227909042,-0.09026043297302166,-0.5109643610938743,0.09316272878491993,-0.16935243293367108,0.004045712003751589,0.013049141959875499,-0.28557827092949317,0.14428898573245164,-0.20084409116542368,-0.5853603951261981,-0.14315783721078823,-0.5955080501315475,-0.2888317263931217,0.055313711576966185,0.6460501579863873,0.7027587055892113,0.0,0.040511140155063075,0.34552135066782697,0.14065873754172387,0.4999893027696114,0.4584897196440121,0.13983620662556717,0.8409101200785596,-0.005596830829530219,0.25068045170222675,0.7045953510682992,0.953299465696956,0.4994164776801693,0.6124982726161896,0.19179434449533694,0.7959214343741312,0.5334062726555402,0.7068044175929629,0.7158078475490868,0.4171804346597181,0.8470476913216629,0.5019146144237876,0.11739831046301319,0.559600868378423,0.10725065545766377,0.41392697919608956,0.7580724171661775,0.6055390178313242,0.6622475654341482,-0.040511140155063075,0.0,0.3050102105127639,0.10014759738666079,0.4594781626145483,0.417978579488949,0.0993250664705041,0.8003989799234965,-0.046107970984593294,0.21016931154716367,0.6640842109132361,0.9127883255418929,0.4589053375251062,0.5719871324611265,0.15128320434027387,0.7554102942190681,0.4928951325004771,0.6662932774378998,0.6752967073940237,0.37666929450465503,0.8065365511665998,0.4614034742687245,0.07688717030795011,0.51908972822336,0.0667395153026007,0.3734158390410265,0.7175612770111144,0.30052880731856035,0.3572373549213843,-0.34552135066782697,-0.3050102105127639,0.0,-0.2048626131261031,0.15446795210178443,0.11296836897618512,-0.2056851440422598,0.4953887694107326,-0.3511181814973572,-0.09484089896560022,0.3590740004004722,0.607778115029129,0.15389512701234231,0.26697692194836264,-0.15372700617249002,0.45040008370630424,0.18788492198771323,0.3612830669251359,0.3702864968812598,0.07165908399189114,0.501526340653836,0.15639326375596063,-0.22812304020481378,0.21407951771059608,-0.2382706952101632,0.0684056285282626,0.4125510664983505,0.5053914204446635,0.5620999680474874,-0.14065873754172387,-0.10014759738666079,0.2048626131261031,0.0,0.35933056522788753,0.3178309821022882,-0.000822530916156694,0.7002513825368357,-0.14625556837125409,0.11002171416050288,0.5639366135265753,0.8126407281552321,0.3587577401384454,0.47183953507446574,0.05113560695361308,0.6552626968324073,0.3927475351138163,0.566145680051239,0.5751491100073629,0.27652169711799424,0.706388953779939,0.36125587688206373,-0.023260427078710677,0.4189421308366992,-0.0334080820840601,0.2732682416543657,0.6174136796244536,0.14606085521677592,0.20276940281959988,-0.4999893027696114,-0.4594781626145483,-0.15446795210178443,-0.35933056522788753,0.0,-0.041499583125599315,-0.3601530961440442,0.3409208173089482,-0.5055861335991416,-0.24930885106738465,0.20460604829868778,0.4533101629273446,-0.0005728250894421194,0.11250896984657821,-0.30819495827427446,0.2959321316045198,0.03341696988592879,0.20681511482335146,0.21581854477947537,-0.0828088681098933,0.3470583885520515,0.0019253116541761983,-0.3825909923065982,0.059611565608811645,-0.39273864731194763,-0.08606232357352184,0.25808311439656606,0.18756043834237524,0.2442689859451992,-0.4584897196440121,-0.417978579488949,-0.11296836897618512,-0.3178309821022882,0.041499583125599315,0.0,-0.3186535130184449,0.3824204004345475,-0.4640865504735423,-0.20780926794178534,0.2461056314242871,0.4948097460529439,0.040926758036157196,0.15400855297217753,-0.26669537514867514,0.3374317147301191,0.07491655301152811,0.24831469794895078,0.2573181279050747,-0.04130928498429398,0.3885579716776508,0.043424894779775514,-0.3410914091809989,0.10111114873441096,-0.3512390641863483,-0.04456274044792252,0.2995826975221654,0.5062139513608201,0.5629224989636441,-0.13983620662556717,-0.0993250664705041,0.2056851440422598,0.000822530916156694,0.3601530961440442,0.3186535130184449,0.0,0.7010739134529924,-0.1454330374550974,0.11084424507665958,0.564759144442732,0.8134632590713888,0.3595802710546021,0.47266206599062244,0.05195813786976977,0.656085227748564,0.393570066029973,0.5669682109673957,0.5759716409235196,0.27734422803415093,0.7072114846960957,0.3620784077982204,-0.022437896162553983,0.41976466175285587,-0.032585551167903404,0.2740907725705224,0.6182362105406103,-0.19485996209217227,-0.1381514144893483,-0.8409101200785596,-0.8003989799234965,-0.4953887694107326,-0.7002513825368357,-0.3409208173089482,-0.3824204004345475,-0.7010739134529924,0.0,-0.8465069509080898,-0.5902296683763328,-0.1363147690102604,0.11238934561839642,-0.3414936423983903,-0.22841184746236998,-0.6491157755832226,-0.04498868570442838,-0.3075038474230194,-0.13410570248559672,-0.1251022725294728,-0.4237296854188415,0.006137571243103324,-0.338995505654772,-0.7235118096155464,-0.28130925170013654,-0.7336594646208958,-0.42698314088247,-0.08283770291238213,0.6516469888159175,0.7083555364187415,0.005596830829530219,0.046107970984593294,0.3511181814973572,0.14625556837125409,0.5055861335991416,0.4640865504735423,0.1454330374550974,0.8465069509080898,0.0,0.25627728253175697,0.7101921818978294,0.9588962965264862,0.5050133085096995,0.6180951034457198,0.19739117532486716,0.8015182652036614,0.5390031034850704,0.7124012484224931,0.721404678378617,0.4227772654892483,0.8526445221511931,0.5075114452533178,0.12299514129254341,0.5651976992079533,0.11284748628719399,0.4195238100256198,0.7636692479957077,0.39536970628416057,0.4520782538869845,-0.25068045170222675,-0.21016931154716367,0.09484089896560022,-0.11002171416050288,0.24930885106738465,0.20780926794178534,-0.11084424507665958,0.5902296683763328,-0.25627728253175697,0.0,0.45391489936607243,0.7026190139947293,0.24873602597794253,0.36181782091396286,-0.058886107206889804,0.5452409826719045,0.28272582095331344,0.4561239658907361,0.46512739584686,0.16649998295749135,0.5963672396194362,0.25123416272156085,-0.13328214123921356,0.3089204166761963,-0.14342979624456298,0.16324652749386281,0.5073919654639507,-0.05854519308191186,-0.001836645479087906,-0.7045953510682992,-0.6640842109132361,-0.3590740004004722,-0.5639366135265753,-0.20460604829868778,-0.2461056314242871,-0.564759144442732,0.1363147690102604,-0.7101921818978294,-0.45391489936607243,0.0,0.24870411462865682,-0.2051788733881299,-0.09209707845210957,-0.5128010065729622,0.09132608330583203,-0.171189078412759,0.002209066524663683,0.011212496480787593,-0.2874149164085811,0.14245234025336373,-0.20268073664451158,-0.587197040605286,-0.14499448268987614,-0.5973446956106354,-0.2906683718722096,0.05347706609787828,-0.3072493077105687,-0.25054076010774473,-0.953299465696956,-0.9127883255418929,-0.607778115029129,-0.8126407281552321,-0.4533101629273446,-0.4948097460529439,-0.8134632590713888,-0.11238934561839642,-0.9588962965264862,-0.7026190139947293,-0.24870411462865682,0.0,-0.4538829880167867,-0.3408011930807664,-0.7615051212016191,-0.1573780313228248,-0.4198931930414158,-0.24649504810399314,-0.23749161814786923,-0.5361190310372379,-0.1062517743752931,-0.4513848512731684,-0.8359011552339428,-0.39369859731853296,-0.8460488102392922,-0.5393724865008664,-0.19522704853077855,0.14663368030621804,0.203342227909042,-0.4994164776801693,-0.4589053375251062,-0.15389512701234231,-0.3587577401384454,0.0005728250894421194,-0.040926758036157196,-0.3595802710546021,0.3414936423983903,-0.5050133085096995,-0.24873602597794253,0.2051788733881299,0.4538829880167867,0.0,0.11308179493602033,-0.30762213318483234,0.29650495669396193,0.03398979497537091,0.20738793991279358,0.2163913698689175,-0.08223604302045118,0.34763121364149363,0.0024981367436183177,-0.3820181672171561,0.060184390698253765,-0.3921658222225055,-0.08548949848407972,0.2586559394860082,0.03355188537019771,0.09026043297302166,-0.6124982726161896,-0.5719871324611265,-0.26697692194836264,-0.47183953507446574,-0.11250896984657821,-0.15400855297217753,-0.47266206599062244,0.22841184746236998,-0.6180951034457198,-0.36181782091396286,0.09209707845210957,0.3408011930807664,-0.11308179493602033,0.0,-0.42070392812085267,0.1834231617579416,-0.07909199996064942,0.09430614497677325,0.10330957493289716,-0.1953178379564715,0.2345494187054733,-0.11058365819240201,-0.4950999621531764,-0.052897404237766565,-0.5052476171585258,-0.19857129342010005,0.14557414454998785,0.4542558134910504,0.5109643610938743,-0.19179434449533694,-0.15128320434027387,0.15372700617249002,-0.05113560695361308,0.30819495827427446,0.26669537514867514,-0.05195813786976977,0.6491157755832226,-0.19739117532486716,0.058886107206889804,0.5128010065729622,0.7615051212016191,0.30762213318483234,0.42070392812085267,0.0,0.6041270898787943,0.34161192816020325,0.5150100730976259,0.5240135030537498,0.22538609016438116,0.655253346826326,0.31012026992845065,-0.07439603403232375,0.3678065238830861,-0.08454368903767318,0.22213263470075262,0.5662780726708405,-0.1498712763877439,-0.09316272878491993,-0.7959214343741312,-0.7554102942190681,-0.45040008370630424,-0.6552626968324073,-0.2959321316045198,-0.3374317147301191,-0.656085227748564,0.04498868570442838,-0.8015182652036614,-0.5452409826719045,-0.09132608330583203,0.1573780313228248,-0.29650495669396193,-0.1834231617579416,-0.6041270898787943,0.0,-0.262515161718591,-0.08911701678116835,-0.08011358682504444,-0.3787409997144131,0.0511262569475317,-0.2940068199503436,-0.678523123911118,-0.23632056599570817,-0.6886707789164674,-0.38199445517804165,-0.03784901720795375,0.11264388533084713,0.16935243293367108,-0.5334062726555402,-0.4928951325004771,-0.18788492198771323,-0.3927475351138163,-0.03341696988592879,-0.07491655301152811,-0.393570066029973,0.3075038474230194,-0.5390031034850704,-0.28272582095331344,0.171189078412759,0.4198931930414158,-0.03398979497537091,0.07909199996064942,-0.34161192816020325,0.262515161718591,0.0,0.17339814493742267,0.18240157489354658,-0.11622583799582209,0.3136414186661227,-0.031491658231752595,-0.416007962192527,0.026194595722882852,-0.4261556171978764,-0.11947929345945063,0.22466614451063727,-0.060754259606575545,-0.004045712003751589,-0.7068044175929629,-0.6662932774378998,-0.3612830669251359,-0.566145680051239,-0.20681511482335146,-0.24831469794895078,-0.5669682109673957,0.13410570248559672,-0.7124012484224931,-0.4561239658907361,-0.002209066524663683,0.24649504810399314,-0.20738793991279358,-0.09430614497677325,-0.5150100730976259,0.08911701678116835,-0.17339814493742267,0.0,0.00900342995612391,-0.28962398293324476,0.14024327372870005,-0.20488980316917527,-0.5894061071299497,-0.14720354921453982,-0.5995537621352991,-0.2928774383968733,0.051267999573214595,-0.06975768956269945,-0.013049141959875499,-0.7158078475490868,-0.6752967073940237,-0.3702864968812598,-0.5751491100073629,-0.21581854477947537,-0.2573181279050747,-0.5759716409235196,0.1251022725294728,-0.721404678378617,-0.46512739584686,-0.011212496480787593,0.23749161814786923,-0.2163913698689175,-0.10330957493289716,-0.5240135030537498,0.08011358682504444,-0.18240157489354658,-0.00900342995612391,0.0,-0.29862741288936867,0.13123984377257614,-0.21389323312529918,-0.5984095370860736,-0.15620697917066373,-0.608557192091423,-0.3018808683529972,0.042264569617090686,0.22886972332666922,0.28557827092949317,-0.4171804346597181,-0.37666929450465503,-0.07165908399189114,-0.27652169711799424,0.0828088681098933,0.04130928498429398,-0.27734422803415093,0.4237296854188415,-0.4227772654892483,-0.16649998295749135,0.2874149164085811,0.5361190310372379,0.08223604302045118,0.1953178379564715,-0.22538609016438116,0.3787409997144131,0.11622583799582209,0.28962398293324476,0.29862741288936867,0.0,0.4298672566619448,0.0847341797640695,-0.2997821241967049,0.14242043371870494,-0.30992977920205433,-0.0032534554636285407,0.34089198250645936,-0.2009975333352756,-0.14428898573245164,-0.8470476913216629,-0.8065365511665998,-0.501526340653836,-0.706388953779939,-0.3470583885520515,-0.3885579716776508,-0.7072114846960957,-0.006137571243103324,-0.8526445221511931,-0.5963672396194362,-0.14245234025336373,0.1062517743752931,-0.34763121364149363,-0.2345494187054733,-0.655253346826326,-0.0511262569475317,-0.3136414186661227,-0.14024327372870005,-0.13123984377257614,-0.4298672566619448,0.0,-0.3451330768978753,-0.7296493808586497,-0.28744682294323987,-0.7397970358639991,-0.43312071212557335,-0.08897527415548545,0.14413554356259972,0.20084409116542368,-0.5019146144237876,-0.4614034742687245,-0.15639326375596063,-0.36125587688206373,-0.0019253116541761983,-0.043424894779775514,-0.3620784077982204,0.338995505654772,-0.5075114452533178,-0.25123416272156085,0.20268073664451158,0.4513848512731684,-0.0024981367436183177,0.11058365819240201,-0.31012026992845065,0.2940068199503436,0.031491658231752595,0.20488980316917527,0.21389323312529918,-0.0847341797640695,0.3451330768978753,0.0,-0.3845163039607744,0.05768625395463545,-0.39466395896612383,-0.08798763522769804,0.25615780274238986,0.5286518475233741,0.5853603951261981,-0.11739831046301319,-0.07688717030795011,0.22812304020481378,0.023260427078710677,0.3825909923065982,0.3410914091809989,0.022437896162553983,0.7235118096155464,-0.12299514129254341,0.13328214123921356,0.587197040605286,0.8359011552339428,0.3820181672171561,0.4950999621531764,0.07439603403232375,0.678523123911118,0.416007962192527,0.5894061071299497,0.5984095370860736,0.2997821241967049,0.7296493808586497,0.3845163039607744,0.0,0.44220255791540986,-0.01014765500534942,0.2965286687330764,0.6406741067031643,0.08644928960796427,0.14315783721078823,-0.559600868378423,-0.51908972822336,-0.21407951771059608,-0.4189421308366992,-0.059611565608811645,-0.10111114873441096,-0.41976466175285587,0.28130925170013654,-0.5651976992079533,-0.3089204166761963,0.14499448268987614,0.39369859731853296,-0.060184390698253765,0.052897404237766565,-0.3678065238830861,0.23632056599570817,-0.026194595722882852,0.14720354921453982,0.15620697917066373,-0.14242043371870494,0.28744682294323987,-0.05768625395463545,-0.44220255791540986,0.0,-0.4523502129207593,-0.14567388918233348,0.19847154878775441,0.5387995025287236,0.5955080501315475,-0.10725065545766377,-0.0667395153026007,0.2382706952101632,0.0334080820840601,0.39273864731194763,0.3512390641863483,0.032585551167903404,0.7336594646208958,-0.11284748628719399,0.14342979624456298,0.5973446956106354,0.8460488102392922,0.3921658222225055,0.5052476171585258,0.08454368903767318,0.6886707789164674,0.4261556171978764,0.5995537621352991,0.608557192091423,0.30992977920205433,0.7397970358639991,0.39466395896612383,0.01014765500534942,0.4523502129207593,0.0,0.3066763237384258,0.6508217617085137,0.23212317879029776,0.2888317263931217,-0.41392697919608956,-0.3734158390410265,-0.0684056285282626,-0.2732682416543657,0.08606232357352184,0.04456274044792252,-0.2740907725705224,0.42698314088247,-0.4195238100256198,-0.16324652749386281,0.2906683718722096,0.5393724865008664,0.08548949848407972,0.19857129342010005,-0.22213263470075262,0.38199445517804165,0.11947929345945063,0.2928774383968733,0.3018808683529972,0.0032534554636285407,0.43312071212557335,0.08798763522769804,-0.2965286687330764,0.14567388918233348,-0.3066763237384258,0.0,0.3441454379700879,-0.11202225917979014,-0.055313711576966185,-0.7580724171661775,-0.7175612770111144,-0.4125510664983505,-0.6174136796244536,-0.25808311439656606,-0.2995826975221654,-0.6182362105406103,0.08283770291238213,-0.7636692479957077,-0.5073919654639507,-0.05347706609787828,0.19522704853077855,-0.2586559394860082,-0.14557414454998785,-0.5662780726708405,0.03784901720795375,-0.22466614451063727,-0.051267999573214595,-0.042264569617090686,-0.34089198250645936,0.08897527415548545,-0.25615780274238986,-0.6406741067031643,-0.19847154878775441,-0.6508217617085137,-0.3441454379700879,0.0,0.0,0.22981803454595173,-0.11677863014271495,-0.12498737794162729,-0.20271259173579637,0.047062158128667875,-0.6563236050951051,0.1437870066624587,-0.28705084263522274,0.3652045855538759,-0.09269931201451875,-0.28036779762723363,-0.6382461677362574,-0.42561975370676564,-0.042482499447318745,0.2772738096202172,-0.06989939929728273,-0.32436015703941123,0.16124974237005674,0.15088041950652276,-0.07994954702626167,-0.28573302863507877,-0.05354032834693534,-0.108620656669288,-0.6083090226327652,0.09786058595732072,0.32964540109615825,-0.17667734148646375,0.29085675314806103,-0.22981803454595173,0.0,-0.3465966646886667,-0.354805412487579,-0.4325306262817481,-0.18275587641728386,-0.8861416396410569,-0.08603102788349304,-0.5168688771811745,0.13538655100792418,-0.3225173465604705,-0.5101858321731854,-0.8680642022822092,-0.6554377882527174,-0.2723005339932705,0.04745577507426546,-0.29971743384323446,-0.554178191585363,-0.068568292175895,-0.07893761503942898,-0.3097675815722134,-0.5155510631810305,-0.2833583628928871,-0.33843869121523973,-0.8381270571787169,-0.131957448588631,0.09982736655020652,-0.4064953760324155,0.0610387186021093,0.11677863014271495,0.3465966646886667,0.0,-0.008208747798912341,-0.08593396159308142,0.16384078827138282,-0.5395449749523902,0.26056563680517364,-0.1702722124925078,0.48198321569659086,0.024079318128196192,-0.16358916748451868,-0.5214675375935425,-0.3088411235640507,0.0742961306953962,0.39405243976293214,0.04687923084543222,-0.2075815268966963,0.2780283725127717,0.2676590496492377,0.036829083116453276,-0.16895439849236382,0.0632383017957796,0.00815797347342695,-0.49153039249005026,0.21463921610003567,0.4464240312388732,-0.0598987113437488,0.407635383290776,0.12498737794162729,0.354805412487579,0.008208747798912341,0.0,-0.07772521379416908,0.17204953607029516,-0.5313362271534778,0.268774384604086,-0.16206346469359545,0.4901919634955032,0.032288065927108534,-0.15538041968560634,-0.5132587897946301,-0.30063237576513835,0.08250487849430854,0.4022611875618445,0.05508797864434456,-0.19937277909778395,0.286237120311684,0.27586779744815004,0.04503783091536562,-0.16074565069345148,0.07144704959469195,0.01636672127233929,-0.4833216446911379,0.222847963898948,0.45463277903778554,-0.05168996354483646,0.4158441310896883,0.20271259173579637,0.4325306262817481,0.08593396159308142,0.07772521379416908,0.0,0.24977474986446424,-0.45361101335930876,0.34649959839825506,-0.08433825089942637,0.5679171772896723,0.11001327972127761,-0.07765520589143726,-0.43553357600046105,-0.22290716197096927,0.16023009228847762,0.47998640135601356,0.13281319243851364,-0.12164756530361487,0.3639623341058531,0.3535930112423191,0.1227630447095347,-0.0830204368992824,0.14917226338886103,0.09409193506650837,-0.40559643089696884,0.3005731776931171,0.5323579928319546,0.02603525024933262,0.4935693448838574,-0.047062158128667875,0.18275587641728386,-0.16384078827138282,-0.17204953607029516,-0.24977474986446424,0.0,-0.703385763223773,0.09672484853379082,-0.3341130007638906,0.31814242742520804,-0.13976147014318663,-0.3274299557559015,-0.6853083258649253,-0.4726819118354335,-0.08954465757598662,0.23021165149154932,-0.1169615574259506,-0.3714223151680791,0.11418758424138886,0.10381826137785488,-0.12701170515492954,-0.33279518676374664,-0.10060248647560321,-0.15568281479795587,-0.6553711807614331,0.05079842782865285,0.2825832429674904,-0.22373949961513162,0.24379459501939316,0.6563236050951051,0.8861416396410569,0.5395449749523902,0.5313362271534778,0.45361101335930876,0.703385763223773,0.0,0.8001106117575638,0.3692727624598824,1.021528190648981,0.5636242930805864,0.3759558074678715,0.018077437358847703,0.2307038513883395,0.6138411056477864,0.9335974147153223,0.5864242057978224,0.3319634480556939,0.8175733474651619,0.8072040246016279,0.5763740580688435,0.37059057646002636,0.6027832767481698,0.5477029484258171,0.048014582462339916,0.7541841910524258,0.9859690061912634,0.4796462636086414,0.9471803582431662,-0.1437870066624587,0.08603102788349304,-0.26056563680517364,-0.268774384604086,-0.34649959839825506,-0.09672484853379082,-0.8001106117575638,0.0,-0.43083784929768143,0.22141757889141722,-0.23648631867697745,-0.4241548042896923,-0.7820331743987161,-0.5694067603692243,-0.18626950610977744,0.1334868029577585,-0.21368640595974142,-0.46814716370186993,0.017462735707598043,0.007093412844064062,-0.22373655368872036,-0.42952003529753746,-0.19732733500939403,-0.2524076633317467,-0.7520960292952239,-0.04592642070513797,0.18585839443369956,-0.32046434814892244,0.14706974648560234,0.28705084263522274,0.5168688771811745,0.1702722124925078,0.16206346469359545,0.08433825089942637,0.3341130007638906,-0.3692727624598824,0.43083784929768143,0.0,0.6522554281890987,0.19435153062070398,0.006683045007989108,-0.3511953251010347,-0.1385689110715429,0.244568343187904,0.5643246522554399,0.21715144333794,-0.0373093144041885,0.4483005850052795,0.4379312621417455,0.20710129560896107,0.0013178140001439687,0.2335105142882874,0.17843018596593474,-0.32125817999754247,0.38491142859254346,0.616696243731381,0.11037350114875899,0.5779075957832838,-0.3652045855538759,-0.13538655100792418,-0.48198321569659086,-0.4901919634955032,-0.5679171772896723,-0.31814242742520804,-1.021528190648981,-0.22141757889141722,-0.6522554281890987,0.0,-0.45790389756839467,-0.6455723831811095,-1.0034507532901333,-0.7908243392606416,-0.40768708500119466,-0.08793077593365872,-0.43510398485115864,-0.6895647425932871,-0.20395484318381918,-0.21432416604735316,-0.4451541325801376,-0.6509376141889547,-0.41874491390081126,-0.4738252422231639,-0.9735136081866411,-0.2673439995965552,-0.03555918445771766,-0.5418819270403397,-0.07434783240581488,0.09269931201451875,0.3225173465604705,-0.024079318128196192,-0.032288065927108534,-0.11001327972127761,0.13976147014318663,-0.5636242930805864,0.23648631867697745,-0.19435153062070398,0.45790389756839467,0.0,-0.18766848561271487,-0.5455468557217387,-0.3329204416922469,0.05021681256720001,0.36997312163473595,0.022799912717236026,-0.23166084502489248,0.2539490543845755,0.2435797315210415,0.012749764988257084,-0.19303371662056001,0.039158983667583414,-0.015921344654769243,-0.5156097106182465,0.19055989797183948,0.422344713110677,-0.08397802947194499,0.3835560651625798,0.28036779762723363,0.5101858321731854,0.16358916748451868,0.15538041968560634,0.07765520589143726,0.3274299557559015,-0.3759558074678715,0.4241548042896923,-0.006683045007989108,0.6455723831811095,0.18766848561271487,0.0,-0.3578783701090238,-0.145251956079532,0.23788529817991488,0.5576416072474508,0.2104683983299509,-0.043992359412177606,0.44161753999729036,0.4312482171337564,0.20041825060097196,-0.005365231007845139,0.2268274692802983,0.17174714095794563,-0.3279412250055316,0.37822838358455435,0.6100131987233919,0.10369045614076988,0.5712245507752947,0.6382461677362574,0.8680642022822092,0.5214675375935425,0.5132587897946301,0.43553357600046105,0.6853083258649253,-0.018077437358847703,0.7820331743987161,0.3511953251010347,1.0034507532901333,0.5455468557217387,0.3578783701090238,0.0,0.21262641402949178,0.5957636682889387,0.9155199773564746,0.5683467684389747,0.3138860106968462,0.7994959101063142,0.7891265872427802,0.5582966207099958,0.35251313910117865,0.5847058393893221,0.5296255110669694,0.029937145103492213,0.7361067536935781,0.9678915688324157,0.4615688262497937,0.9291029208843185,0.42561975370676564,0.6554377882527174,0.3088411235640507,0.30063237576513835,0.22290716197096927,0.4726819118354335,-0.2307038513883395,0.5694067603692243,0.1385689110715429,0.7908243392606416,0.3329204416922469,0.145251956079532,-0.21262641402949178,0.0,0.3831372542594469,0.7028935633269828,0.3557203544094829,0.1012595966673544,0.5868694960768224,0.5765001732132884,0.34567020668050397,0.13988672507168687,0.3720794253598303,0.31699909703747764,-0.18268926892599957,0.5234803396640864,0.7552651548029239,0.2489424122203019,0.7164765068548267,0.042482499447318745,0.2723005339932705,-0.0742961306953962,-0.08250487849430854,-0.16023009228847762,0.08954465757598662,-0.6138411056477864,0.18626950610977744,-0.244568343187904,0.40768708500119466,-0.05021681256720001,-0.23788529817991488,-0.5957636682889387,-0.3831372542594469,0.0,0.31975630906753594,-0.027416899849963983,-0.2818776575920925,0.20373224181737548,0.1933629189538415,-0.037467047578942925,-0.24325052918776002,-0.011057828899616595,-0.06613815722196925,-0.5658265231854465,0.14034308540463947,0.372127900543477,-0.134194842039145,0.3333392525953798,-0.2772738096202172,-0.04745577507426546,-0.39405243976293214,-0.4022611875618445,-0.47998640135601356,-0.23021165149154932,-0.9335974147153223,-0.1334868029577585,-0.5643246522554399,0.08793077593365872,-0.36997312163473595,-0.5576416072474508,-0.9155199773564746,-0.7028935633269828,-0.31975630906753594,0.0,-0.3471732089174999,-0.6016339666596284,-0.11602406725016046,-0.12639339011369444,-0.35722335664647886,-0.563006838255296,-0.33081413796715253,-0.3858944662895052,-0.8855828322529824,-0.17941322366289647,0.05237159147594106,-0.45395115110668094,0.013582943527843838,0.06989939929728273,0.29971743384323446,-0.04687923084543222,-0.05508797864434456,-0.13281319243851364,0.1169615574259506,-0.5864242057978224,0.21368640595974142,-0.21715144333794,0.43510398485115864,-0.022799912717236026,-0.2104683983299509,-0.5683467684389747,-0.3557203544094829,0.027416899849963983,0.3471732089174999,0.0,-0.2544607577421285,0.23114914166733946,0.22077981880380548,-0.010050147728978942,-0.21583362933779604,0.016359070950347387,-0.03872125737200527,-0.5384096233354825,0.16775998525460345,0.399544800393441,-0.10677794218918102,0.36075615244534376,0.32436015703941123,0.554178191585363,0.2075815268966963,0.19937277909778395,0.12164756530361487,0.3714223151680791,-0.3319634480556939,0.46814716370186993,0.0373093144041885,0.6895647425932871,0.23166084502489248,0.043992359412177606,-0.3138860106968462,-0.1012595966673544,0.2818776575920925,0.6016339666596284,0.2544607577421285,0.0,0.48560989940946797,0.475240576545934,0.24441061001314957,0.03862712840433247,0.2708198286924759,0.21573950037012324,-0.28394886559335397,0.42222074299673196,0.6540055581355695,0.1476828155529475,0.6152169101874723,-0.16124974237005674,0.068568292175895,-0.2780283725127717,-0.286237120311684,-0.3639623341058531,-0.11418758424138886,-0.8175733474651619,-0.017462735707598043,-0.4483005850052795,0.20395484318381918,-0.2539490543845755,-0.44161753999729036,-0.7994959101063142,-0.5868694960768224,-0.20373224181737548,0.11602406725016046,-0.23114914166733946,-0.48560989940946797,0.0,-0.01036932286353398,-0.2411992893963184,-0.4469827710051355,-0.21479007071699208,-0.26987039903934473,-0.7695587650028219,-0.06338915641273601,0.16839565872610152,-0.3379270838565205,0.1296070107780043,-0.15088041950652276,0.07893761503942898,-0.2676590496492377,-0.27586779744815004,-0.3535930112423191,-0.10381826137785488,-0.8072040246016279,-0.007093412844064062,-0.4379312621417455,0.21432416604735316,-0.2435797315210415,-0.4312482171337564,-0.7891265872427802,-0.5765001732132884,-0.1933629189538415,0.12639339011369444,-0.22077981880380548,-0.475240576545934,0.01036932286353398,0.0,-0.23082996653278443,-0.4366134481416015,-0.2044207478534581,-0.25950107617581075,-0.759189442139288,-0.05301983354920203,0.1787649815896355,-0.3275577609929865,0.13997633364153828,0.07994954702626167,0.3097675815722134,-0.036829083116453276,-0.04503783091536562,-0.1227630447095347,0.12701170515492954,-0.5763740580688435,0.22373655368872036,-0.20710129560896107,0.4451541325801376,-0.012749764988257084,-0.20041825060097196,-0.5582966207099958,-0.34567020668050397,0.037467047578942925,0.35722335664647886,0.010050147728978942,-0.24441061001314957,0.2411992893963184,0.23082996653278443,0.0,-0.2057834816088171,0.02640921867932633,-0.028671109643026327,-0.5283594756065035,0.1778101329835824,0.4095949481224199,-0.09672779446020208,0.3708063001743227,0.28573302863507877,0.5155510631810305,0.16895439849236382,0.16074565069345148,0.0830204368992824,0.33279518676374664,-0.37059057646002636,0.42952003529753746,-0.0013178140001439687,0.6509376141889547,0.19303371662056001,0.005365231007845139,-0.35251313910117865,-0.13988672507168687,0.24325052918776002,0.563006838255296,0.21583362933779604,-0.03862712840433247,0.4469827710051355,0.4366134481416015,0.2057834816088171,0.0,0.23219270028814343,0.17711237196579077,-0.32257599399768644,0.3835936145923995,0.615378429731237,0.10905568714861502,0.5765897817831398,0.05354032834693534,0.2833583628928871,-0.0632383017957796,-0.07144704959469195,-0.14917226338886103,0.10060248647560321,-0.6027832767481698,0.19732733500939403,-0.2335105142882874,0.41874491390081126,-0.039158983667583414,-0.2268274692802983,-0.5847058393893221,-0.3720794253598303,0.011057828899616595,0.33081413796715253,-0.016359070950347387,-0.2708198286924759,0.21479007071699208,0.2044207478534581,-0.02640921867932633,-0.23219270028814343,0.0,-0.055080328322352656,-0.5547686942858299,0.15140091430425606,0.3831857294430936,-0.1231370131395284,0.34439708149499637,0.108620656669288,0.33843869121523973,-0.00815797347342695,-0.01636672127233929,-0.09409193506650837,0.15568281479795587,-0.5477029484258171,0.2524076633317467,-0.17843018596593474,0.4738252422231639,0.015921344654769243,-0.17174714095794563,-0.5296255110669694,-0.31699909703747764,0.06613815722196925,0.3858944662895052,0.03872125737200527,-0.21573950037012324,0.26987039903934473,0.25950107617581075,0.028671109643026327,-0.17711237196579077,0.055080328322352656,0.0,-0.4996883659634772,0.20648124262660872,0.43826605776544625,-0.06805668481717575,0.399477409817349,0.6083090226327652,0.8381270571787169,0.49153039249005026,0.4833216446911379,0.40559643089696884,0.6553711807614331,-0.048014582462339916,0.7520960292952239,0.32125817999754247,0.9735136081866411,0.5156097106182465,0.3279412250055316,-0.029937145103492213,0.18268926892599957,0.5658265231854465,0.8855828322529824,0.5384096233354825,0.28394886559335397,0.7695587650028219,0.759189442139288,0.5283594756065035,0.32257599399768644,0.5547686942858299,0.4996883659634772,0.0,0.7061696085900859,0.9379544237289235,0.43163168114630146,0.8991657757808262,-0.09786058595732072,0.131957448588631,-0.21463921610003567,-0.222847963898948,-0.3005731776931171,-0.05079842782865285,-0.7541841910524258,0.04592642070513797,-0.38491142859254346,0.2673439995965552,-0.19055989797183948,-0.37822838358455435,-0.7361067536935781,-0.5234803396640864,-0.14034308540463947,0.17941322366289647,-0.16775998525460345,-0.42222074299673196,0.06338915641273601,0.05301983354920203,-0.1778101329835824,-0.3835936145923995,-0.15140091430425606,-0.20648124262660872,-0.7061696085900859,0.0,0.23178481513883753,-0.27453792744378447,0.1929961671907403,-0.32964540109615825,-0.09982736655020652,-0.4464240312388732,-0.45463277903778554,-0.5323579928319546,-0.2825832429674904,-0.9859690061912634,-0.18585839443369956,-0.616696243731381,0.03555918445771766,-0.422344713110677,-0.6100131987233919,-0.9678915688324157,-0.7552651548029239,-0.372127900543477,-0.05237159147594106,-0.399544800393441,-0.6540055581355695,-0.16839565872610152,-0.1787649815896355,-0.4095949481224199,-0.615378429731237,-0.3831857294430936,-0.43826605776544625,-0.9379544237289235,-0.23178481513883753,0.0,-0.506322742582622,-0.03878864794809722,0.17667734148646375,0.4064953760324155,0.0598987113437488,0.05168996354483646,-0.02603525024933262,0.22373949961513162,-0.4796462636086414,0.32046434814892244,-0.11037350114875899,0.5418819270403397,0.08397802947194499,-0.10369045614076988,-0.4615688262497937,-0.2489424122203019,0.134194842039145,0.45395115110668094,0.10677794218918102,-0.1476828155529475,0.3379270838565205,0.3275577609929865,0.09672779446020208,-0.10905568714861502,0.1231370131395284,0.06805668481717575,-0.43163168114630146,0.27453792744378447,0.506322742582622,0.0,0.4675340946345248,-0.29085675314806103,-0.0610387186021093,-0.407635383290776,-0.4158441310896883,-0.4935693448838574,-0.24379459501939316,-0.9471803582431662,-0.14706974648560234,-0.5779075957832838,0.07434783240581488,-0.3835560651625798,-0.5712245507752947,-0.9291029208843185,-0.7164765068548267,-0.3333392525953798,-0.013582943527843838,-0.36075615244534376,-0.6152169101874723,-0.1296070107780043,-0.13997633364153828,-0.3708063001743227,-0.5765897817831398,-0.34439708149499637,-0.399477409817349,-0.8991657757808262,-0.1929961671907403,0.03878864794809722,-0.4675340946345248,0.0,0.0,0.2974441214505781,-0.16676119771846132,-0.4954030847357398,0.13061859945086063,0.10342930522850935,-0.09696737711090542,0.20334774452797078,-0.2742478712807852,-0.21280510711179623,0.036706418748090996,-0.26815070454515855,-0.03795512514621535,-0.4982027995477072,-0.8264174164306066,0.07155147830043873,0.06434768558545478,-0.0835954521180593,-0.5652921782769837,0.1930235750970386,-0.19447230127183168,-0.331908465543588,-0.4266200151331976,-0.1540538503538862,-0.1480296810477011,-0.11267093030629383,0.10862989232525244,-0.5666359330194091,0.13185398687535077,-0.2974441214505781,0.0,-0.4642053191690394,-0.7928472061863179,-0.16682552199971745,-0.19401481622206873,-0.3944114985614835,-0.0940963769226073,-0.5716919927313633,-0.5102492285623743,-0.2607377027024871,-0.5655948259957366,-0.33539924659679343,-0.7956469209982853,-1.1238615378811847,-0.22589264315013935,-0.2330964358651233,-0.3810395735686374,-0.8627362997275618,-0.10442054635353948,-0.49191642272240976,-0.6293525869941661,-0.7240641365837757,-0.45149797180446427,-0.44547380249827917,-0.4101150517568719,-0.18881422912532564,-0.8640800544699871,-0.1655901345752273,0.16676119771846132,0.4642053191690394,0.0,-0.3286418870172785,0.29737979716932195,0.27019050294697067,0.0697938206075559,0.3701089422464321,-0.10748667356232389,-0.046043909393334914,0.20346761646655231,-0.10138950682669723,0.12880607257224597,-0.33144160182924587,-0.6596562187121453,0.23831267601890005,0.2311088833039161,0.08316574560040202,-0.39853098055852243,0.3597847728154999,-0.027711103553370364,-0.16514726782512668,-0.25985881741473627,0.012707347364575128,0.01873151667076023,0.05409026741216749,0.27539109004371376,-0.39987473530094775,0.2986151845938121,0.4954030847357398,0.7928472061863179,0.3286418870172785,0.0,0.6260216841866004,0.5988323899642491,0.3984357076248344,0.6987508292637106,0.2211552134549546,0.28259797762394356,0.5321095034838308,0.22725238019058125,0.45744795958952444,-0.002799714811967391,-0.3310143316948668,0.5669545630361785,0.5597507703211946,0.4118076326176805,-0.06988909354124395,0.6884266598327784,0.3009307834639081,0.1634946191921518,0.06878306960254221,0.3413492343818536,0.3473734036880387,0.38273215442944597,0.6040329770609922,-0.07123284828366927,0.6272570716110906,-0.13061859945086063,0.16682552199971745,-0.29737979716932195,-0.6260216841866004,0.0,-0.02718929422235128,-0.22758597656176605,0.07272914507711015,-0.40486647073164583,-0.34342370656265686,-0.09391218070276963,-0.3987693039960192,-0.16857372459707598,-0.6288213989985678,-0.9570360158814673,-0.0590671211504219,-0.06627091386540584,-0.21421405156891993,-0.6959107777278444,0.062404975646177974,-0.3250909007226923,-0.4625270649944486,-0.5572386145840582,-0.2846724498047468,-0.2786482804985617,-0.24328952975715445,-0.021988707125608187,-0.6972545324702697,0.001235387424490142,-0.10342930522850935,0.19401481622206873,-0.27019050294697067,-0.5988323899642491,0.02718929422235128,0.0,-0.20039668233941477,0.09991843929946143,-0.37767717650929455,-0.3162344123403056,-0.06672288648041835,-0.3715800097736679,-0.1413844303747247,-0.6016321047762165,-0.929846721659116,-0.03187782692807062,-0.039081619643054566,-0.18702475734656865,-0.6687214835054931,0.08959426986852925,-0.29790160650034103,-0.43533777077209734,-0.5300493203617069,-0.25748315558239554,-0.25145898627621044,-0.21610023553480318,0.005200587096743092,-0.6700652382479184,0.02842468164684142,0.09696737711090542,0.3944114985614835,-0.0697938206075559,-0.3984357076248344,0.22758597656176605,0.20039668233941477,0.0,0.3003151216388762,-0.1772804941698798,-0.11583773000089082,0.1336737958589964,-0.17118332743425313,0.059012251964690066,-0.40123542243680177,-0.7294500393197012,0.16851885541134415,0.1613150626963602,0.013371924992846118,-0.46832480116607833,0.289990952207944,-0.09750492416092627,-0.23494108843268258,-0.32965263802229217,-0.05708647324298077,-0.05106230393679567,-0.01570355319538841,0.20559726943615786,-0.46966855590850365,0.2288213639862562,-0.20334774452797078,0.0940963769226073,-0.3701089422464321,-0.6987508292637106,-0.07272914507711015,-0.09991843929946143,-0.3003151216388762,0.0,-0.477595615808756,-0.416152851639767,-0.16664132577987978,-0.4714984490731293,-0.24130286967418613,-0.701550544075678,-1.0297651609585774,-0.13179626622753204,-0.139000058942516,-0.2869431966460301,-0.7686399228049545,-0.010324169430932173,-0.39782004579980246,-0.5352562100715588,-0.6299677596611684,-0.35740159488185697,-0.35137742557567186,-0.3160186748342646,-0.09471785220271833,-0.7699836775473798,-0.07149375765262,0.2742478712807852,0.5716919927313633,0.10748667356232389,-0.2211552134549546,0.40486647073164583,0.37767717650929455,0.1772804941698798,0.477595615808756,0.0,0.06144276416898897,0.3109542900288762,0.006097166735626658,0.23629274613456985,-0.22395492826692198,-0.5521695451498214,0.34579934958122394,0.33859555686624,0.1906524191627259,-0.29104430699619854,0.4672714463778238,0.07977557000895352,-0.05766059426280279,-0.15237214385241238,0.12019402092689901,0.12621819023308412,0.16157694097449138,0.38287776360603765,-0.29238806173862386,0.406101858156136,0.21280510711179623,0.5102492285623743,0.046043909393334914,-0.28259797762394356,0.34342370656265686,0.3162344123403056,0.11583773000089082,0.416152851639767,-0.06144276416898897,0.0,0.24951152585988723,-0.055345597433362315,0.17484998196558088,-0.28539769243591095,-0.6136123093188104,0.28435658541223496,0.277152792697251,0.12920965499373693,-0.3524870711651875,0.40582868220883483,0.01833280583996455,-0.11910335843179176,-0.21381490802140135,0.05875125675791004,0.06477542606409514,0.1001341768055024,0.3214349994370487,-0.35383082590761283,0.344659093987147,-0.036706418748090996,0.2607377027024871,-0.20346761646655231,-0.5321095034838308,0.09391218070276963,0.06672288648041835,-0.1336737958589964,0.16664132577987978,-0.3109542900288762,-0.24951152585988723,0.0,-0.30485712329324954,-0.07466154389430635,-0.5349092182957982,-0.8631238351786976,0.034845059552347735,0.027641266837363787,-0.1203018708661503,-0.6019985970250747,0.1563171563489476,-0.23117872001992268,-0.368614884291679,-0.4633264338812886,-0.1907602691019772,-0.18473609979579209,-0.14937734905438482,0.07192347357716145,-0.6033423517675001,0.09514756812725977,0.26815070454515855,0.5655948259957366,0.10138950682669723,-0.22725238019058125,0.3987693039960192,0.3715800097736679,0.17118332743425313,0.4714984490731293,-0.006097166735626658,0.055345597433362315,0.30485712329324954,0.0,0.2301955793989432,-0.23005209500254864,-0.5582667118854481,0.3397021828455973,0.33249839013061333,0.18455525242709925,-0.2971414737318252,0.46117427964219715,0.07367840327332686,-0.06375776099842945,-0.15846931058803904,0.11409685419127236,0.12012102349745746,0.15547977423886472,0.376780596870411,-0.2984852284742505,0.4000046914205093,0.03795512514621535,0.33539924659679343,-0.12880607257224597,-0.45744795958952444,0.16857372459707598,0.1413844303747247,-0.059012251964690066,0.24130286967418613,-0.23629274613456985,-0.17484998196558088,0.07466154389430635,-0.2301955793989432,0.0,-0.46024767440149184,-0.7884622912843913,0.10950660344665408,0.10230281073167014,-0.04564032697184395,-0.5273370531307684,0.23097870024325395,-0.15651717612561633,-0.29395334039737264,-0.38866488998698223,-0.11609872520767084,-0.11007455590148574,-0.07471580516007847,0.1465850174714678,-0.5286808078731937,0.16980911202156612,0.4982027995477072,0.7956469209982853,0.33144160182924587,0.002799714811967391,0.6288213989985678,0.6016321047762165,0.40123542243680177,0.701550544075678,0.22395492826692198,0.28539769243591095,0.5349092182957982,0.23005209500254864,0.46024767440149184,0.0,-0.32821461688289943,0.5697542778481459,0.562550485133162,0.4146073474296479,-0.06708937872927656,0.6912263746447458,0.3037304982758755,0.1662943340041192,0.0715827844145096,0.344148949193821,0.3501731185000061,0.38553186924141336,0.6068326918729596,-0.06843313347170188,0.630056786423058,0.8264174164306066,1.1238615378811847,0.6596562187121453,0.3310143316948668,0.9570360158814673,0.929846721659116,0.7294500393197012,1.0297651609585774,0.5521695451498214,0.6136123093188104,0.8631238351786976,0.5582667118854481,0.7884622912843913,0.32821461688289943,0.0,0.8979688947310454,0.8907651020160614,0.7428219643125473,0.2611252381536229,1.0194409915276452,0.6319451151587749,0.49450895088701863,0.39979740129740904,0.6723635660767204,0.6783877353829055,0.7137464861243128,0.9350473087558591,0.25978148341119756,0.9582714033059574,-0.07155147830043873,0.22589264315013935,-0.23831267601890005,-0.5669545630361785,0.0590671211504219,0.03187782692807062,-0.16851885541134415,0.13179626622753204,-0.34579934958122394,-0.28435658541223496,-0.034845059552347735,-0.3397021828455973,-0.10950660344665408,-0.5697542778481459,-0.8979688947310454,0.0,-0.007203792714983948,-0.15514693041849803,-0.6368436565774225,0.12147209679659987,-0.2660237795722704,-0.4034599438440267,-0.4981714934336363,-0.22560532865432492,-0.21958115934813982,-0.18422240860673256,0.03707841402481371,-0.6381874113198478,0.06030250857491204,-0.06434768558545478,0.2330964358651233,-0.2311088833039161,-0.5597507703211946,0.06627091386540584,0.039081619643054566,-0.1613150626963602,0.139000058942516,-0.33859555686624,-0.277152792697251,-0.027641266837363787,-0.33249839013061333,-0.10230281073167014,-0.562550485133162,-0.8907651020160614,0.007203792714983948,0.0,-0.14794313770351408,-0.6296398638624385,0.12867588951158382,-0.25881998685728647,-0.3962561511290428,-0.49096770071865237,-0.21840153593934097,-0.21237736663315587,-0.1770186158917486,0.04428220673979766,-0.6309836186048638,0.06750630128989599,0.0835954521180593,0.3810395735686374,-0.08316574560040202,-0.4118076326176805,0.21421405156891993,0.18702475734656865,-0.013371924992846118,0.2869431966460301,-0.1906524191627259,-0.12920965499373693,0.1203018708661503,-0.18455525242709925,0.04564032697184395,-0.4146073474296479,-0.7428219643125473,0.15514693041849803,0.14794313770351408,0.0,-0.48169672615892445,0.2766190272150979,-0.11087684915377238,-0.2483130134255287,-0.3430245630151383,-0.07045839823582689,-0.06443422892964179,-0.029075478188234527,0.19222534444331174,-0.48304048090134977,0.21544943899341007,0.5652921782769837,0.8627362997275618,0.39853098055852243,0.06988909354124395,0.6959107777278444,0.6687214835054931,0.46832480116607833,0.7686399228049545,0.29104430699619854,0.3524870711651875,0.6019985970250747,0.2971414737318252,0.5273370531307684,0.06708937872927656,-0.2611252381536229,0.6368436565774225,0.6296398638624385,0.48169672615892445,0.0,0.7583157533740223,0.37081987700515207,0.23338371273339575,0.13867216314378616,0.41123832792309756,0.41726249722928266,0.4526212479706899,0.6739220706022362,-0.0013437547424253182,0.6971461651523345,-0.1930235750970386,0.10442054635353948,-0.3597847728154999,-0.6884266598327784,-0.062404975646177974,-0.08959426986852925,-0.289990952207944,0.010324169430932173,-0.4672714463778238,-0.40582868220883483,-0.1563171563489476,-0.46117427964219715,-0.23097870024325395,-0.6912263746447458,-1.0194409915276452,-0.12147209679659987,-0.12867588951158382,-0.2766190272150979,-0.7583157533740223,0.0,-0.3874958763688703,-0.5249320406406266,-0.6196435902302362,-0.3470774254509248,-0.3410532561447397,-0.30569450540333243,-0.08439368277178616,-0.7596595081164477,-0.06116958822168783,0.19447230127183168,0.49191642272240976,0.027711103553370364,-0.3009307834639081,0.3250909007226923,0.29790160650034103,0.09750492416092627,0.39782004579980246,-0.07977557000895352,-0.01833280583996455,0.23117872001992268,-0.07367840327332686,0.15651717612561633,-0.3037304982758755,-0.6319451151587749,0.2660237795722704,0.25881998685728647,0.11087684915377238,-0.37081987700515207,0.3874958763688703,0.0,-0.1374361642717563,-0.2321477138613659,0.04041845091794549,0.04644262022413059,0.08180137096553786,0.3031021935970841,-0.3721636317475774,0.32632628814718245,0.331908465543588,0.6293525869941661,0.16514726782512668,-0.1634946191921518,0.4625270649944486,0.43533777077209734,0.23494108843268258,0.5352562100715588,0.05766059426280279,0.11910335843179176,0.368614884291679,0.06375776099842945,0.29395334039737264,-0.1662943340041192,-0.49450895088701863,0.4034599438440267,0.3962561511290428,0.2483130134255287,-0.23338371273339575,0.5249320406406266,0.1374361642717563,0.0,-0.09471154958960959,0.1778546151897018,0.1838787844958869,0.21923753523729417,0.44053835786884044,-0.23472746747582107,0.46376245241893876,0.4266200151331976,0.7240641365837757,0.25985881741473627,-0.06878306960254221,0.5572386145840582,0.5300493203617069,0.32965263802229217,0.6299677596611684,0.15237214385241238,0.21381490802140135,0.4633264338812886,0.15846931058803904,0.38866488998698223,-0.0715827844145096,-0.39979740129740904,0.4981714934336363,0.49096770071865237,0.3430245630151383,-0.13867216314378616,0.6196435902302362,0.2321477138613659,0.09471154958960959,0.0,0.2725661647793114,0.2785903340854965,0.31394908482690376,0.53524990745845,-0.14001591788621148,0.5584740020085484,0.1540538503538862,0.45149797180446427,-0.012707347364575128,-0.3413492343818536,0.2846724498047468,0.25748315558239554,0.05708647324298077,0.35740159488185697,-0.12019402092689901,-0.05875125675791004,0.1907602691019772,-0.11409685419127236,0.11609872520767084,-0.344148949193821,-0.6723635660767204,0.22560532865432492,0.21840153593934097,0.07045839823582689,-0.41123832792309756,0.3470774254509248,-0.04041845091794549,-0.1778546151897018,-0.2725661647793114,0.0,0.006024169306185101,0.041382920047592364,0.26268374267913863,-0.4125820826655229,0.28590783722923696,0.1480296810477011,0.44547380249827917,-0.01873151667076023,-0.3473734036880387,0.2786482804985617,0.25145898627621044,0.05106230393679567,0.35137742557567186,-0.12621819023308412,-0.06477542606409514,0.18473609979579209,-0.12012102349745746,0.11007455590148574,-0.3501731185000061,-0.6783877353829055,0.21958115934813982,0.21237736663315587,0.06443422892964179,-0.41726249722928266,0.3410532561447397,-0.04644262022413059,-0.1838787844958869,-0.2785903340854965,-0.006024169306185101,0.0,0.03535875074140726,0.25665957337295353,-0.418606251971708,0.27988366792305186,0.11267093030629383,0.4101150517568719,-0.05409026741216749,-0.38273215442944597,0.24328952975715445,0.21610023553480318,0.01570355319538841,0.3160186748342646,-0.16157694097449138,-0.1001341768055024,0.14937734905438482,-0.15547977423886472,0.07471580516007847,-0.38553186924141336,-0.7137464861243128,0.18422240860673256,0.1770186158917486,0.029075478188234527,-0.4526212479706899,0.30569450540333243,-0.08180137096553786,-0.21923753523729417,-0.31394908482690376,-0.041382920047592364,-0.03535875074140726,0.0,0.22130082263154627,-0.45396500271311524,0.2445249171816446,-0.10862989232525244,0.18881422912532564,-0.27539109004371376,-0.6040329770609922,0.021988707125608187,-0.005200587096743092,-0.20559726943615786,0.09471785220271833,-0.38287776360603765,-0.3214349994370487,-0.07192347357716145,-0.376780596870411,-0.1465850174714678,-0.6068326918729596,-0.9350473087558591,-0.03707841402481371,-0.04428220673979766,-0.19222534444331174,-0.6739220706022362,0.08439368277178616,-0.3031021935970841,-0.44053835786884044,-0.53524990745845,-0.26268374267913863,-0.25665957337295353,-0.22130082263154627,0.0,-0.6752658253446615,0.02322409455009833,0.5666359330194091,0.8640800544699871,0.39987473530094775,0.07123284828366927,0.6972545324702697,0.6700652382479184,0.46966855590850365,0.7699836775473798,0.29238806173862386,0.35383082590761283,0.6033423517675001,0.2984852284742505,0.5286808078731937,0.06843313347170188,-0.25978148341119756,0.6381874113198478,0.6309836186048638,0.48304048090134977,0.0013437547424253182,0.7596595081164477,0.3721636317475774,0.23472746747582107,0.14001591788621148,0.4125820826655229,0.418606251971708,0.45396500271311524,0.6752658253446615,0.0,0.6984899198947598,-0.13185398687535077,0.1655901345752273,-0.2986151845938121,-0.6272570716110906,-0.001235387424490142,-0.02842468164684142,-0.2288213639862562,0.07149375765262,-0.406101858156136,-0.344659093987147,-0.09514756812725977,-0.4000046914205093,-0.16980911202156612,-0.630056786423058,-0.9582714033059574,-0.06030250857491204,-0.06750630128989599,-0.21544943899341007,-0.6971461651523345,0.06116958822168783,-0.32632628814718245,-0.46376245241893876,-0.5584740020085484,-0.28590783722923696,-0.27988366792305186,-0.2445249171816446,-0.02322409455009833,-0.6984899198947598,0.0
